"UserID","CurrentQue","CurrentRes","NextQue","NextRes"
70743,50787,1,50748,1
70743,50748,1,56928,0
70743,56928,0,56979,1
70743,56979,1,56916,1
70743,56916,1,56904,1
70743,56904,1,50787,1
70743,50787,1,50748,1
70743,50748,1,56928,0
70743,56928,0,56979,1
70743,56979,1,56916,1
70743,56916,1,56904,1
70743,56904,1,71779,1
70743,71779,1,65281,0
70743,65281,0,52828,1
70743,52828,1,97800,1
70743,97800,1,65281,0
70743,65281,0,53263,1
70743,53263,1,59995,1
70743,59995,1,60015,0
70743,60015,0,60035,1
70743,60035,1,60023,1
70743,60023,1,60032,1
70743,60032,1,49280,0
70743,49280,0,49274,1
70743,49274,1,49267,1
70743,49267,1,49290,1
70743,49290,1,54131,1
70743,54131,1,53901,0
70743,53901,0,53897,1
70743,53897,1,53838,0
70743,53838,0,53834,0
70743,53834,0,53975,1
70743,53975,1,53847,0
70743,53847,0,53852,1
70743,53852,1,53896,0
70743,53896,0,53976,1
70743,53976,1,53935,1
70743,53935,1,53843,1
70743,53843,1,84904,1
70743,84904,1,89955,1
70743,89955,1,54083,0
70743,54083,0,54095,0
70743,54095,0,54039,0
70743,54039,0,54099,1
70743,54099,1,54011,0
70743,54011,0,54075,1
70743,54075,1,54043,1
70743,54043,1,54055,1
70743,54055,1,54083,0
70743,54083,0,54015,1
70743,54015,1,53999,1
70743,53999,1,54031,1
70743,54031,1,54379,0
70743,54379,0,54238,1
70743,54238,1,54355,1
70743,54355,1,54301,1
70743,54301,1,54481,0
70743,54481,0,54475,1
70743,54475,1,54490,1
70743,54490,1,54582,1
70743,54582,1,90353,1
70743,90353,1,90187,1
70743,90187,1,54449,1
70743,54449,1,58803,1
70743,58803,1,53775,0
70743,53775,0,53778,1
70743,53778,1,58815,1
70743,58815,1,58824,1
70743,58824,1,56929,1
70743,56929,1,56930,1
70743,56930,1,54084,1
70743,54084,1,54085,1
70743,54085,1,54086,1
70743,54086,1,54096,1
70743,54096,1,54097,1
70743,54097,1,54098,1
70743,54098,1,54040,1
70743,54040,1,54041,1
70743,54041,1,54042,1
70743,54042,1,54012,1
70743,54012,1,54013,1
70743,54013,1,54014,0
70743,54014,0,54380,0
70743,54380,0,54381,1
70743,54381,1,54482,1
70743,54482,1,54483,1
70743,54483,1,54084,0
70743,54084,0,54085,1
70743,54085,1,54086,0
70748,48082,1,48146,1
70748,48146,1,56913,1
70748,56913,1,56973,1
70748,56973,1,57066,1
70748,57066,1,57045,1
70748,57045,1,57066,1
70748,57066,1,57045,1
70748,57045,1,56913,1
70748,56913,1,56973,1
70748,56973,1,73405,0
70748,73405,0,73397,1
70748,73397,1,73417,1
70748,73417,1,73445,1
70748,73445,1,71790,1
70748,71790,1,75287,1
70748,75287,1,87676,0
70748,87676,0,87847,0
70748,87847,0,87678,1
70748,87678,1,87730,1
70748,87730,1,87648,1
70748,87648,1,71407,0
70748,71407,0,71419,1
70748,71419,1,71399,1
70748,71399,1,71425,1
70748,71425,1,84953,0
70748,84953,0,84751,1
70748,84751,1,84834,1
70748,84834,1,84879,1
70748,84879,1,85892,1
70748,85892,1,86053,0
70748,86053,0,86074,1
70748,86074,1,85953,1
70748,85953,1,85925,0
70748,85925,0,86049,1
70748,86049,1,85928,1
70748,85928,1,85964,1
70748,85964,1,61115,0
70748,61115,0,61089,1
70748,61089,1,61102,1
70748,61102,1,61111,1
70748,61111,1,52829,1
70748,52829,1,85724,1
70748,85724,1,53291,1
70748,53291,1,60019,1
70748,60019,1,49270,1
70748,49270,1,85366,1
70748,85366,1,49265,1
70748,49265,1,49268,1
70748,49268,1,49284,1
70748,49284,1,49287,1
70748,49287,1,49262,1
70748,49262,1,87047,1
70748,87047,1,48082,1
70748,48082,1,48146,1
70748,48146,1,86198,0
70748,86198,0,86191,0
70748,86191,0,86172,1
70748,86172,1,86150,1
70748,86150,1,86201,1
70748,86201,1,86205,0
70748,86205,0,54158,0
70748,54158,0,54111,1
70748,54111,1,54161,1
70748,54161,1,54112,1
70748,54112,1,54151,1
70748,54151,1,86844,0
70748,86844,0,86789,0
70748,86789,0,86876,0
70748,86876,0,86836,1
70748,86836,1,87648,1
70748,87648,1,85098,1
70748,85098,1,53765,1
70748,53765,1,60092,1
70748,60092,1,108942,1
70748,108942,1,108933,0
70748,108933,0,108927,1
70748,108927,1,109005,0
70748,109005,0,108924,1
70748,108924,1,109008,1
70748,109008,1,108993,1
70748,108993,1,87847,0
70748,87847,0,87539,0
70748,87539,0,87569,0
70748,87569,0,87517,1
70748,87517,1,87567,1
70748,87567,1,87432,1
70748,87432,1,87426,1
70748,87426,1,87460,1
70748,87460,1,85366,1
70748,85366,1,53765,1
70748,53765,1,51614,1
70748,51614,1,88602,1
70748,88602,1,53849,0
70748,53849,0,53836,1
70748,53836,1,53939,1
70748,53939,1,53960,1
70748,53960,1,89957,1
70748,89957,1,89701,1
70748,89701,1,84896,1
70748,84896,1,89932,0
70748,89932,0,89857,0
70748,89857,0,89920,1
70748,89920,1,89822,1
70748,89822,1,89825,1
70748,89825,1,54063,1
70748,54063,1,54007,1
70748,54007,1,54071,0
70748,54071,0,53983,1
70748,53983,1,54087,1
70748,54087,1,54047,1
70748,54047,1,54208,1
70748,54208,1,54478,1
70748,54478,1,90572,1
70748,90572,1,90010,1
70748,90010,1,54451,0
70748,54451,0,54461,1
70748,54461,1,54433,1
70748,54433,1,54456,1
70748,54456,1,54446,1
70748,54446,1,54574,1
70748,54574,1,90227,1
70748,90227,1,90338,1
70748,90338,1,54280,1
70748,54280,1,53784,1
70748,53784,1,58821,1
70748,58821,1,86555,1
70748,86555,1,58823,1
70748,58823,1,75313,1
70748,75313,1,66783,1
70748,66783,1,55114,1
70748,55114,1,73406,0
70748,73406,0,73407,1
70748,73407,1,73408,1
70748,73408,1,54072,1
70748,54072,1,54073,1
70748,54073,1,54074,0
70748,54074,0,108934,1
70748,108934,1,109006,1
70754,47864,0,47820,0
70754,47820,0,66516,1
70754,66516,1,66177,1
70754,66177,1,66710,1
70754,66710,1,49283,1
70754,49283,1,49270,1
70754,49270,1,49288,1
70754,49288,1,49267,1
70754,49267,1,49268,1
70754,49268,1,49266,1
70754,49266,1,49279,1
70754,49279,1,49264,1
70754,49264,1,49262,1
70754,49262,1,49263,1
70754,49263,1,49267,1
70754,49267,1,54116,1
70754,54116,1,58685,0
70754,58685,0,58715,1
70754,58715,1,71390,0
70754,71390,0,47864,0
70754,47864,0,47820,0
70754,47820,0,53845,0
70754,53845,0,53934,0
70754,53934,0,54027,1
70754,54027,1,54087,1
70754,54087,1,54039,1
70754,54039,1,54047,1
70754,54047,1,54214,1
70754,54214,1,54379,1
70754,54379,1,58824,1
70754,58824,1,58816,1
70754,58816,1,77368,0
70754,77368,0,77369,0
70754,77369,0,47865,1
70754,47865,1,47866,0
70754,47866,0,47867,1
70758,49242,1,49236,1
70758,49236,1,56712,1
70758,56712,1,56766,1
70758,56766,1,56712,1
70758,56712,1,56766,1
70758,56766,1,49242,1
70758,49242,1,49236,1
70758,49236,1,71775,1
70758,71775,1,87844,0
70758,87844,0,87853,1
70758,87853,1,87689,1
70758,87689,1,87748,0
70758,87748,0,87846,0
70758,87846,0,87665,1
70758,87665,1,87652,0
70758,87652,0,87744,1
70758,87744,1,87660,1
70758,87660,1,87635,1
70758,87635,1,84964,1
70758,84964,1,84946,1
70758,84946,1,84829,1
70758,84829,1,85871,1
70758,85871,1,85944,0
70758,85944,0,86050,1
70758,86050,1,85951,1
70758,85951,1,85960,1
70758,85960,1,61095,1
70758,61095,1,85708,1
70758,85708,1,49270,1
70758,49270,1,85427,1
70758,85427,1,53585,1
70758,53585,1,49280,1
70758,49280,1,49289,1
70758,49289,1,49274,1
70758,49274,1,49261,1
70758,49261,1,49264,1
70758,49264,1,87093,1
70758,87093,1,80394,0
70758,80394,0,80592,1
70758,80592,1,80550,1
70758,80550,1,80478,1
70758,80478,1,80628,1
70758,80628,1,54162,0
70758,54162,0,54150,1
70758,54150,1,54109,1
70758,54109,1,54129,1
70758,54129,1,87652,0
70758,87652,0,87660,1
70758,87660,1,87635,1
70758,87635,1,85681,0
70758,85681,0,86097,1
70758,86097,1,85091,1
70758,85091,1,84622,1
70758,84622,1,94892,1
70758,94892,1,94876,1
70758,94876,1,80394,0
70758,80394,0,80592,1
70758,80592,1,80550,1
70758,80550,1,80478,1
70758,80478,1,80628,1
70758,80628,1,89626,1
70758,89626,1,60096,0
70758,60096,0,60103,1
70758,60103,1,60118,0
70758,60118,0,60074,0
70758,60074,0,60079,1
70758,60079,1,60056,1
70758,60056,1,60071,1
70758,60071,1,85217,0
70758,85217,0,85210,0
70758,85210,0,87844,0
70758,87844,0,87853,1
70758,87853,1,87846,0
70758,87846,0,85427,1
70758,85427,1,53585,1
70758,53585,1,58775,1
70758,58775,1,88552,1
70758,88552,1,53923,1
70758,53923,1,54015,1
70758,54015,1,54031,1
70758,54031,1,54059,1
70758,54059,1,54211,1
70758,54211,1,54591,1
70758,54591,1,54453,1
70758,54453,1,54478,1
70758,54478,1,53792,1
70758,53792,1,58827,1
70758,58827,1,86551,0
70758,86551,0,86517,0
70758,86517,0,86326,1
70758,86326,1,86450,1
70758,86450,1,86446,0
70758,86446,0,86349,0
70758,86349,0,86314,1
70758,86314,1,53790,1
70758,53790,1,86353,1
70758,86353,1,86555,0
70758,86555,0,86315,1
70758,86315,1,86525,1
70758,86525,1,86448,1
70758,86448,1,86755,1
70758,86755,1,80395,1
70758,80395,1,80396,1
70758,80396,1,80397,1
70758,80397,1,80398,1
70758,80398,1,80399,1
71192,57087,1,57111,1
71192,57111,1,56943,1
71192,56943,1,56931,1
71192,56931,1,56880,0
71192,56880,0,56880,0
71192,56880,0,57087,1
71192,57087,1,57111,1
71192,57111,1,56943,1
71192,56943,1,56931,1
71192,56931,1,128668,0
71192,128668,0,128646,0
71192,128646,0,128661,0
71198,57069,1,57096,1
71198,57096,1,56835,0
71198,56835,0,49052,1
71198,49052,1,48885,1
71198,48885,1,56913,0
71198,56913,0,56892,0
71198,56892,0,56967,0
71198,56967,0,56934,1
71198,56934,1,56958,1
71198,56958,1,49052,1
71198,49052,1,48885,1
71198,48885,1,56835,0
71198,56835,0,91152,1
71198,91152,1,57069,1
71198,57069,1,57096,1
71198,57096,1,92359,0
71198,92359,0,92371,1
71198,92371,1,92373,1
71198,92373,1,56913,0
71198,56913,0,56892,0
71198,56892,0,56967,0
71198,56967,0,56934,1
71198,56934,1,56958,1
71198,56958,1,56836,1
71198,56836,1,56914,1
71198,56914,1,56915,0
71198,56915,0,56893,1
71198,56893,1,56894,1
71198,56894,1,56968,1
71198,56968,1,56969,1
71215,56895,0,56907,1
71215,56907,1,56946,1
71215,56946,1,56922,1
71215,56922,1,57069,1
71215,57069,1,57045,1
71215,57045,1,56745,1
71215,56745,1,56745,1
71215,56745,1,57069,1
71215,57069,1,57045,1
71215,57045,1,92360,1
71215,92360,1,56895,0
71215,56895,0,56907,1
71215,56907,1,56946,1
71215,56946,1,56922,1
71215,56922,1,56896,1
71215,56896,1,56897,0
71234,49056,1,49040,1
71234,49040,1,56733,1
71234,56733,1,91075,0
71234,91075,0,91059,1
71234,91059,1,91057,1
71234,91057,1,49056,1
71234,49056,1,49040,1
71234,49040,1,91541,0
71234,91541,0,91531,0
71234,91531,0,56733,1
71234,56733,1,92378,1
71809,48889,0,49036,1
71809,49036,1,48893,1
71809,48893,1,49024,1
71809,49024,1,56853,1
71809,56853,1,56757,1
71809,56757,1,56769,1
71809,56769,1,56937,1
71809,56937,1,56976,1
71809,56976,1,48889,0
71809,48889,0,49036,1
71809,49036,1,48893,1
71809,48893,1,49024,1
71809,49024,1,56853,1
71809,56853,1,56757,1
71809,56757,1,56769,1
71809,56769,1,56937,1
71809,56937,1,56976,1
71809,56976,1,87800,0
71809,87800,0,87705,1
71809,87705,1,87723,1
71809,87723,1,87825,1
71809,87825,1,84924,0
71809,84924,0,84933,0
71809,84933,0,84909,0
71809,84909,0,84786,0
71809,84786,0,84784,1
71809,84784,1,84787,0
71809,84787,0,85854,1
71809,85854,1,85961,0
71809,85961,0,85959,1
71809,85959,1,86048,0
71809,86048,0,85939,0
71809,85939,0,85938,0
71809,85938,0,85910,1
71809,85910,1,85927,1
71809,85927,1,61102,1
71809,61102,1,85742,0
71809,85742,0,85698,1
71809,85698,1,85701,1
71809,85701,1,85696,1
71809,85696,1,53561,1
71809,53561,1,49276,1
71809,49276,1,49275,1
71809,49275,1,49277,1
71809,49277,1,49287,1
71809,49287,1,49282,1
71809,49282,1,53545,1
71809,53545,1,49272,1
71809,49272,1,49266,1
71809,49266,1,49262,1
71809,49262,1,49271,1
71809,49271,1,49284,1
71809,49284,1,87108,0
71809,87108,0,87072,0
71809,87072,0,84702,1
71809,84702,1,87800,0
71809,87800,0,87825,1
71809,87825,1,85334,1
71809,85334,1,53561,1
71809,53561,1,85267,1
71809,85267,1,53545,1
71809,53545,1,88620,1
71809,88620,1,89734,1
71809,89734,1,53991,0
71809,53991,0,54027,0
71809,54027,0,54007,0
71809,54007,0,54035,1
71809,54035,1,54071,1
71809,54071,1,53983,0
71809,53983,0,54003,1
71809,54003,1,54031,0
71809,54031,0,54047,1
71809,54047,1,54007,1
71809,54007,1,53999,0
71809,53999,0,53995,0
71809,53995,0,54059,1
71809,54059,1,54035,0
71809,54035,0,54075,0
71809,54075,0,54083,0
71809,54083,0,54099,1
71809,54099,1,54095,1
71809,54095,1,54007,1
71809,54007,1,58812,1
71809,58812,1,86360,0
71809,86360,0,86329,1
71809,86329,1,86555,1
71809,86555,1,86549,1
71809,86549,1,58801,1
71809,58801,1,86341,1
71809,86341,1,53775,1
71809,53775,1,53992,0
71809,53992,0,53993,0
71809,53993,0,53994,1
71809,53994,1,54028,1
71809,54028,1,54029,1
71809,54029,1,54030,0
71809,54030,0,54008,1
71809,54008,1,54009,0
71809,54009,0,54010,1
71809,54010,1,53984,0
71809,53984,0,53985,1
71809,53985,1,53986,0
71809,53986,0,54032,1
71809,54032,1,54033,1
71809,54033,1,54034,1
71809,54034,1,48890,1
71809,48890,1,48891,0
71809,48891,0,48892,1
71809,48892,1,54000,0
71809,54000,0,54001,1
71809,54001,1,54002,0
71809,54002,0,53996,1
71809,53996,1,53997,1
71809,53997,1,53998,0
71809,53998,0,54036,1
71809,54036,1,54037,1
71809,54037,1,54038,0
71809,54038,0,54076,0
71809,54076,0,54077,1
71809,54077,1,54078,1
71809,54078,1,54084,1
71809,54084,1,54085,1
71809,54085,1,54086,1
71824,58407,0,48154,1
71824,48154,1,58432,1
71824,58432,1,48110,1
71824,48110,1,56901,1
71824,56901,1,56940,1
71824,56940,1,56901,1
71824,56901,1,56940,1
71824,56940,1,74532,0
71824,74532,0,74557,1
71824,74557,1,74532,0
71824,74532,0,58407,0
71824,58407,0,58432,1
71824,58432,1,73365,1
71824,73365,1,73405,1
71824,73405,1,71783,1
71824,71783,1,79105,1
71824,79105,1,79147,1
71824,79147,1,75281,1
71824,75281,1,75307,1
71824,75307,1,71420,1
71824,71420,1,52885,1
71824,52885,1,66486,1
71824,66486,1,52815,1
71824,52815,1,62554,1
71824,62554,1,66256,1
71824,66256,1,97776,1
71824,97776,1,97868,1
71824,97868,1,97836,1
71824,97836,1,97892,1
71824,97892,1,97804,1
71824,97804,1,62554,1
71824,62554,1,53290,1
71824,53290,1,66644,1
71824,66644,1,53337,1
71824,53337,1,60003,0
71824,60003,0,59995,0
71824,59995,0,60029,0
71824,60029,0,60024,1
71824,60024,1,60018,0
71824,60018,0,60019,1
71824,60019,1,60025,1
71824,60025,1,60000,1
71824,60000,1,49287,1
71824,49287,1,85423,1
71824,85423,1,53629,1
71824,53629,1,80526,1
71824,80526,1,80514,1
71824,80514,1,80376,1
71824,80376,1,80436,1
71824,80436,1,80400,1
71824,80400,1,48154,1
71824,48154,1,48110,1
71824,48110,1,54109,0
71824,54109,0,54150,0
71824,54150,0,54104,1
71824,54104,1,54112,1
71824,54112,1,54156,0
71824,54156,0,54135,0
71824,54135,0,54149,0
71824,54149,0,54130,1
71824,54130,1,89678,1
71824,89678,1,80526,1
71824,80526,1,80514,1
71824,80514,1,80376,1
71824,80376,1,80436,1
71824,80436,1,80400,1
71824,80400,1,85423,1
71824,85423,1,53629,1
71824,53629,1,53882,1
71824,53882,1,89858,1
71824,89858,1,89714,1
71824,89714,1,54099,0
71824,54099,0,54063,0
71824,54063,0,54039,1
71824,54039,1,53991,1
71824,53991,1,54067,1
71824,54067,1,54091,1
71824,54091,1,54055,1
71824,54055,1,54208,1
71824,54208,1,54523,1
71824,54523,1,90578,1
71824,90578,1,90201,1
71824,90201,1,54455,1
71824,54455,1,53780,0
71824,53780,0,58815,1
71824,58815,1,53798,1
71824,53798,1,58808,1
71824,58808,1,58819,1
71824,58819,1,92970,1
71824,92970,1,66843,0
71824,66843,0,66844,1
71824,66844,1,66845,0
71824,66845,0,51153,1
71824,51153,1,66801,0
71824,66801,0,66802,1
71824,66802,1,66803,0
71824,66803,0,55048,1
71824,55048,1,74533,1
71824,74533,1,74534,0
71824,74534,0,74535,1
71824,74535,1,74536,0
71824,74536,0,54100,1
71824,54100,1,54101,1
71824,54101,1,54102,1
71824,54102,1,54064,0
71824,54064,0,54065,1
71824,54065,1,54066,1
71824,54066,1,58408,0
71824,58408,0,58409,1
71824,58409,1,58410,0
71824,58410,0,58411,1
73100,56862,0,56862,0
73100,56862,0,89189,0
73100,89189,0,89080,1
73100,89080,1,89181,0
73100,89181,0,89094,1
73100,89094,1,89089,1
73100,89089,1,89070,1
73100,89070,1,89172,0
73100,89172,0,71791,0
73100,71791,0,71776,1
73100,71776,1,71788,1
73100,71788,1,71769,1
73100,71769,1,84942,0
73100,84942,0,84935,1
73100,84935,1,84946,1
73100,84946,1,84960,1
73100,84960,1,61115,0
73100,61115,0,61111,1
73100,61111,1,61117,0
73100,61117,0,61104,0
73100,61104,0,85870,0
73100,85870,0,85802,1
73100,85802,1,85878,1
73100,85878,1,85891,1
73100,85891,1,85951,0
73100,85951,0,85963,0
73100,85963,0,85727,1
73100,85727,1,52841,1
73100,52841,1,85740,1
73100,85740,1,66505,1
73100,66505,1,62598,1
73100,62598,1,52822,1
73100,52822,1,65649,0
73100,65649,0,65833,0
73100,65833,0,65793,1
73100,65793,1,65613,1
73100,65613,1,66226,0
73100,66226,0,66265,0
73100,66265,0,66229,0
73100,66229,0,66254,0
73100,66254,0,66311,1
73100,66311,1,62598,1
73100,62598,1,97888,0
73100,97888,0,97884,0
73100,97884,0,97864,1
73100,97864,1,97792,0
73100,97792,0,97832,1
73100,97832,1,97880,0
73100,97880,0,97900,0
73100,97900,0,97824,0
73100,97824,0,97848,0
73100,97848,0,97816,0
73100,97816,0,97868,1
73100,97868,1,97912,1
73100,97912,1,97904,1
73100,97904,1,97924,0
73100,97924,0,97808,1
73100,97808,1,97784,1
73100,97784,1,97776,0
73100,97776,0,97920,1
73100,97920,1,97916,0
73100,97916,0,97896,0
73100,97896,0,97892,1
73100,97892,1,66573,1
73100,66573,1,53318,0
73100,53318,0,53336,0
73100,53336,0,53340,1
73100,53340,1,53316,1
73100,53316,1,53267,0
73100,53267,0,78921,0
73100,78921,0,79068,0
73100,79068,0,79008,1
73100,79008,1,78968,1
73100,78968,1,78933,0
73100,78933,0,78949,0
73100,78949,0,79042,0
73100,79042,0,79014,0
73100,79014,0,78881,0
73100,78881,0,78912,0
73100,78912,0,79030,0
73100,79030,0,78985,0
73100,78985,0,78992,0
73100,78992,0,78956,0
73100,78956,0,79049,0
73100,79049,0,79017,0
73100,79017,0,78965,0
73100,78965,0,78941,1
73100,78941,1,78873,0
73100,78873,0,78882,0
73100,78882,0,79035,0
73100,79035,0,78907,1
73100,78907,1,78861,0
73100,78861,0,78957,0
73100,78957,0,79078,0
73100,79078,0,78905,0
73100,78905,0,78954,1
73100,78954,1,78929,0
73100,78929,0,79012,1
73100,79012,1,78921,0
73100,78921,0,79068,0
73100,79068,0,79008,1
73100,79008,1,78968,1
73100,78968,1,78933,0
73100,78933,0,78949,0
73100,78949,0,79042,0
73100,79042,0,79014,0
73100,79014,0,78881,0
73100,78881,0,78912,0
73100,78912,0,79030,0
73100,79030,0,78985,0
73100,78985,0,78992,0
73100,78992,0,78956,0
73100,78956,0,79049,0
73100,79049,0,79017,0
73100,79017,0,78965,0
73100,78965,0,78941,1
73100,78941,1,78873,0
73100,78873,0,78882,0
73100,78882,0,79035,0
73100,79035,0,78907,1
73100,78907,1,78861,0
73100,78861,0,78957,0
73100,78957,0,79078,0
73100,79078,0,78905,0
73100,78905,0,78954,1
73100,78954,1,78929,0
73100,78929,0,79012,1
73100,79012,1,59977,0
73100,59977,0,59988,0
73100,59988,0,59987,1
73100,59987,1,60024,0
73100,60024,0,60004,0
73100,60004,0,49275,1
73100,49275,1,85358,0
73100,85358,0,84797,1
73100,84797,1,53609,1
73100,53609,1,85366,0
73100,85366,0,84821,0
73100,84821,0,53573,0
73100,53573,0,53553,1
73100,53553,1,53561,1
73100,53561,1,53585,1
73100,53585,1,49270,1
73100,49270,1,49262,1
73100,49262,1,49275,1
73100,49275,1,49287,1
73100,49287,1,49268,0
73100,49268,0,49286,1
73100,49286,1,49272,1
73100,49272,1,49267,1
73100,49267,1,49288,1
73100,49288,1,49277,0
73100,49277,0,53645,1
73100,53645,1,49278,1
73100,49278,1,49284,1
73100,49284,1,49280,1
73100,49280,1,49289,1
73100,49289,1,49290,1
73100,49290,1,87043,0
73100,87043,0,86159,0
73100,86159,0,86167,0
73100,86167,0,86156,0
73100,86156,0,86153,0
73100,86153,0,86143,1
73100,86143,1,86151,0
73100,86151,0,86155,0
73100,86155,0,54128,0
73100,54128,0,54146,0
73100,54146,0,54153,1
73100,54153,1,54136,1
73100,54136,1,54141,1
73100,54141,1,54123,0
73100,54123,0,71359,1
73100,71359,1,84776,0
73100,84776,0,85462,0
73100,85462,0,85486,0
73100,85486,0,84752,0
73100,84752,0,84761,0
73100,84761,0,85462,1
73100,85462,1,85295,0
73100,85295,0,85298,0
73100,85298,0,53657,0
73100,53657,0,53733,0
73100,53733,0,89651,0
73100,89651,0,89695,1
73100,89695,1,89606,0
73100,89606,0,78921,0
73100,78921,0,79068,0
73100,79068,0,79008,1
73100,79008,1,78968,1
73100,78968,1,78933,0
73100,78933,0,78949,0
73100,78949,0,79042,0
73100,79042,0,89608,0
73100,89608,0,89646,0
73100,89646,0,89657,0
73100,89657,0,89591,1
73100,89591,1,89618,0
73100,89618,0,89620,1
73100,89620,1,89625,1
73100,89625,1,79014,0
73100,79014,0,78881,0
73100,78881,0,78912,0
73100,78912,0,79030,0
73100,79030,0,78985,0
73100,78985,0,78992,0
73100,78992,0,78956,0
73100,78956,0,79049,0
73100,79049,0,79017,0
73100,79017,0,78965,0
73100,78965,0,78941,1
73100,78941,1,89603,0
73100,89603,0,89639,1
73100,89639,1,78873,0
73100,78873,0,78882,0
73100,78882,0,79035,0
73100,79035,0,78907,1
73100,78907,1,78861,0
73100,78861,0,78957,0
73100,78957,0,79078,0
73100,79078,0,78905,0
73100,78905,0,78954,1
73100,78954,1,78929,0
73100,78929,0,79012,1
73100,79012,1,128661,0
73100,128661,0,85595,0
73100,85595,0,128651,0
73100,128651,0,128662,0
73100,128662,0,85604,0
73100,85604,0,85626,0
73100,85626,0,85623,1
73100,85623,1,85580,1
73100,85580,1,85612,0
73100,85612,0,128669,0
73100,128669,0,85625,1
73100,85625,1,85617,0
73100,85617,0,85358,0
73100,85358,0,84776,0
73100,84776,0,85462,0
73100,85462,0,84797,1
73100,84797,1,85486,0
73100,85486,0,85273,1
73100,85273,1,85270,1
73100,85270,1,53609,1
73100,53609,1,85337,1
73100,85337,1,84752,0
73100,84752,0,85366,0
73100,85366,0,84761,0
73100,84761,0,85462,1
73100,85462,1,84821,0
73100,84821,0,85335,1
73100,85335,1,85295,0
73100,85295,0,85298,0
73100,85298,0,53573,0
73100,53573,0,53553,1
73100,53553,1,53561,1
73100,53561,1,53657,0
73100,53657,0,53585,1
73100,53585,1,53733,0
73100,53733,0,53645,1
73100,53645,1,51620,0
73100,51620,0,88211,0
73100,88211,0,88401,1
73100,88401,1,88235,0
73100,88235,0,88249,1
73100,88249,1,88240,1
73100,88240,1,88205,1
73100,88205,1,88612,1
73100,88612,1,53877,0
73100,53877,0,53880,1
73100,53880,1,89750,1
73100,89750,1,89901,1
73100,89901,1,89703,1
73100,89703,1,89956,1
73100,89956,1,89666,0
73100,89666,0,89736,0
73100,89736,0,89744,1
73100,89744,1,84890,1
73100,84890,1,89667,1
73100,89667,1,53849,0
73100,53849,0,89897,1
73100,89897,1,54095,0
73100,54095,0,54011,0
73100,54011,0,54039,0
73100,54039,0,54051,0
73100,54051,0,54015,1
73100,54015,1,53987,1
73100,53987,1,54031,1
73100,54031,1,53983,1
73100,53983,1,54031,0
73100,54031,0,54095,0
73100,54095,0,53991,0
73100,53991,0,54079,1
73100,54079,1,54091,1
73100,54091,1,54087,1
73100,54087,1,53995,0
73100,53995,0,54035,0
73100,54035,0,53991,0
73100,53991,0,54007,0
73100,54007,0,54091,0
73100,54091,0,54075,0
73100,54075,0,54067,1
73100,54067,1,54460,0
73100,54460,0,54169,1
73100,54169,1,54172,1
73100,54172,1,90534,1
73100,90534,1,90055,1
73100,90055,1,54499,1
73100,54499,1,90597,1
73100,90597,1,90188,1
73100,90188,1,90440,1
73100,90440,1,90124,0
73100,90124,0,90125,0
73100,90125,0,54400,1
73100,54400,1,58814,0
73100,58814,0,58812,1
73100,58812,1,58807,0
73100,58807,0,53777,0
73100,53777,0,53778,0
73100,53778,0,53797,0
73100,53797,0,58809,1
73100,58809,1,58798,1
73100,58798,1,53780,0
73100,53780,0,53780,0
73100,53780,0,53796,0
73100,53796,0,53800,1
73100,53800,1,58811,1
73100,58811,1,53778,1
73100,53778,1,53781,1
73100,53781,1,86342,0
73100,86342,0,86360,0
73100,86360,0,86450,0
73100,86450,0,58811,0
73100,58811,0,58817,1
73100,58817,1,53785,0
73100,53785,0,58826,1
73100,58826,1,53792,1
73100,53792,1,53795,0
73100,53795,0,58812,1
73100,58812,1,86611,0
73100,86611,0,66834,0
73100,66834,0,66835,0
73100,66835,0,66836,0
73100,66836,0,66849,0
73100,66849,0,66850,0
73100,66850,0,66851,0
73100,66851,0,54096,1
73100,54096,1,54097,1
73100,54097,1,54098,1
73100,54098,1,54012,1
73100,54012,1,54013,0
73100,54013,0,54014,1
73100,54014,1,54040,0
73100,54040,0,54041,1
73100,54041,1,54042,1
73100,54042,1,54052,1
73100,54052,1,54053,1
73100,54053,1,54054,1
73100,54054,1,85359,0
73100,85359,0,85360,1
73100,85360,1,85361,0
73100,85361,0,84777,1
73100,84777,1,84778,1
73100,84778,1,85463,1
73100,85463,1,85464,1
73100,85464,1,85465,1
73100,85465,1,85487,1
73100,85487,1,85488,1
73100,85488,1,85489,1
73100,85489,1,54032,1
73100,54032,1,54033,1
73100,54033,1,54034,1
73100,54034,1,54096,1
73100,54096,1,54097,1
73100,54097,1,54098,1
73100,54098,1,53992,0
73100,53992,0,53993,0
73100,53993,0,53994,1
73100,53994,1,84753,0
73100,84753,0,84754,0
73100,84754,0,85367,0
73100,85367,0,85368,1
73100,85368,1,85369,0
73100,85369,0,84762,1
73100,84762,1,84763,0
73100,84763,0,84822,0
73100,84822,0,84823,1
73100,84823,1,84824,0
73100,84824,0,85296,0
73100,85296,0,85297,1
73100,85297,1,85299,0
73100,85299,0,85300,1
73100,85300,1,53574,1
73100,53574,1,53575,1
73100,53575,1,53576,1
73100,53576,1,53658,1
73100,53658,1,53659,1
73100,53659,1,53660,1
73100,53660,1,53996,0
73100,53996,0,53997,1
73100,53997,1,53998,1
73100,53998,1,54036,0
73100,54036,0,54037,1
73100,54037,1,54038,1
73100,54038,1,53992,1
73100,53992,1,53993,0
73100,53993,0,53994,1
73100,53994,1,54008,1
73100,54008,1,54009,1
73100,54009,1,54010,1
73100,54010,1,54092,0
73100,54092,0,54093,1
73100,54093,1,54094,0
73100,54094,0,65650,0
73100,65650,0,53734,1
73100,53734,1,53735,1
73100,53735,1,53736,0
73100,53736,0,54076,1
73100,54076,1,54077,1
73100,54077,1,54078,1
73100,54078,1,65651,0
73100,65651,0,65652,0
73100,65652,0,65834,0
73100,65834,0,65835,1
73100,65835,1,65836,0
73100,65836,0,97890,1
73100,97890,1,97885,1
73100,97885,1,97793,1
73100,97793,1,97882,1
73100,97882,1,97901,1
73100,97901,1,97825,1
73100,97825,1,97851,1
73100,97851,1,97818,1
73100,97818,1,97927,1
73100,97927,1,97779,1
73100,97779,1,97917,1
73100,97917,1,97899,1
73100,97899,1,56863,1
73100,56863,1,56864,0
74673,57054,1,57087,1
74673,57087,1,56925,1
74673,56925,1,56919,1
74673,56919,1,48062,1
74673,48062,1,48054,1
74673,48054,1,57629,1
74673,57629,1,57614,1
74673,57614,1,57054,1
74673,57054,1,57087,1
74673,57087,1,56925,1
74673,56925,1,56919,1
74673,56919,1,73397,1
74673,73397,1,73347,1
74673,73347,1,71776,1
74673,71776,1,75298,1
74673,75298,1,87677,1
74673,87677,1,87859,1
74673,87859,1,71399,1
74673,71399,1,61098,1
74673,61098,1,85944,0
74673,85944,0,85898,1
74673,85898,1,86072,1
74673,86072,1,85960,1
74673,85960,1,84829,1
74673,84829,1,84960,1
74673,84960,1,84935,1
74673,84935,1,85822,1
74673,85822,1,84909,1
74673,84909,1,84953,1
74673,84953,1,84919,1
74673,84919,1,85850,1
74673,85850,1,85911,0
74673,85911,0,86048,1
74673,86048,1,85970,1
74673,85970,1,85959,1
74673,85959,1,61111,1
74673,61111,1,52842,1
74673,52842,1,52906,1
74673,52906,1,85702,1
74673,85702,1,66091,1
74673,66091,1,66344,1
74673,66344,1,85719,1
74673,85719,1,66091,1
74673,66091,1,97792,1
74673,97792,1,97872,1
74673,97872,1,97856,1
74673,97856,1,97844,1
74673,97844,1,97916,0
74673,97916,0,97876,1
74673,97876,1,97824,0
74673,97824,0,97820,1
74673,97820,1,97808,1
74673,97808,1,97848,1
74673,97848,1,66265,1
74673,66265,1,97804,1
74673,97804,1,97836,1
74673,97836,1,53269,1
74673,53269,1,53303,1
74673,53303,1,66689,1
74673,66689,1,78937,1
74673,78937,1,79008,1
74673,79008,1,78882,1
74673,78882,1,78912,1
74673,78912,1,78968,1
74673,78968,1,78937,1
74673,78937,1,79008,1
74673,79008,1,78882,1
74673,78882,1,78912,1
74673,78912,1,78968,1
74673,78968,1,60030,1
74673,60030,1,88466,1
74673,88466,1,49265,1
74673,49265,1,49284,1
74673,49284,1,49281,1
74673,49281,1,49267,1
74673,49267,1,49275,1
74673,49275,1,49265,1
74673,49265,1,53593,1
74673,53593,1,49268,1
74673,49268,1,49283,1
74673,49283,1,49278,1
74673,49278,1,49273,1
74673,49273,1,49264,1
74673,49264,1,87061,1
74673,87061,1,87092,1
74673,87092,1,48062,1
74673,48062,1,48054,1
74673,48054,1,86159,1
74673,86159,1,86163,1
74673,86163,1,86227,0
74673,86227,0,86220,1
74673,86220,1,86188,1
74673,86188,1,86191,1
74673,86191,1,54161,1
74673,54161,1,54157,1
74673,54157,1,86880,0
74673,86880,0,86835,1
74673,86835,1,86887,1
74673,86887,1,86792,1
74673,86792,1,71354,1
74673,71354,1,85652,1
74673,85652,1,85651,1
74673,85651,1,85301,1
74673,85301,1,53729,1
74673,53729,1,85506,1
74673,85506,1,78937,1
74673,78937,1,79008,1
74673,79008,1,78882,1
74673,78882,1,78912,1
74673,78912,1,78968,1
74673,78968,1,80870,1
74673,80870,1,80702,1
74673,80702,1,80862,1
74673,80862,1,80850,1
74673,80850,1,80898,1
74673,80898,1,60058,0
74673,60058,0,60125,1
74673,60125,1,60102,1
74673,60102,1,60101,1
74673,60101,1,60108,0
74673,60108,0,60049,1
74673,60049,1,60144,1
74673,60144,1,60082,1
74673,60082,1,109008,1
74673,109008,1,108957,1
74673,108957,1,108939,1
74673,108939,1,108921,1
74673,108921,1,108918,1
74673,108918,1,108939,1
74673,108939,1,71376,1
74673,71376,1,58684,1
74673,58684,1,58700,0
74673,58700,0,58711,1
74673,58711,1,58682,1
74673,58682,1,58668,1
74673,58668,1,86273,1
74673,86273,1,87859,1
74673,87859,1,128669,0
74673,128669,0,85590,1
74673,85590,1,128657,0
74673,128657,0,85625,1
74673,85625,1,128642,1
74673,128642,1,128654,1
74673,128654,1,85598,1
74673,85598,1,85624,1
74673,85624,1,87598,1
74673,87598,1,87540,1
74673,87540,1,87550,1
74673,87550,1,87435,1
74673,87435,1,87537,1
74673,87537,1,88022,1
74673,88022,1,85301,1
74673,85301,1,53729,1
74673,53729,1,85506,1
74673,85506,1,53593,1
74673,53593,1,58789,1
74673,58789,1,58777,1
74673,58777,1,88531,1
74673,88531,1,88601,1
74673,88601,1,53965,1
74673,53965,1,89663,1
74673,89663,1,89910,1
74673,89910,1,89666,1
74673,89666,1,89919,1
74673,89919,1,89728,1
74673,89728,1,54087,1
74673,54087,1,54027,0
74673,54027,0,54079,1
74673,54079,1,54083,1
74673,54083,1,54099,1
74673,54099,1,53983,1
74673,53983,1,53983,1
74673,53983,1,54385,1
74673,54385,1,54484,1
74673,54484,1,90473,1
74673,90473,1,90001,1
74673,90001,1,54462,1
74673,54462,1,54461,1
74673,54461,1,54541,1
74673,54541,1,90121,1
74673,90121,1,90581,1
74673,90581,1,54415,1
74673,54415,1,54456,1
74673,54456,1,54591,1
74673,54591,1,58818,1
74673,58818,1,58810,1
74673,58810,1,86533,1
74673,86533,1,53784,1
74673,53784,1,86537,1
74673,86537,1,58821,1
74673,58821,1,75311,1
74673,75311,1,66789,1
74673,66789,1,66837,1
74673,66837,1,66855,1
74673,66855,1,66825,1
74673,66825,1,85034,1
74673,85034,1,50994,1
74673,50994,1,51104,1
74673,51104,1,55128,1
74673,55128,1,54028,0
74673,54028,0,54029,1
74673,54029,1,54030,1
74673,54030,1,97918,1
74673,97918,1,97825,1
74704,49056,1,49052,1
74704,49052,1,56928,0
74704,56928,0,56949,1
74704,56949,1,56916,1
74704,56916,1,56898,1
74704,56898,1,49056,1
74704,49056,1,49052,1
74704,49052,1,56928,0
74704,56928,0,56949,1
74704,56949,1,56916,1
74704,56916,1,56898,1
74704,56898,1,74574,1
74704,74574,1,74563,1
74704,74563,1,75636,0
74704,75636,0,75678,1
74704,75678,1,75672,0
74704,75672,0,75671,1
74704,75671,1,75658,1
74704,75658,1,75717,1
74704,75717,1,75598,1
74704,75598,1,86482,1
74704,86482,1,94985,1
74704,94985,1,94984,1
74704,94984,1,94992,1
74704,94992,1,94979,1
74704,94979,1,85794,1
74704,85794,1,85967,0
74704,85967,0,85904,0
74704,85904,0,85940,1
74704,85940,1,85907,1
74704,85907,1,85906,1
74704,85906,1,61110,0
74704,61110,0,61095,0
74704,61095,0,61107,1
74704,61107,1,61103,0
74704,61103,0,61091,1
74704,61091,1,84932,1
74704,84932,1,84919,1
74704,84919,1,84728,1
74704,84728,1,97824,1
74704,97824,1,97796,1
74704,97796,1,97928,1
74704,97928,1,97904,1
74704,97904,1,97792,1
74704,97792,1,78993,0
74704,78993,0,79054,0
74704,79054,0,78993,0
74704,78993,0,79054,0
74704,79054,0,60025,1
74704,60025,1,88434,1
74704,88434,1,49263,1
74704,49263,1,49264,1
74704,49264,1,49290,1
74704,49290,1,49265,1
74704,49265,1,49269,1
74704,49269,1,49283,1
74704,49283,1,49261,1
74704,49261,1,49267,1
74704,49267,1,49285,1
74704,49285,1,49289,1
74704,49289,1,71362,1
74704,71362,1,85310,1
74704,85310,1,78993,0
74704,78993,0,79054,0
74704,79054,0,108993,0
74704,108993,0,108912,1
74704,108912,1,108936,1
74704,108936,1,108963,1
74704,108963,1,85310,1
74704,85310,1,84889,1
74704,84889,1,89893,1
74704,89893,1,89946,1
74704,89946,1,53864,1
74704,53864,1,54055,1
74704,54055,1,54003,1
74704,54003,1,54244,1
74704,54244,1,54172,1
74704,54172,1,89989,0
74704,89989,0,90127,1
74704,90127,1,90227,1
74704,90227,1,90151,1
74704,90151,1,54181,1
74704,54181,1,54611,1
74704,54611,1,58825,1
74704,58825,1,58807,1
74704,58807,1,53799,1
74704,53799,1,86361,0
74704,86361,0,86318,1
74704,86318,1,86537,1
74704,86537,1,86556,1
74704,86556,1,77444,0
74704,77444,0,77445,1
74704,77445,1,77446,0
74704,77446,0,77447,1
74704,77447,1,77536,1
74704,77536,1,77520,0
74704,77520,0,77521,1
74704,77521,1,77522,1
74704,77522,1,77523,1
74704,77523,1,77540,1
74704,77540,1,77528,1
74704,77528,1,77440,1
74704,77440,1,76331,1
74704,76331,1,107890,0
74704,107890,0,107892,1
74704,107892,1,107893,1
74704,107893,1,107894,1
74704,107894,1,108293,0
74704,108293,0,108295,1
74704,108295,1,108296,1
74704,108296,1,108297,1
74704,108297,1,108258,1
74704,108258,1,107895,0
74704,107895,0,107896,1
74704,107896,1,55013,1
74704,55013,1,56929,1
74704,56929,1,56930,1
74704,56930,1,89990,1
74704,89990,1,89991,1
74704,89991,1,108994,1
76033,74030,1,74105,1
76033,74105,1,73571,0
76033,73571,0,74282,0
76033,74282,0,74306,1
76033,74306,1,74290,1
76033,74290,1,74294,1
76033,74294,1,74424,1
76033,74424,1,74477,0
76033,74477,0,74547,0
76033,74547,0,74428,1
76033,74428,1,74462,0
76033,74462,0,73571,0
76033,73571,0,74573,1
76033,74573,1,74578,1
76033,74578,1,74282,0
76033,74282,0,74306,1
76033,74306,1,74290,1
76033,74290,1,74294,1
76033,74294,1,74424,1
76033,74424,1,74477,0
76033,74477,0,74547,0
76033,74547,0,74428,1
76033,74428,1,74462,0
76033,74462,0,73409,1
76033,73409,1,73389,1
76033,73389,1,74016,1
76033,74016,1,74002,1
76033,74002,1,74000,1
76033,74000,1,74025,1
76033,74025,1,74030,1
76033,74030,1,74105,1
76033,74105,1,74404,1
76033,74404,1,92991,1
76033,92991,1,73572,0
76033,73572,0,74283,1
76033,74283,1,74284,0
76033,74284,0,74285,0
76033,74285,0,74478,1
76033,74478,1,74479,0
76033,74479,0,74480,0
76033,74480,0,74481,1
76033,74481,1,74548,1
76033,74548,1,74549,1
76033,74549,1,74550,0
76033,74550,0,74551,1
76033,74551,1,73574,0
76033,73574,0,73573,0
76033,73573,0,74463,1
76033,74463,1,74464,1
76033,74464,1,74465,0
76033,74465,0,74466,0
77881,56880,0,56880,0
77881,56880,0,196456,0
77881,196456,0,140152,0
77881,140152,0,140299,0
77881,140299,0,54265,1
77881,54265,1,148837,0
77881,148837,0,148806,0
77881,148806,0,148793,0
77881,148793,0,148820,0
77881,148820,0,148776,0
77881,148776,0,160553,0
77881,160553,0,160376,0
77881,160376,0,160423,0
77881,160423,0,134722,0
77881,134722,0,134723,0
77881,134723,0,170171,0
77881,170171,0,170172,0
77881,170172,0,170325,0
77881,170325,0,128397,0
77881,128397,0,128398,0
77881,128398,0,128409,0
77881,128409,0,56881,1
77881,56881,1,56882,0
77881,56882,0,140300,0
77990,58362,0,48122,1
77990,48122,1,58462,1
77990,58462,1,48114,1
77990,48114,1,74497,0
77990,74497,0,74487,0
77990,74487,0,74497,0
77990,74497,0,74487,0
77990,74487,0,73461,1
77990,73461,1,73449,1
77990,73449,1,58362,0
77990,58362,0,58462,1
77990,58462,1,48122,1
77990,48122,1,48114,1
77990,48114,1,87006,1
77990,87006,1,87741,1
77990,87741,1,87492,1
77990,87492,1,88190,0
77990,88190,0,88144,1
77990,88144,1,88097,0
77990,88097,0,88107,1
77990,88107,1,88178,1
77990,88178,1,88112,1
77990,88112,1,87998,1
77990,87998,1,88385,1
77990,88385,1,74498,0
77990,74498,0,74499,0
77990,74499,0,74500,0
77990,74500,0,74501,0
77990,74501,0,74488,1
77990,74488,1,74489,0
77990,74489,0,74490,0
77990,74490,0,58363,0
77990,58363,0,58364,0
77990,58364,0,58365,1
77990,58365,1,58366,1
77991,48158,1,48170,1
77991,48170,1,74428,0
77991,74428,0,74547,0
77991,74547,0,74428,0
77991,74428,0,74547,0
77991,74547,0,73425,1
77991,73425,1,73461,1
77991,73461,1,48158,1
77991,48158,1,48170,1
77991,48170,1,86964,1
77991,86964,1,87767,1
77991,87767,1,87484,1
77991,87484,1,88173,1
77991,88173,1,88013,1
77991,88013,1,88364,0
77991,88364,0,88345,1
77991,88345,1,88336,1
77991,88336,1,88308,1
77991,88308,1,74429,1
77991,74429,1,74430,0
77991,74430,0,74431,0
77991,74431,0,74548,1
77991,74548,1,74549,0
77992,58502,1,58487,1
77992,58487,1,73347,0
77992,73347,0,73433,0
77992,73433,0,58502,1
77992,58502,1,58487,1
77992,58487,1,73397,1
77992,73397,1,73381,1
77992,73381,1,86975,1
77992,86975,1,87865,0
77992,87865,0,87733,0
77992,87733,0,87815,1
77992,87815,1,87870,1
77992,87870,1,87718,1
77992,87718,1,87549,1
77992,87549,1,88093,1
77992,88093,1,87922,1
77992,87922,1,88315,1
77992,88315,1,73348,0
77992,73348,0,73349,0
77992,73349,0,73350,0
77992,73350,0,73434,0
77992,73434,0,73435,0
77992,73435,0,73436,0
77993,58457,0,48130,0
77993,48130,0,48086,1
77993,48086,1,58427,1
77993,58427,1,48158,1
77993,48158,1,73347,0
77993,73347,0,73397,1
77993,73397,1,73441,1
77993,73441,1,73389,1
77993,73389,1,58457,0
77993,58457,0,58427,1
77993,58427,1,48130,0
77993,48130,0,48086,1
77993,48086,1,48158,1
77993,48158,1,86936,1
77993,86936,1,87693,1
77993,87693,1,87510,1
77993,87510,1,88157,1
77993,88157,1,87951,1
77993,87951,1,88363,0
77993,88363,0,88351,1
77993,88351,1,88395,1
77993,88395,1,88288,1
77993,88288,1,73348,0
77993,73348,0,73349,0
77993,73349,0,73350,0
77993,73350,0,58458,0
77993,58458,0,58459,1
77993,58459,1,58460,0
77993,58460,0,58461,1
77993,58461,1,48131,1
77993,48131,1,48132,0
77993,48132,0,48133,1
77994,48062,1,48066,1
77994,48066,1,74452,0
77994,74452,0,74424,0
77994,74424,0,74416,1
77994,74416,1,74467,1
77994,74467,1,74452,0
77994,74452,0,74424,0
77994,74424,0,74416,1
77994,74416,1,74467,1
77994,74467,1,73401,1
77994,73401,1,73449,1
77994,73449,1,48062,1
77994,48062,1,48066,1
77994,48066,1,86950,1
77994,86950,1,87840,0
77994,87840,0,87721,1
77994,87721,1,87820,0
77994,87820,0,87807,0
77994,87807,0,87812,1
77994,87812,1,87887,1
77994,87887,1,87842,1
77994,87842,1,87573,0
77994,87573,0,87604,1
77994,87604,1,87555,1
77994,87555,1,87509,0
77994,87509,0,87493,1
77994,87493,1,87507,0
77994,87507,0,87479,1
77994,87479,1,88117,1
77994,88117,1,87943,1
77994,87943,1,88387,0
77994,88387,0,88321,1
77994,88321,1,88335,0
77994,88335,0,88337,0
77994,88337,0,88360,0
77994,88360,0,88333,1
77994,88333,1,88368,1
77994,88368,1,74453,0
77994,74453,0,74454,0
77994,74454,0,74455,1
77994,74455,1,74456,0
77994,74456,0,74425,1
77994,74425,1,74426,0
77994,74426,0,74427,0
77997,48086,0,58367,1
77997,58367,1,58402,1
77997,58402,1,48082,1
77997,48082,1,58367,1
77997,58367,1,58402,1
77997,58402,1,73445,1
77997,73445,1,73465,0
77997,73465,0,73433,1
77997,73433,1,73453,1
77997,73453,1,73343,1
77997,73343,1,88902,1
77997,88902,1,48086,0
77997,48086,0,48082,1
77997,48082,1,86988,1
77997,86988,1,87716,1
77997,87716,1,87627,0
77997,87627,0,87490,0
77997,87490,0,87492,1
77997,87492,1,87478,1
77997,87478,1,87607,1
77997,87607,1,88113,1
77997,88113,1,87931,1
77997,87931,1,88301,1
77997,88301,1,48087,1
77997,48087,1,48088,0
77997,48088,0,48089,0
77997,48089,0,73466,0
77997,73466,0,73467,1
77997,73467,1,73468,1
77998,58412,1,48142,1
77998,48142,1,74403,1
77998,74403,1,74407,1
77998,74407,1,58412,1
77998,58412,1,73377,1
77998,73377,1,73453,1
77998,73453,1,48142,1
77998,48142,1,86992,0
77998,86992,0,87006,1
77998,87006,1,86983,1
77998,86983,1,86971,1
77998,86971,1,87872,1
77998,87872,1,87509,0
77998,87509,0,87485,1
77998,87485,1,87506,1
77998,87506,1,87624,0
77998,87624,0,87496,1
77998,87496,1,87488,1
77998,87488,1,87626,1
77998,87626,1,88131,0
77998,88131,0,88120,1
77998,88120,1,88151,1
77998,88151,1,88115,1
77998,88115,1,87924,0
77998,87924,0,87974,1
77998,87974,1,87929,0
77998,87929,0,87943,1
77998,87943,1,88017,1
77998,88017,1,87916,0
77998,87916,0,87908,0
77999,58372,0,48166,1
77999,48166,1,58472,1
77999,58472,1,58437,1
77999,58437,1,58372,0
77999,58372,0,58472,1
77999,58472,1,58437,1
77999,58437,1,73457,1
77999,73457,1,73417,1
77999,73417,1,48166,1
77999,48166,1,86974,1
77999,86974,1,87693,0
77999,87693,0,87722,1
77999,87722,1,87734,1
77999,87734,1,87809,1
77999,87809,1,87481,1
77999,87481,1,88093,0
77999,88093,0,88133,0
77999,88133,0,88134,0
77999,88134,0,88129,0
77999,88129,0,88109,0
77999,88109,0,88091,0
77999,88091,0,88135,1
77999,88135,1,87918,0
77999,87918,0,88017,0
77999,88017,0,88040,1
77999,88040,1,87975,1
77999,87975,1,87969,1
77999,87969,1,88352,1
77999,88352,1,58373,0
77999,58373,0,58374,1
77999,58374,1,58375,1
77999,58375,1,58376,1
78000,58472,0,58487,1
78000,58487,1,48098,1
78000,48098,1,48110,1
78000,48110,1,58472,0
78000,58472,0,58487,1
78000,58487,1,73457,1
78000,73457,1,73425,1
78000,73425,1,48098,1
78000,48098,1,48110,1
78000,48110,1,86950,1
78000,86950,1,87718,1
78000,87718,1,87480,0
78000,87480,0,87630,1
78000,87630,1,87522,1
78000,87522,1,87602,1
78000,87602,1,88177,1
78000,88177,1,88014,1
78000,88014,1,88361,0
78000,88361,0,88365,0
78000,88365,0,88327,1
78000,88327,1,88320,1
78000,88320,1,88350,0
78000,88350,0,58473,0
78000,58473,0,58474,1
78000,58474,1,58475,0
78000,58475,0,58476,1
78001,48154,1,48110,1
78001,48110,1,73413,0
78001,73413,0,73357,1
78001,73357,1,73401,1
78001,73401,1,73425,1
78001,73425,1,48154,1
78001,48154,1,48110,1
78001,48110,1,86945,1
78001,86945,1,87870,1
78001,87870,1,87612,1
78001,87612,1,88167,1
78001,88167,1,87960,0
78001,87960,0,87994,1
78001,87994,1,88040,1
78001,88040,1,87961,1
78001,87961,1,88388,1
78001,88388,1,73414,0
78001,73414,0,73415,0
78001,73415,0,73416,0
78002,58457,1,48086,1
78002,48086,1,73405,1
78002,73405,1,73457,1
78002,73457,1,58457,1
78002,58457,1,48086,1
78002,48086,1,86955,1
78002,86955,1,88178,1
78002,88178,1,87998,1
78002,87998,1,88391,1
78003,58427,0,48150,1
78003,48150,1,58412,1
78003,58412,1,58417,1
78003,58417,1,73429,1
78003,73429,1,73413,1
78003,73413,1,58427,0
78003,58427,0,58412,1
78003,58412,1,58417,1
78003,58417,1,88890,1
78003,88890,1,48150,1
78003,48150,1,86959,1
78003,86959,1,87722,0
78003,87722,0,87814,0
78003,87814,0,87720,0
78003,87720,0,87736,0
78003,87736,0,87764,1
78003,87764,1,87818,1
78003,87818,1,87884,1
78003,87884,1,88167,1
78003,88167,1,87902,1
78003,87902,1,88307,1
78003,88307,1,58428,0
78003,58428,0,58429,1
78003,58429,1,58430,0
78003,58430,0,58431,1
78004,48094,1,58397,0
78004,58397,0,58482,1
78004,58482,1,48130,1
78004,48130,1,48126,1
78004,48126,1,73421,1
78004,73421,1,73343,1
78004,73343,1,58397,0
78004,58397,0,58482,1
78004,58482,1,48094,1
78004,48094,1,48130,1
78004,48130,1,48126,1
78004,48126,1,86981,1
78004,86981,1,87695,0
78004,87695,0,87736,1
78004,87736,1,87841,1
78004,87841,1,87771,1
78004,87771,1,87626,0
78004,87626,0,87530,0
78004,87530,0,87475,1
78004,87475,1,87619,1
78004,87619,1,87625,1
78004,87625,1,88159,1
78004,88159,1,87973,1
78004,87973,1,88340,0
78004,88340,0,88338,1
78004,88338,1,88290,1
78004,88290,1,88289,1
78004,88289,1,58398,0
78004,58398,0,58399,1
78004,58399,1,58400,1
78004,58400,1,58401,1
78005,58397,1,58492,1
78005,58492,1,58397,1
78005,58397,1,58492,1
78005,58492,1,73381,1
78005,73381,1,73385,1
78005,73385,1,88880,1
78005,88880,1,86922,1
78005,86922,1,87735,0
78005,87735,0,87806,1
78005,87806,1,87739,1
78005,87739,1,87868,1
78005,87868,1,87579,0
78005,87579,0,87618,0
78005,87618,0,87626,0
78005,87626,0,87555,1
78005,87555,1,87558,1
78005,87558,1,87509,1
78005,87509,1,88134,1
78005,88134,1,87919,0
78005,87919,0,88029,1
78005,88029,1,88015,1
78005,88015,1,87946,1
78005,87946,1,88320,1
78006,48106,1,58397,1
78006,58397,1,74412,0
78006,74412,0,74452,0
78006,74452,0,74412,0
78006,74412,0,74452,0
78006,74452,0,74404,1
78006,74404,1,74402,1
78006,74402,1,74407,1
78006,74407,1,58397,1
78006,58397,1,73417,1
78006,73417,1,73357,1
78006,73357,1,48106,1
78006,48106,1,87001,1
78006,87001,1,87839,0
78006,87839,0,87838,1
78006,87838,1,87888,1
78006,87888,1,87807,1
78006,87807,1,88297,1
78006,88297,1,107809,0
78006,107809,0,107810,0
78006,107810,0,87573,1
78006,87573,1,88151,1
78006,88151,1,87927,1
78006,87927,1,74413,1
78006,74413,1,74414,1
78006,74414,1,74415,0
78006,74415,0,74453,1
78006,74453,1,74454,1
78006,74454,1,74455,0
78006,74455,0,74456,0
78007,58462,1,58387,1
78007,58387,1,58462,1
78007,58462,1,58387,1
78007,58387,1,73365,0
78007,73365,0,73385,0
78007,73385,0,73381,1
78007,73381,1,73441,1
78007,73441,1,73445,1
78007,73445,1,87018,0
78007,87018,0,86973,1
78007,86973,1,86966,1
78007,86966,1,86987,1
78007,86987,1,87716,1
78007,87716,1,87498,0
78007,87498,0,87495,1
78007,87495,1,87505,1
78007,87505,1,87473,1
78007,87473,1,88154,0
78007,88154,0,88147,1
78007,88147,1,88092,1
78007,88092,1,88100,1
78007,88100,1,87918,1
78007,87918,1,88331,1
78007,88331,1,73366,0
78007,73366,0,73367,1
78007,73367,1,73368,0
78007,73368,0,73386,0
78007,73386,0,73387,1
78007,73387,1,73388,1
78010,58362,1,58432,1
78010,58432,1,58362,1
78010,58362,1,58432,1
78010,58432,1,73389,1
78010,73389,1,73385,1
78010,73385,1,53309,1
78010,53309,1,66638,1
78010,66638,1,86980,1
78010,86980,1,88146,1
78010,88146,1,87907,1
78010,87907,1,88395,0
78010,88395,0,88323,1
78010,88323,1,88291,1
78010,88291,1,88371,1
78010,88371,1,107788,1
78010,107788,1,107738,1
78010,107738,1,107851,1
78010,107851,1,107781,1
78010,107781,1,107760,1
78011,58432,1,48154,1
78011,48154,1,58432,1
78011,58432,1,73465,1
78011,73465,1,73421,1
78011,73421,1,53338,1
78011,53338,1,66625,1
78011,66625,1,48154,1
78011,48154,1,86922,1
78011,86922,1,87764,1
78011,87764,1,87483,1
78011,87483,1,88141,1
78011,88141,1,87914,1
78011,87914,1,88390,1
78011,88390,1,107667,1
78011,107667,1,107830,1
78011,107830,1,107802,1
78011,107802,1,107809,1
78011,107809,1,107703,1
78012,48098,0,48158,0
78012,48158,0,58457,1
78012,58457,1,48090,1
78012,48090,1,48134,1
78012,48134,1,58457,1
78012,58457,1,73461,0
78012,73461,0,73413,1
78012,73413,1,73445,1
78012,73445,1,73465,1
78012,73465,1,53271,1
78012,53271,1,66599,1
78012,66599,1,48098,0
78012,48098,0,48158,0
78012,48158,0,48090,1
78012,48090,1,48134,1
78012,48134,1,86964,1
78012,86964,1,87806,1
78012,87806,1,87486,1
78012,87486,1,88116,1
78012,88116,1,87961,0
78012,87961,0,87997,1
78012,87997,1,87976,1
78012,87976,1,88010,1
78012,88010,1,88333,1
78012,88333,1,107738,0
78012,107738,0,107742,1
78012,107742,1,107743,1
78012,107743,1,107744,1
78012,107744,1,107865,0
78012,107865,0,107866,1
78012,107866,1,107867,0
78012,107867,0,107868,0
78012,107868,0,107674,1
78012,107674,1,107781,0
78012,107781,0,107782,1
78012,107782,1,107783,0
78012,107783,0,107784,0
78012,107784,0,107717,0
78012,107717,0,107718,0
78012,107718,0,107719,1
78012,107719,1,107720,1
78012,107720,1,107703,1
78012,107703,1,107809,0
78012,107809,0,107810,1
78012,107810,1,107811,1
78012,107811,1,107812,1
78012,107812,1,107774,1
78012,107774,1,107837,1
78012,107837,1,107753,1
78012,107753,1,48099,1
78012,48099,1,48100,1
78012,48100,1,48101,1
78012,48101,1,48159,0
78012,48159,0,48160,0
78012,48160,0,48161,1
78012,48161,1,73462,0
78012,73462,0,73463,0
78012,73463,0,73464,1
78013,48154,1,48106,1
78013,48106,1,73413,1
78013,73413,1,73361,1
78013,73361,1,53275,1
78013,53275,1,66629,1
78013,66629,1,48154,1
78013,48154,1,48106,1
78013,48106,1,86918,1
78013,86918,1,87700,1
78013,87700,1,87545,1
78013,87545,1,88116,1
78013,88116,1,87973,1
78013,87973,1,88370,1
78013,88370,1,107703,1
78013,107703,1,107802,1
78013,107802,1,107858,1
78013,107858,1,107816,1
78013,107816,1,107710,1
78016,58447,1,48138,1
78016,48138,1,58447,1
78016,58447,1,73453,0
78016,73453,0,73373,1
78016,73373,1,73401,1
78016,73401,1,73389,1
78016,73389,1,53351,0
78016,53351,0,53301,1
78016,53301,1,53329,1
78016,53329,1,53316,1
78016,53316,1,66658,1
78016,66658,1,48138,1
78016,48138,1,86988,1
78016,86988,1,87842,1
78016,87842,1,87622,1
78016,87622,1,88104,1
78016,88104,1,88041,1
78016,88041,1,88368,1
78016,88368,1,107696,0
78016,107696,0,107697,1
78016,107697,1,107698,0
78016,107698,0,107699,1
78016,107699,1,107667,0
78016,107667,0,107668,1
78016,107668,1,107669,1
78016,107669,1,107670,1
78016,107670,1,107753,1
78016,107753,1,107851,0
78016,107851,0,107852,1
78016,107852,1,107853,1
78016,107853,1,107854,1
78016,107854,1,107802,1
78016,107802,1,107674,1
78016,107674,1,107823,0
78016,107823,0,107824,1
78016,107824,1,107825,1
78016,107825,1,107826,1
78016,107826,1,107858,0
78016,107858,0,107862,1
78016,107862,1,107863,1
78016,107863,1,107864,1
78016,107864,1,107738,1
78016,107738,1,107865,1
78016,107865,1,73454,0
78016,73454,0,73455,0
78016,73455,0,73456,1
78017,48122,1,48126,1
78017,48126,1,73457,1
78017,73457,1,73465,1
78017,73465,1,53305,1
78017,53305,1,66687,1
78017,66687,1,48122,1
78017,48122,1,48126,1
78017,48126,1,87008,1
78017,87008,1,87742,1
78017,87742,1,87573,1
78017,87573,1,88173,1
78017,88173,1,87975,1
78017,87975,1,88371,0
78017,88371,0,88318,0
78017,88318,0,88291,0
78017,88291,0,88324,0
78017,88324,0,88390,0
78017,88390,0,88384,0
78017,88384,0,88349,0
78017,88349,0,107774,1
78017,107774,1,107681,0
78017,107681,0,107682,1
78017,107682,1,107683,1
78017,107683,1,107684,1
78017,107684,1,107710,1
78017,107710,1,107795,1
78017,107795,1,107724,1
78017,107724,1,107667,1
78017,107667,1,107674,1
78018,58377,1,58362,1
78018,58362,1,58377,1
78018,58377,1,58362,1
78018,58362,1,73441,1
78018,73441,1,73433,1
78018,73433,1,53312,1
78018,53312,1,66685,1
78018,66685,1,86940,1
78018,86940,1,87841,1
78018,87841,1,87498,1
78018,87498,1,88110,1
78018,88110,1,87940,1
78018,87940,1,88328,1
78018,88328,1,107760,1
78018,107760,1,107858,0
78018,107858,0,107862,1
78018,107862,1,107863,1
78018,107863,1,107864,1
78018,107864,1,107767,1
78018,107767,1,107745,1
78018,107745,1,107872,0
78018,107872,0,107876,1
78018,107876,1,107877,1
78018,107877,1,107878,1
78018,107878,1,107731,1
78018,107731,1,107689,1
78018,107689,1,107717,1
78018,107717,1,107830,1
78018,107830,1,107795,1
78019,48162,1,48166,1
78019,48166,1,73437,1
78019,73437,1,73457,1
78019,73457,1,53313,1
78019,53313,1,66568,1
78019,66568,1,48162,1
78019,48162,1,48166,1
78019,48166,1,86956,1
78019,86956,1,87872,0
78019,87872,0,87577,1
78019,87577,1,88184,1
78019,88184,1,88016,1
78019,88016,1,88367,1
78019,88367,1,107865,1
78019,107865,1,107809,1
78019,107809,1,107844,1
78019,107844,1,107767,0
78019,107767,0,107768,1
78019,107768,1,107769,1
78019,107769,1,107770,1
78019,107770,1,107823,0
78019,107823,0,107827,1
78019,107827,1,107828,1
78019,107828,1,107829,1
78019,107829,1,107837,0
78019,107837,0,107838,0
78019,107838,0,107839,1
78019,107839,1,107840,1
78019,107840,1,107788,1
78019,107788,1,107710,0
78019,107710,0,107711,1
78019,107711,1,107712,1
78019,107712,1,107713,1
78019,107713,1,107703,0
78019,107703,0,107707,1
78019,107707,1,107708,1
78019,107708,1,107709,1
78019,107709,1,107802,1
78020,48150,0,48134,1
78020,48134,1,48130,1
78020,48130,1,58467,1
78020,58467,1,58467,1
78020,58467,1,73441,1
78020,73441,1,73377,1
78020,73377,1,53317,1
78020,53317,1,66644,1
78020,66644,1,48150,0
78020,48150,0,48134,1
78020,48134,1,48130,1
78020,48130,1,86966,1
78020,86966,1,87772,1
78020,87772,1,87626,1
78020,87626,1,88153,1
78020,88153,1,87991,1
78020,87991,1,88390,1
78020,88390,1,107795,1
78020,107795,1,107851,1
78020,107851,1,107681,1
78020,107681,1,107760,1
78020,107760,1,107830,1
78020,107830,1,48151,1
78020,48151,1,48152,0
78020,48152,0,48153,1
78021,58492,1,58507,1
78021,58507,1,58492,1
78021,58492,1,58507,1
78021,58507,1,73413,0
78021,73413,0,73397,1
78021,73397,1,73401,1
78021,73401,1,73445,1
78021,73445,1,53263,1
78021,53263,1,66661,1
78021,66661,1,86973,1
78021,86973,1,87820,1
78021,87820,1,87630,1
78021,87630,1,88109,1
78021,88109,1,88030,1
78021,88030,1,88380,1
78021,88380,1,107703,1
78021,107703,1,107844,1
78021,107844,1,107795,1
78021,107795,1,107865,1
78021,107865,1,107696,1
78021,107696,1,73414,0
78021,73414,0,73415,1
78021,73415,1,73416,1
78022,48074,0,58487,1
78022,58487,1,48082,1
78022,48082,1,58407,1
78022,58407,1,58487,1
78022,58487,1,58407,1
78022,58407,1,73453,0
78022,73453,0,73457,1
78022,73457,1,73361,1
78022,73361,1,53264,1
78022,53264,1,66634,1
78022,66634,1,48074,0
78022,48074,0,48082,1
78022,48082,1,86928,1
78022,86928,1,87889,1
78022,87889,1,87624,1
78022,87624,1,88144,1
78022,88144,1,87994,1
78022,87994,1,88317,1
78022,88317,1,107788,0
78022,107788,0,107792,1
78022,107792,1,107793,1
78022,107793,1,107794,1
78022,107794,1,107795,1
78022,107795,1,107774,1
78022,107774,1,107738,1
78022,107738,1,107767,1
78022,107767,1,107865,0
78022,107865,0,107866,1
78022,107866,1,107867,1
78022,107867,1,107868,1
78022,107868,1,107745,1
78022,107745,1,107731,1
78022,107731,1,107689,1
78022,107689,1,107823,0
78022,107823,0,107824,1
78022,107824,1,107825,1
78022,107825,1,107826,1
78022,107826,1,48075,0
78022,48075,0,48076,1
78022,48076,1,48077,1
78022,48077,1,73454,0
78022,73454,0,73455,1
78022,73455,1,73456,1
78023,48154,1,58507,1
78023,58507,1,58507,1
78023,58507,1,73445,0
78023,73445,0,73465,1
78023,73465,1,73357,1
78023,73357,1,73413,1
78023,73413,1,53287,1
78023,53287,1,66569,1
78023,66569,1,48154,1
78023,48154,1,87003,1
78023,87003,1,87768,1
78023,87768,1,87542,1
78023,87542,1,88178,1
78023,88178,1,87924,1
78023,87924,1,88341,0
78023,88341,0,88336,1
78023,88336,1,88289,1
78023,88289,1,88367,1
78023,88367,1,107781,1
78023,107781,1,107837,1
78023,107837,1,107809,1
78023,107809,1,107816,1
78023,107816,1,107872,1
78023,107872,1,73446,0
78023,73446,0,73447,0
78023,73447,0,73448,1
78024,48114,1,58442,1
78024,58442,1,58442,1
78024,58442,1,73465,1
78024,73465,1,73437,1
78024,73437,1,53289,1
78024,53289,1,66644,1
78024,66644,1,48114,1
78024,48114,1,86970,1
78024,86970,1,87815,1
78024,87815,1,87486,0
78024,87486,0,87476,1
78024,87476,1,87475,1
78024,87475,1,87473,1
78024,87473,1,88149,1
78024,88149,1,87941,1
78024,87941,1,88334,1
78024,88334,1,107823,1
78024,107823,1,107767,0
78024,107767,0,107768,0
78024,107768,0,107769,1
78024,107769,1,107770,1
78024,107770,1,107745,1
78024,107745,1,107667,1
78024,107667,1,107710,1
78024,107710,1,107788,1
78024,107788,1,107830,0
78024,107830,0,107831,1
78024,107831,1,107832,0
78024,107832,0,107833,1
78024,107833,1,107774,1
78024,107774,1,107696,0
78024,107696,0,107700,1
78024,107700,1,107701,1
78024,107701,1,107702,1
78024,107702,1,107809,1
78026,48082,1,48094,1
78026,48094,1,73429,1
78026,73429,1,73449,1
78026,73449,1,53307,1
78026,53307,1,66589,1
78026,66589,1,48082,1
78026,48082,1,48094,1
78026,48094,1,87001,1
78026,87001,1,87699,1
78026,87699,1,87604,0
78026,87604,0,87499,1
78026,87499,1,87472,1
78026,87472,1,87619,1
78026,87619,1,88186,1
78026,88186,1,87971,1
78026,87971,1,88391,0
78026,88391,0,88324,1
78026,88324,1,88392,0
78026,88392,0,88351,1
78026,88351,1,88340,1
78026,88340,1,88296,1
78026,88296,1,107738,1
78026,107738,1,107774,1
78026,107774,1,107830,0
78026,107830,0,107834,1
78026,107834,1,107835,1
78026,107835,1,107836,1
78026,107836,1,107696,1
78026,107696,1,107823,1
78027,48142,1,48154,1
78027,48154,1,73369,1
78027,73369,1,73365,0
78027,73365,0,73361,1
78027,73361,1,73409,1
78027,73409,1,73421,1
78027,73421,1,53283,1
78027,53283,1,66640,1
78027,66640,1,48142,1
78027,48142,1,48154,1
78027,48154,1,86964,1
78027,86964,1,87863,1
78027,87863,1,87474,1
78027,87474,1,88156,1
78027,88156,1,87908,1
78027,87908,1,88325,1
78027,88325,1,107717,1
78027,107717,1,107844,1
78027,107844,1,107781,1
78027,107781,1,107760,1
78027,107760,1,107674,1
78027,107674,1,73366,0
78027,73366,0,73367,0
78027,73367,0,73368,1
78028,58417,0,48166,1
78028,48166,1,48154,1
78028,48154,1,58482,1
78028,58482,1,58417,0
78028,58417,0,58482,1
78028,58482,1,73421,0
78028,73421,0,73413,1
78028,73413,1,73369,1
78028,73369,1,53311,1
78028,53311,1,66611,1
78028,66611,1,48166,1
78028,48166,1,48154,1
78028,48154,1,86961,1
78028,86961,1,88142,1
78028,88142,1,87907,1
78028,87907,1,88392,0
78028,88392,0,88314,1
78028,88314,1,88347,1
78028,88347,1,88311,1
78028,88311,1,107781,0
78028,107781,0,107782,1
78028,107782,1,107783,1
78028,107783,1,107784,1
78028,107784,1,107774,1
78028,107774,1,107760,0
78028,107760,0,107761,1
78028,107761,1,107762,0
78028,107762,0,107763,1
78028,107763,1,107710,1
78028,107710,1,107689,1
78028,107689,1,107731,1
78028,107731,1,107865,0
78028,107865,0,107869,1
78028,107869,1,107870,1
78028,107870,1,107871,1
78028,107871,1,107753,1
78028,107753,1,107795,1
78028,107795,1,107717,0
78028,107717,0,107718,1
78028,107718,1,107719,1
78028,107719,1,107720,1
78028,107720,1,58418,0
78028,58418,0,58419,1
78028,58419,1,58420,0
78028,58420,0,58421,1
78028,58421,1,73422,0
78028,73422,0,73423,1
78028,73423,1,73424,1
78029,58417,1,58402,1
78029,58402,1,73453,1
78029,73453,1,73417,1
78029,73417,1,58417,1
78029,58417,1,58402,1
78029,58402,1,53281,1
78029,53281,1,66676,1
78029,66676,1,87004,1
78029,87004,1,87722,1
78029,87722,1,87624,0
78029,87624,0,87472,1
78029,87472,1,87627,1
78029,87627,1,87504,1
78029,87504,1,88106,1
78029,88106,1,87939,1
78029,87939,1,88353,1
78029,88353,1,107745,1
78029,107745,1,107851,1
78029,107851,1,107858,1
78029,107858,1,107760,1
78029,107760,1,107837,1
78030,58467,1,48114,1
78030,48114,1,58467,1
78030,58467,1,73425,1
78030,73425,1,73445,1
78030,73445,1,53318,1
78030,53318,1,66633,1
78030,66633,1,48114,1
78030,48114,1,86953,1
78030,86953,1,87872,0
78030,87872,0,87835,1
78030,87835,1,87740,0
78030,87740,0,87701,0
78030,87701,0,87842,0
78030,87842,0,87839,1
78030,87839,1,87884,1
78030,87884,1,87511,0
78030,87511,0,87482,1
78030,87482,1,87528,1
78030,87528,1,87525,1
78030,87525,1,88296,1
78030,88296,1,107781,0
78030,107781,0,107785,1
78030,107785,1,107786,1
78030,107786,1,107787,1
78030,107787,1,107696,1
78030,107696,1,107674,1
78030,107674,1,107844,0
78030,107844,0,107848,1
78030,107848,1,107849,1
78030,107849,1,107850,1
78030,107850,1,107667,0
78030,107667,0,107671,1
78030,107671,1,107672,1
78030,107672,1,107673,1
78030,107673,1,107788,1
78030,107788,1,107703,0
78030,107703,0,107704,1
78030,107704,1,107705,1
78030,107705,1,107706,1
78030,107706,1,107738,1
78030,107738,1,107724,1
78030,107724,1,107717,1
78031,58437,1,48086,0
78031,48086,0,58427,1
78031,58427,1,48110,1
78031,48110,1,48134,1
78031,48134,1,58437,1
78031,58437,1,58427,1
78031,58427,1,73449,1
78031,73449,1,73421,1
78031,73421,1,53322,1
78031,53322,1,66656,1
78031,66656,1,48086,0
78031,48086,0,48110,1
78031,48110,1,48134,1
78031,48134,1,86928,1
78031,86928,1,87889,0
78031,87889,0,87701,0
78031,87701,0,87818,0
78031,87818,0,87737,1
78031,87737,1,87803,1
78031,87803,1,87700,1
78031,87700,1,87578,0
78031,87578,0,87630,1
78031,87630,1,87496,0
78031,87496,0,87489,1
78031,87489,1,87543,0
78031,87543,0,87616,0
78031,87616,0,87481,1
78031,87481,1,88148,1
78031,88148,1,87958,1
78031,87958,1,88331,0
78031,88331,0,88343,0
78031,88343,0,88311,0
78031,88311,0,88296,1
78031,88296,1,88333,1
78031,88333,1,88323,1
78031,88323,1,107837,0
78031,107837,0,107838,1
78031,107838,1,107839,1
78031,107839,1,107840,1
78031,107840,1,107667,1
78031,107667,1,107788,0
78031,107788,0,107792,1
78031,107792,1,107793,1
78031,107793,1,107794,1
78031,107794,1,107823,0
78031,107823,0,107824,0
78031,107824,0,107825,0
78031,107825,0,107826,1
78031,107826,1,107802,0
78031,107802,0,107803,1
78031,107803,1,107804,1
78031,107804,1,107805,1
78031,107805,1,107689,1
78031,107689,1,107816,1
78031,107816,1,107830,1
78031,107830,1,107717,1
78031,107717,1,107851,1
78031,107851,1,48087,1
78031,48087,1,48088,1
78031,48088,1,48089,1
78032,48062,1,58427,1
78032,58427,1,58427,1
78032,58427,1,73441,1
78032,73441,1,73453,1
78032,73453,1,53294,1
78032,53294,1,66631,1
78032,66631,1,48062,1
78032,48062,1,87008,1
78032,87008,1,87810,1
78032,87810,1,87493,1
78032,87493,1,88146,1
78032,88146,1,87937,1
78032,87937,1,88316,1
78032,88316,1,107681,1
78032,107681,1,107774,1
78032,107774,1,107802,1
78032,107802,1,107865,1
78032,107865,1,107830,1
78033,58447,0,58447,0
78033,58447,0,73373,1
78033,73373,1,53296,1
78033,53296,1,66614,1
78033,66614,1,86937,1
78033,86937,1,87842,0
78033,87842,0,87890,0
78033,87890,0,87817,1
78033,87817,1,87807,1
78033,87807,1,87737,1
78033,87737,1,87525,1
78033,87525,1,88166,1
78033,88166,1,87930,1
78033,87930,1,107767,0
78033,107767,0,107771,1
78033,107771,1,107772,1
78033,107772,1,107773,1
78033,107773,1,107703,0
78033,107703,0,107704,0
78033,107704,0,107705,0
78033,107705,0,107706,1
78033,107706,1,107710,0
78033,107710,0,107711,1
78033,107711,1,107712,1
78033,107712,1,107713,1
78033,107713,1,107674,0
78033,107674,0,107675,1
78033,107675,1,107676,1
78033,107676,1,107677,1
78033,107677,1,107851,1
78033,107851,1,107837,1
78033,107837,1,107731,1
78033,107731,1,107823,1
78033,107823,1,107865,1
78033,107865,1,58448,0
78033,58448,0,58449,1
78033,58449,1,58450,1
78033,58450,1,58451,1
78062,48122,1,48062,1
78062,48062,1,73357,1
78062,73357,1,73445,0
78062,73445,0,73385,1
78062,73385,1,73361,1
78062,73361,1,73457,1
78062,73457,1,48122,1
78062,48122,1,48062,1
78062,48062,1,86974,1
78062,86974,1,87763,0
78062,87763,0,87820,0
78062,87820,0,87733,0
78062,87733,0,87888,0
78062,87888,0,87816,1
78062,87816,1,87765,1
78062,87765,1,87805,1
78062,87805,1,87556,1
78062,87556,1,88100,1
78062,88100,1,87927,1
78062,87927,1,88295,0
78062,88295,0,88385,1
78062,88385,1,88307,1
78062,88307,1,88382,1
78062,88382,1,73446,0
78062,73446,0,73447,1
78062,73447,1,73448,1
78413,48118,1,58472,1
78413,58472,1,58387,1
78413,58387,1,58502,1
78413,58502,1,48142,1
78413,48142,1,48074,1
78413,48074,1,58412,1
78413,58412,1,48070,1
78413,48070,1,58472,1
78413,58472,1,58387,1
78413,58387,1,58502,1
78413,58502,1,58412,1
78413,58412,1,85948,0
78413,85948,0,84950,1
78413,84950,1,84837,1
78413,84837,1,84912,1
78413,84912,1,84922,1
78413,84922,1,84953,1
78413,84953,1,84920,1
78413,84920,1,84929,1
78413,84929,1,84971,1
78413,84971,1,84720,1
78413,84720,1,84975,1
78413,84975,1,84751,1
78413,84751,1,84727,1
78413,84727,1,84887,1
78413,84887,1,84833,1
78413,84833,1,84722,1
78413,84722,1,85748,1
78413,85748,1,85738,1
78413,85738,1,85747,1
78413,85747,1,85716,1
78413,85716,1,85704,1
78413,85704,1,85743,1
78413,85743,1,85724,1
78413,85724,1,85741,1
78413,85741,1,85745,1
78413,85745,1,85706,1
78413,85706,1,85751,1
78413,85751,1,85693,1
78413,85693,1,85715,1
78413,85715,1,85700,1
78413,85700,1,85713,1
78413,85713,1,52841,0
78413,52841,0,52828,1
78413,52828,1,52876,1
78413,52876,1,52834,1
78413,52834,1,52990,0
78413,52990,0,52846,1
78413,52846,1,52823,1
78413,52823,1,52909,1
78413,52909,1,52818,1
78413,52818,1,52930,1
78413,52930,1,52816,1
78413,52816,1,52824,1
78413,52824,1,52897,1
78413,52897,1,66067,0
78413,66067,0,65257,0
78413,65257,0,65263,1
78413,65263,1,66049,1
78413,66049,1,65275,1
78413,65275,1,66139,0
78413,66139,0,65335,1
78413,65335,1,66097,1
78413,66097,1,65305,1
78413,65305,1,65287,1
78413,65287,1,65299,1
78413,65299,1,66031,1
78413,66031,1,62622,1
78413,62622,1,66115,1
78413,66115,1,66067,0
78413,66067,0,65257,0
78413,65257,0,65263,1
78413,65263,1,66049,1
78413,66049,1,65275,1
78413,65275,1,66139,0
78413,66139,0,65335,1
78413,65335,1,66097,1
78413,66097,1,65305,1
78413,65305,1,65287,1
78413,65287,1,65299,1
78413,65299,1,66031,1
78413,66031,1,62622,1
78413,62622,1,66115,1
78413,66115,1,53589,1
78413,53589,1,53573,1
78413,53573,1,53629,1
78413,53629,1,53645,1
78413,53645,1,53537,1
78413,53537,1,48118,1
78413,48118,1,48142,1
78413,48142,1,48074,1
78413,48074,1,48070,1
78413,48070,1,86096,1
78413,86096,1,85091,1
78413,85091,1,85667,1
78413,85667,1,85106,1
78413,85106,1,85108,1
78413,85108,1,85093,1
78413,85093,1,86097,1
78413,86097,1,85102,0
78413,85102,0,86103,1
78413,86103,1,84701,1
78413,84701,1,53665,1
78413,53665,1,53737,1
78413,53737,1,53749,1
78413,53749,1,53713,1
78413,53713,1,53705,1
78413,53705,1,53753,1
78413,53753,1,53653,1
78413,53653,1,53677,1
78413,53677,1,53733,1
78413,53733,1,53761,1
78413,53761,1,58688,1
78413,58688,1,58697,1
78413,58697,1,58704,1
78413,58704,1,58682,1
78413,58682,1,58685,0
78413,58685,0,58667,1
78413,58667,1,58678,1
78413,58678,1,58716,0
78413,58716,0,58674,1
78413,58674,1,58686,0
78413,58686,0,58666,1
78413,58666,1,58722,1
78413,58722,1,58676,1
78413,58676,1,58668,1
78413,58668,1,58670,1
78413,58670,1,58709,1
78413,58709,1,58720,1
78413,58720,1,58696,1
78413,58696,1,58694,1
78413,58694,1,58701,1
78413,58701,1,53665,1
78413,53665,1,53589,1
78413,53589,1,53573,1
78413,53573,1,53737,1
78413,53737,1,53629,1
78413,53629,1,53749,1
78413,53749,1,53645,1
78413,53645,1,53713,1
78413,53713,1,53705,1
78413,53705,1,53537,1
78413,53537,1,53753,1
78413,53753,1,53653,1
78413,53653,1,53677,1
78413,53677,1,53733,1
78413,53733,1,53761,1
78413,53761,1,84894,1
78413,84894,1,93006,0
78413,93006,0,93009,1
78413,93009,1,93027,0
78413,93027,0,93032,0
78413,93032,0,92957,0
78413,92957,0,50982,1
78413,50982,1,51002,1
78413,51002,1,50989,1
78413,50989,1,50987,1
78413,50987,1,51001,1
78413,51001,1,50993,1
78413,50993,1,50992,1
78413,50992,1,50998,1
78413,50998,1,51007,1
78413,51007,1,51000,1
78413,51000,1,50986,1
78413,50986,1,51003,1
78413,51003,1,50996,1
78413,50996,1,50994,1
78413,50994,1,51008,1
78413,51008,1,87572,1
78413,87572,1,87492,1
78413,87492,1,87530,1
78413,87530,1,87547,1
78413,87547,1,87529,1
78413,87529,1,88126,0
78413,88126,0,88135,1
78413,88135,1,88159,1
78413,88159,1,88101,1
78413,88101,1,88118,1
78413,88118,1,88146,1
78413,88146,1,87924,1
78413,87924,1,87932,1
78413,87932,1,87933,1
78413,87933,1,87921,0
78413,87921,0,87970,1
78413,87970,1,87937,0
78413,87937,0,87936,0
78413,87936,0,87957,0
78413,87957,0,87995,1
78413,87995,1,87926,0
78413,87926,0,87974,1
78413,87974,1,88038,0
78413,88038,0,87951,0
78413,87951,0,87949,0
78413,87949,0,87946,0
78413,87946,0,87890,0
78413,87890,0,87812,0
78413,87812,0,87694,0
78413,87694,0,87811,0
78413,87811,0,88387,0
78413,88387,0,88393,1
78413,88393,1,88293,0
78413,88293,0,88318,1
78413,88318,1,88391,1
78413,88391,1,88375,1
78413,88375,1,88355,0
78413,88355,0,88352,1
78413,88352,1,88298,1
78413,88298,1,88336,1
78413,88336,1,88342,0
78413,88342,0,88353,0
78413,88353,0,88294,1
78413,88294,1,88371,1
78413,88371,1,88346,1
78413,88346,1,88328,1
78413,88328,1,88356,1
78413,88356,1,88380,0
78413,88380,0,88319,0
78413,88319,0,88297,0
78413,88297,0,88299,0
78413,88299,0,88382,0
78413,88382,0,88337,0
78413,88337,0,88344,1
78413,88344,1,88317,0
78413,88317,0,87902,0
78413,87902,0,52991,0
78413,52991,0,52992,1
78413,52992,1,66068,0
78413,66068,0,66069,0
78413,66069,0,66070,0
78413,66070,0,66071,1
78413,66071,1,66072,0
78413,66072,0,65258,0
78413,65258,0,65259,1
78413,65259,1,65260,1
78413,65260,1,65261,0
78413,65261,0,65262,0
78413,65262,0,66140,1
78413,66140,1,66141,0
78413,66141,0,66142,0
78413,66142,0,66143,1
78413,66143,1,66144,1
78423,58487,1,58442,1
78423,58442,1,48070,1
78423,48070,1,48122,1
78423,48122,1,58472,1
78423,58472,1,58362,1
78423,58362,1,58437,1
78423,58437,1,48082,1
78423,48082,1,58487,1
78423,58487,1,58442,1
78423,58442,1,58472,1
78423,58472,1,58362,1
78423,58362,1,58437,1
78423,58437,1,85955,1
78423,85955,1,52978,1
78423,52978,1,52843,1
78423,52843,1,52936,1
78423,52936,1,52912,1
78423,52912,1,52873,1
78423,52873,1,53014,1
78423,53014,1,52818,1
78423,52818,1,52954,1
78423,52954,1,62526,1
78423,62526,1,66043,1
78423,66043,1,65347,0
78423,65347,0,62554,0
78423,62554,0,62526,1
78423,62526,1,66043,1
78423,66043,1,65347,0
78423,65347,0,62554,0
78423,62554,0,53541,1
78423,53541,1,53645,1
78423,53645,1,53549,1
78423,53549,1,53585,1
78423,53585,1,53565,1
78423,53565,1,53701,1
78423,53701,1,53545,1
78423,53545,1,53553,1
78423,53553,1,53561,1
78423,53561,1,53533,1
78423,53533,1,53537,1
78423,53537,1,53597,1
78423,53597,1,53629,1
78423,53629,1,53637,1
78423,53637,1,53621,1
78423,53621,1,53697,1
78423,53697,1,53589,1
78423,53589,1,53649,1
78423,53649,1,53609,1
78423,53609,1,48070,1
78423,48070,1,48122,1
78423,48122,1,48082,1
78423,48082,1,53661,0
78423,53661,0,53749,0
78423,53749,0,53753,1
78423,53753,1,53685,1
78423,53685,1,53653,1
78423,53653,1,53765,1
78423,53765,1,53681,0
78423,53681,0,53709,1
78423,53709,1,53769,1
78423,53769,1,53713,1
78423,53713,1,53725,1
78423,53725,1,58690,1
78423,58690,1,58677,1
78423,58677,1,58707,0
78423,58707,0,58694,1
78423,58694,1,58706,0
78423,58706,0,58722,1
78423,58722,1,58713,1
78423,58713,1,58714,0
78423,58714,0,58710,1
78423,58710,1,58702,1
78423,58702,1,58667,1
78423,58667,1,58704,1
78423,58704,1,58687,1
78423,58687,1,58718,1
78423,58718,1,58683,1
78423,58683,1,58715,1
78423,58715,1,58666,1
78423,58666,1,58724,1
78423,58724,1,53661,0
78423,53661,0,53749,0
78423,53749,0,53541,1
78423,53541,1,53645,1
78423,53645,1,53753,1
78423,53753,1,53549,1
78423,53549,1,53585,1
78423,53585,1,53685,1
78423,53685,1,53565,1
78423,53565,1,53701,1
78423,53701,1,53545,1
78423,53545,1,53553,1
78423,53553,1,53653,1
78423,53653,1,53561,1
78423,53561,1,53765,1
78423,53765,1,53533,1
78423,53533,1,53681,0
78423,53681,0,53537,1
78423,53537,1,53709,1
78423,53709,1,53597,1
78423,53597,1,53769,1
78423,53769,1,53629,1
78423,53629,1,53637,1
78423,53637,1,53713,1
78423,53713,1,53621,1
78423,53621,1,53697,1
78423,53697,1,53589,1
78423,53589,1,53649,1
78423,53649,1,53609,1
78423,53609,1,53725,1
78423,53725,1,93008,0
78423,93008,0,93007,0
78423,93007,0,92958,0
78423,92958,0,50994,1
78423,50994,1,51009,1
78423,51009,1,50989,1
78423,50989,1,50998,1
78423,50998,1,51010,1
78423,51010,1,51006,1
78423,51006,1,51003,1
78423,51003,1,50995,1
78423,50995,1,50991,1
78423,50991,1,50986,1
78423,50986,1,50983,1
78423,50983,1,50993,1
78423,50993,1,51001,1
78423,51001,1,50982,1
78423,50982,1,50990,1
78423,50990,1,53662,0
78423,53662,0,53663,1
78423,53663,1,53664,1
78423,53664,1,53750,1
78423,53750,1,53751,1
78423,53751,1,53752,1
78423,53752,1,53682,1
78423,53682,1,53683,1
78423,53683,1,53684,1
78423,53684,1,65348,0
78423,65348,0,65349,0
78423,65349,0,65350,1
78423,65350,1,65351,1
78423,65351,1,65352,0
78462,58412,0,58417,1
78462,58417,1,58502,1
78462,58502,1,48094,1
78462,48094,1,58487,0
78462,58487,0,58392,1
78462,58392,1,48162,1
78462,48162,1,58427,1
78462,58427,1,58422,1
78462,58422,1,58362,1
78462,58362,1,48062,1
78462,48062,1,48110,1
78462,48110,1,48118,1
78462,48118,1,58412,0
78462,58412,0,58417,1
78462,58417,1,58502,1
78462,58502,1,58487,0
78462,58487,0,58392,1
78462,58392,1,58427,1
78462,58427,1,58422,1
78462,58422,1,58362,1
78462,58362,1,85909,1
78462,85909,1,84967,1
78462,84967,1,84963,1
78462,84963,1,84936,0
78462,84936,0,84953,1
78462,84953,1,84925,1
78462,84925,1,84835,1
78462,84835,1,84879,1
78462,84879,1,84959,1
78462,84959,1,84832,1
78462,84832,1,84837,1
78462,84837,1,84727,1
78462,84727,1,84947,1
78462,84947,1,84779,1
78462,84779,1,84829,1
78462,84829,1,84913,1
78462,84913,1,84885,1
78462,84885,1,84941,1
78462,84941,1,84784,1
78462,84784,1,85875,1
78462,85875,1,85827,1
78462,85827,1,85808,1
78462,85808,1,85799,1
78462,85799,1,85815,1
78462,85815,1,85794,1
78462,85794,1,85887,1
78462,85887,1,85860,1
78462,85860,1,85849,1
78462,85849,1,85852,1
78462,85852,1,85891,1
78462,85891,1,85831,1
78462,85831,1,85845,1
78462,85845,1,85812,1
78462,85812,1,85824,1
78462,85824,1,53601,0
78462,53601,0,53593,1
78462,53593,1,53561,1
78462,53561,1,53621,1
78462,53621,1,53697,1
78462,53697,1,53617,1
78462,53617,1,53605,1
78462,53605,1,53537,1
78462,53537,1,53645,1
78462,53645,1,53545,1
78462,53545,1,53581,1
78462,53581,1,53633,1
78462,53633,1,53609,1
78462,53609,1,53641,1
78462,53641,1,48094,1
78462,48094,1,48162,1
78462,48162,1,48062,1
78462,48062,1,48110,1
78462,48110,1,48118,1
78462,48118,1,53741,1
78462,53741,1,53677,0
78462,53677,0,53713,1
78462,53713,1,53705,0
78462,53705,0,53757,1
78462,53757,1,53661,1
78462,53661,1,53749,1
78462,53749,1,53733,1
78462,53733,1,53689,1
78462,53689,1,53669,1
78462,53669,1,58709,0
78462,58709,0,58710,0
78462,58710,0,58689,1
78462,58689,1,58694,1
78462,58694,1,58715,0
78462,58715,0,58684,1
78462,58684,1,58690,0
78462,58690,0,58712,0
78462,58712,0,58718,0
78462,58718,0,58682,0
78462,58682,0,58704,0
78462,58704,0,53601,0
78462,53601,0,53741,1
78462,53741,1,53593,1
78462,53593,1,53561,1
78462,53561,1,53621,1
78462,53621,1,53697,1
78462,53697,1,53677,0
78462,53677,0,53713,1
78462,53713,1,53705,0
78462,53705,0,53757,1
78462,53757,1,53661,1
78462,53661,1,53617,1
78462,53617,1,53749,1
78462,53749,1,53733,1
78462,53733,1,53605,1
78462,53605,1,53537,1
78462,53537,1,53645,1
78462,53645,1,53545,1
78462,53545,1,53581,1
78462,53581,1,53633,1
78462,53633,1,53609,1
78462,53609,1,53689,1
78462,53689,1,53669,1
78462,53669,1,53641,1
78462,53641,1,55756,1
78462,55756,1,90972,0
78462,90972,0,91007,0
78462,91007,0,91600,0
78462,91600,0,84898,1
78462,84898,1,86541,0
78462,86541,0,86550,0
78462,86550,0,86354,1
78462,86354,1,86554,1
78462,86554,1,86311,1
78462,86311,1,51207,1
78462,51207,1,66822,0
78462,66822,0,66823,1
78462,66823,1,66824,1
78462,66824,1,51168,1
78462,51168,1,51198,1
78462,51198,1,66858,1
78462,66858,1,51016,0
78462,51016,0,51017,0
78462,51017,0,51018,0
78462,51018,0,51019,0
78462,51019,0,51004,0
78462,51004,0,87494,0
78462,87494,0,87503,1
78462,87503,1,87504,1
78462,87504,1,87523,1
78462,87523,1,87547,1
78462,87547,1,87605,0
78462,87605,0,87618,1
78462,87618,1,87603,1
78462,87603,1,88098,1
78462,88098,1,88142,1
78462,88142,1,88128,1
78462,88128,1,88113,1
78462,88113,1,88192,1
78462,88192,1,87977,1
78462,87977,1,87905,0
78462,87905,0,87970,1
78462,87970,1,87948,1
78462,87948,1,87907,1
78462,87907,1,87938,1
78462,87938,1,87920,1
78462,87920,1,87737,0
78462,87737,0,87698,0
78462,87698,0,87841,0
78462,87841,0,87791,1
78462,87791,1,87763,1
78462,87763,1,87697,1
78462,87697,1,87820,1
78462,87820,1,87813,1
78462,87813,1,55756,1
78462,55756,1,55119,1
78462,55119,1,55074,0
78462,55074,0,55129,1
78462,55129,1,55158,1
78462,55158,1,55095,1
78462,55095,1,55120,1
78462,55120,1,55134,1
78462,55134,1,55047,1
78462,55047,1,55073,1
78462,55073,1,55155,1
78462,55155,1,53602,1
78462,53602,1,53603,1
78462,53603,1,53604,1
78462,53604,1,53678,1
78462,53678,1,53679,1
78462,53679,1,53680,1
78462,53680,1,53706,1
78462,53706,1,53707,1
78462,53707,1,53708,0
78462,53708,0,58413,1
78462,58413,1,58414,1
78462,58414,1,58415,1
78462,58415,1,58416,1
78462,58416,1,58488,1
78462,58488,1,58489,1
78462,58489,1,58490,0
78462,58490,0,58491,1
78863,58372,1,58412,1
78863,58412,1,58507,1
78863,58507,1,48142,1
78863,48142,1,48162,1
78863,48162,1,48150,1
78863,48150,1,58397,0
78863,58397,0,48070,0
78863,48070,0,48058,1
78863,48058,1,48086,1
78863,48086,1,58482,1
78863,58482,1,58387,1
78863,58387,1,48082,1
78863,48082,1,48114,1
78863,48114,1,48126,1
78863,48126,1,58402,1
78863,58402,1,58372,1
78863,58372,1,58412,1
78863,58412,1,58507,1
78863,58507,1,58397,0
78863,58397,0,58482,1
78863,58482,1,58387,1
78863,58387,1,58402,1
78863,58402,1,88953,1
78863,88953,1,88891,1
78863,88891,1,88904,1
78863,88904,1,89041,1
78863,89041,1,89040,1
78863,89040,1,88920,1
78863,88920,1,88876,1
78863,88876,1,89023,1
78863,89023,1,86047,0
78863,86047,0,84885,1
78863,84885,1,84916,1
78863,84916,1,84941,1
78863,84941,1,84884,1
78863,84884,1,84829,1
78863,84829,1,84911,1
78863,84911,1,84880,1
78863,84880,1,84723,1
78863,84723,1,84937,1
78863,84937,1,84977,1
78863,84977,1,84935,1
78863,84935,1,84887,1
78863,84887,1,84950,1
78863,84950,1,84921,0
78863,84921,0,84973,1
78863,84973,1,84832,1
78863,84832,1,84925,1
78863,84925,1,84833,1
78863,84833,1,84749,1
78863,84749,1,84740,1
78863,84740,1,84780,1
78863,84780,1,84725,1
78863,84725,1,84724,0
78863,84724,0,53637,1
78863,53637,1,53645,1
78863,53645,1,53577,1
78863,53577,1,53557,0
78863,53557,0,53545,1
78863,53545,1,53569,1
78863,53569,1,53549,1
78863,53549,1,53537,1
78863,53537,1,53629,1
78863,53629,1,53553,1
78863,53553,1,53617,1
78863,53617,1,53641,1
78863,53641,1,53693,1
78863,53693,1,53593,1
78863,53593,1,53589,1
78863,53589,1,53609,0
78863,53609,0,53621,1
78863,53621,1,53625,1
78863,53625,1,48142,1
78863,48142,1,48162,1
78863,48162,1,48150,1
78863,48150,1,48070,0
78863,48070,0,48058,1
78863,48058,1,48086,1
78863,48086,1,48082,1
78863,48082,1,48114,1
78863,48114,1,48126,1
78863,48126,1,85655,1
78863,85655,1,86119,1
78863,86119,1,84623,1
78863,84623,1,85680,1
78863,85680,1,85672,1
78863,85672,1,86098,1
78863,86098,1,85666,1
78863,85666,1,85681,1
78863,85681,1,53769,1
78863,53769,1,53745,0
78863,53745,0,53729,0
78863,53729,0,53761,1
78863,53761,1,53749,1
78863,53749,1,53733,1
78863,53733,1,53677,1
78863,53677,1,53725,1
78863,53725,1,53685,1
78863,53685,1,53741,1
78863,53741,1,53709,1
78863,53709,1,53757,1
78863,53757,1,58688,1
78863,58688,1,58706,1
78863,58706,1,58721,1
78863,58721,1,58691,1
78863,58691,1,58667,1
78863,58667,1,58708,0
78863,58708,0,58678,1
78863,58678,1,58697,1
78863,58697,1,58717,1
78863,58717,1,58724,1
78863,58724,1,58712,1
78863,58712,1,58673,1
78863,58673,1,58714,1
78863,58714,1,58671,1
78863,58671,1,58703,1
78863,58703,1,58700,1
78863,58700,1,53769,1
78863,53769,1,53637,1
78863,53637,1,53645,1
78863,53645,1,53577,1
78863,53577,1,53557,0
78863,53557,0,53545,1
78863,53545,1,53569,1
78863,53569,1,53745,0
78863,53745,0,53549,1
78863,53549,1,53537,1
78863,53537,1,53629,1
78863,53629,1,53553,1
78863,53553,1,53617,1
78863,53617,1,53729,0
78863,53729,0,53641,1
78863,53641,1,53761,1
78863,53761,1,53749,1
78863,53749,1,53733,1
78863,53733,1,53677,1
78863,53677,1,53725,1
78863,53725,1,53685,1
78863,53685,1,53741,1
78863,53741,1,53693,1
78863,53693,1,53709,1
78863,53709,1,53593,1
78863,53593,1,53589,1
78863,53589,1,53757,1
78863,53757,1,53609,0
78863,53609,0,53621,1
78863,53621,1,53625,1
78863,53625,1,55627,1
78863,55627,1,91597,1
78863,91597,1,90985,1
78863,90985,1,90998,0
78863,90998,0,90975,1
78863,90975,1,90979,1
78863,90979,1,91005,1
78863,91005,1,91007,0
78863,91007,0,91597,0
78863,91597,0,91033,1
78863,91033,1,90966,0
78863,90966,0,90997,1
78863,90997,1,91020,1
78863,91020,1,90994,1
78863,90994,1,90992,1
78863,90992,1,91028,1
78863,91028,1,86456,1
78863,86456,1,92957,0
78863,92957,0,51135,1
78863,51135,1,66852,0
78863,66852,0,66853,0
78863,66853,0,66854,1
78863,66854,1,66837,0
78863,66837,0,66838,0
78863,66838,0,66839,0
78863,66839,0,66786,0
78863,66786,0,66787,0
78863,66787,0,66788,0
78863,66788,0,66816,1
78863,66816,1,51195,1
78863,51195,1,66843,0
78863,66843,0,66844,0
78863,66844,0,66845,1
78863,66845,1,51036,1
78863,51036,1,87501,1
78863,87501,1,87487,1
78863,87487,1,87511,1
78863,87511,1,87574,0
78863,87574,0,87627,1
78863,87627,1,87490,1
78863,87490,1,87531,1
78863,87531,1,87483,1
78863,87483,1,88130,1
78863,88130,1,88173,1
78863,88173,1,88102,1
78863,88102,1,88163,1
78863,88163,1,88092,1
78863,88092,1,87942,1
78863,87942,1,87958,1
78863,87958,1,87933,1
78863,87933,1,87989,1
78863,87989,1,87949,1
78863,87949,1,88302,1
78863,88302,1,88311,1
78863,88311,1,88380,0
78863,88380,0,88318,1
78863,88318,1,88387,1
78863,88387,1,88345,1
78863,88345,1,88391,1
78863,88391,1,88336,1
78863,88336,1,88343,1
78863,88343,1,88296,0
78863,88296,0,88362,1
78863,88362,1,88366,1
78863,88366,1,88307,1
78863,88307,1,88346,1
78863,88346,1,88326,1
78863,88326,1,88350,1
78863,88350,1,88341,1
78863,88341,1,88328,1
78863,88328,1,88315,1
78863,88315,1,88312,1
78863,88312,1,88303,0
78863,88303,0,88295,0
78863,88295,0,87575,1
78863,87575,1,87489,1
78863,87489,1,87522,1
78863,87522,1,87617,1
78863,87617,1,87525,1
78863,87525,1,87472,1
78863,87472,1,88298,1
78863,88298,1,88334,1
78863,88334,1,88320,1
78863,88320,1,88297,1
78863,88297,1,88368,1
78863,88368,1,88304,1
78863,88304,1,88353,1
78863,88353,1,88330,1
78863,88330,1,88359,1
78863,88359,1,88293,1
78863,88293,1,88305,0
78863,88305,0,88327,1
78863,88327,1,88365,1
78863,88365,1,88364,1
78863,88364,1,88369,0
78863,88369,0,88338,1
78863,88338,1,88324,1
78863,88324,1,88367,0
78863,88367,0,88313,1
78863,88313,1,88360,1
78863,88360,1,88388,1
78863,88388,1,88385,1
78863,88385,1,88393,1
78863,88393,1,88382,1
78863,88382,1,88331,1
78863,88331,1,88290,1
78863,88290,1,88342,1
78863,88342,1,88310,1
78863,88310,1,88308,1
78863,88308,1,88394,1
78863,88394,1,88339,1
78863,88339,1,88337,1
78863,88337,1,55627,1
78863,55627,1,55134,0
78863,55134,0,55111,1
78863,55111,1,55070,1
78863,55070,1,55090,0
78863,55090,0,55137,1
78863,55137,1,55067,0
78863,55067,0,55110,1
78863,55110,1,55119,1
78863,55119,1,55081,1
78863,55081,1,53558,1
78863,53558,1,53559,1
78863,53559,1,53560,1
78863,53560,1,53746,1
78863,53746,1,53747,1
78863,53747,1,53748,1
78863,53748,1,53730,1
78863,53730,1,53731,1
78863,53731,1,53732,1
78863,53732,1,53610,1
78863,53610,1,53611,1
78863,53611,1,53612,1
78863,53612,1,58398,0
78863,58398,0,58399,1
78863,58399,1,58400,1
78863,58400,1,58401,1
78863,58401,1,48071,1
78863,48071,1,48072,1
78863,48072,1,48073,1
79412,112935,1,112950,1
79412,112950,1,120468,1
79412,120468,1,120453,1
79412,120453,1,113266,0
79412,113266,0,112935,1
79412,112935,1,113019,1
79412,113019,1,112950,1
79412,112950,1,120468,1
79412,120468,1,120395,1
79412,120395,1,120453,1
79412,120453,1,120389,1
79412,120389,1,61108,0
79412,61108,0,61107,0
79412,61107,0,61106,0
79412,61106,0,61111,0
79412,61111,0,61117,1
79412,61117,1,61105,0
79412,61105,0,61095,0
79412,61095,0,61114,1
79412,61114,1,61116,0
79412,61116,0,61094,0
79412,61094,0,49281,1
79412,49281,1,60040,0
79412,60040,0,108939,1
79412,108939,1,108945,1
79412,108945,1,108909,1
79412,108909,1,51591,1
79412,51591,1,53995,0
79412,53995,0,54027,1
79412,54027,1,53991,1
79412,53991,1,54043,1
79412,54043,1,54457,1
79412,54457,1,54566,1
79412,54566,1,53775,1
79412,53775,1,53996,0
79412,53996,0,53997,1
79412,53997,1,53998,1
79412,53998,1,113045,0
79412,113045,0,113267,0
79412,113267,0,113269,1
79412,113269,1,113135,0
79412,113135,0,120376,1
79412,120376,1,120371,0
79412,120371,0,120366,1
79412,120366,1,128351,1
79412,128351,1,128352,1
79412,128352,1,128378,0
79412,128378,0,128357,0
79412,128357,0,128358,1
79412,128358,1,128335,1
79412,128335,1,128336,1
79412,128336,1,128373,1
79412,128373,1,128349,0
79412,128349,0,128350,0
79412,128350,0,128345,0
79412,128345,0,128355,1
79412,128355,1,128356,1
79412,128356,1,128359,1
79412,128359,1,128360,1
79416,120473,1,113206,1
79416,113206,1,113206,1
79416,113206,1,113036,1
79416,113036,1,112964,1
79416,112964,1,113027,1
79416,113027,1,120473,1
79416,120473,1,119268,1
79416,119268,1,119318,1
79416,119318,1,119253,1
79416,119253,1,61109,1
79416,61109,1,66372,1
79416,66372,1,66073,0
79416,66073,0,65287,1
79416,65287,1,65323,1
79416,65323,1,62564,1
79416,62564,1,52948,1
79416,52948,1,101812,1
79416,101812,1,100774,1
79416,100774,1,100732,1
79416,100732,1,97880,1
79416,97880,1,66073,0
79416,66073,0,65287,1
79416,65287,1,65323,1
79416,65323,1,62564,1
79416,62564,1,66284,1
79416,66284,1,97856,1
79416,97856,1,97904,1
79416,97904,1,97896,1
79416,97896,1,101812,1
79416,101812,1,100774,1
79416,100774,1,100732,1
79416,100732,1,66566,1
79416,66566,1,53305,1
79416,53305,1,49275,0
79416,49275,0,49274,1
79416,49274,1,49272,0
79416,49272,0,49287,1
79416,49287,1,49276,1
79416,49276,1,49262,1
79416,49262,1,53533,0
79416,53533,0,53545,1
79416,53545,1,54117,1
79416,54117,1,71363,0
79416,71363,0,53765,0
79416,53765,0,53761,1
79416,53761,1,53681,1
79416,53681,1,80794,1
79416,80794,1,80826,1
79416,80826,1,80694,0
79416,80694,0,80898,1
79416,80898,1,80722,1
79416,80722,1,80822,1
79416,80822,1,60042,0
79416,60042,0,60129,1
79416,60129,1,60123,1
79416,60123,1,60050,1
79416,60050,1,108936,0
79416,108936,0,58697,0
79416,58697,0,58706,1
79416,58706,1,58668,1
79416,58668,1,58689,1
79416,58689,1,71369,1
79416,71369,1,53765,0
79416,53765,0,53533,0
79416,53533,0,53761,1
79416,53761,1,53545,1
79416,53545,1,53681,1
79416,53681,1,120305,1
79416,120305,1,120289,1
79416,120289,1,120285,1
79416,120285,1,120309,1
79416,120309,1,120188,1
79416,120188,1,120224,1
79416,120224,1,51572,1
79416,51572,1,54095,0
79416,54095,0,54099,1
79416,54099,1,54015,1
79416,54015,1,54091,1
79416,54091,1,54456,1
79416,54456,1,54603,1
79416,54603,1,54169,1
79416,54169,1,53789,1
79416,53789,1,51183,1
79416,51183,1,51124,0
79416,51124,0,51125,1
79416,51125,1,51126,1
79416,51126,1,51127,1
79416,51127,1,97607,0
79416,97607,0,97679,0
79416,97679,0,97563,0
79416,97563,0,97564,1
79416,97564,1,97565,0
79416,97565,0,97566,0
79416,97566,0,97655,0
79416,97655,0,97567,0
79416,97567,0,97747,1
79416,97747,1,97675,0
79416,97675,0,97603,1
79416,97603,1,97539,1
79416,97539,1,97551,1
79416,97551,1,113520,0
79416,113520,0,113521,1
79416,113521,1,113522,1
79416,113522,1,113523,1
79416,113523,1,113524,0
79416,113524,0,113697,1
79416,113697,1,113515,0
79416,113515,0,113516,1
79416,113516,1,113517,0
79416,113517,0,113518,0
79416,113518,0,113519,1
79416,113519,1,113550,1
79416,113550,1,113781,0
79416,113781,0,113782,0
79416,113782,0,113783,1
79416,113783,1,113784,1
79416,113784,1,113785,0
79416,113785,0,113786,0
79416,113786,0,113500,1
79416,113500,1,113745,1
79416,113745,1,113575,1
79416,113575,1,54096,1
79416,54096,1,54097,1
79416,54097,1,54098,1
79416,54098,1,53766,0
79416,53766,0,53767,1
79416,53767,1,53768,0
79416,53768,0,53534,1
79416,53534,1,53535,1
79416,53535,1,53536,1
79416,53536,1,66074,1
79416,66074,1,66075,1
79416,66075,1,66076,0
79416,66076,0,66077,1
79416,66077,1,66078,1
79416,66078,1,108938,1
79416,108938,1,80695,1
79416,80695,1,80696,1
79416,80696,1,80697,1
79416,80697,1,113130,0
79416,113130,0,113133,1
79416,113133,1,113134,0
79416,113134,0,113282,1
79416,113282,1,114054,0
79416,114054,0,114029,1
79416,114029,1,114068,0
79416,114068,0,114059,0
79416,114059,0,114040,0
79416,114040,0,114038,0
79416,114038,0,114055,1
79416,114055,1,114060,1
79416,114060,1,114067,1
79416,114067,1,120378,1
79416,120378,1,120380,1
79416,120380,1,120251,1
79416,120251,1,120240,0
79416,120240,0,120243,1
79416,120243,1,120144,1
79416,120144,1,120142,1
79416,120142,1,120154,1
79416,120154,1,128321,0
79416,128321,0,128322,0
79416,128322,0,128368,0
79416,128368,0,128327,0
79416,128327,0,128328,0
79416,128328,0,128396,0
79416,128396,0,128319,0
79416,128319,0,128320,0
79416,128320,0,128395,0
79452,74030,0,74140,1
79452,74140,1,74150,1
79452,74150,1,74135,1
79452,74135,1,73571,0
79452,73571,0,73655,0
79452,73655,0,73575,0
79452,73575,0,73515,0
79452,73515,0,73607,0
79452,73607,0,74358,0
79452,74358,0,74282,0
79452,74282,0,73571,0
79452,73571,0,73655,0
79452,73655,0,73575,0
79452,73575,0,73515,0
79452,73515,0,73607,0
79452,73607,0,74358,0
79452,74358,0,74282,0
79452,74282,0,73347,1
79452,73347,1,73369,1
79452,73369,1,74011,1
79452,74011,1,74024,1
79452,74024,1,74030,0
79452,74030,0,74140,1
79452,74140,1,74150,1
79452,74150,1,74135,1
79452,74135,1,49358,1
79452,49358,1,49319,1
79452,49319,1,49331,1
79452,49331,1,49298,1
79452,49298,1,49325,1
79452,49325,1,109011,0
79452,109011,0,109002,0
79452,109002,0,108957,0
79452,108957,0,108990,0
79452,108990,0,108996,0
79452,108996,0,108984,0
79452,108984,0,108900,1
79452,108900,1,109008,1
79452,109008,1,108927,1
79452,108927,1,108924,1
79452,108924,1,90759,1
79452,90759,1,49358,1
79452,49358,1,49319,1
79452,49319,1,49331,1
79452,49331,1,49298,1
79452,49298,1,49325,1
79452,49325,1,55867,1
79452,55867,1,55012,0
79452,55012,0,55037,0
79452,55037,0,55018,0
79452,55018,0,55040,0
79452,55040,0,55039,1
79452,55039,1,55867,1
79452,55867,1,73572,0
79452,73572,0,73573,0
79452,73573,0,73574,0
79452,73574,0,73656,0
79452,73656,0,73657,1
79452,73657,1,73658,1
79452,73658,1,73576,1
79452,73576,1,73577,0
79452,73577,0,73578,1
79452,73578,1,73516,0
79452,73516,0,73517,1
79452,73517,1,73518,1
79452,73518,1,73608,0
79452,73608,0,73609,0
79452,73609,0,73610,1
79452,73610,1,74031,1
79452,74031,1,74032,1
79452,74032,1,74033,0
79452,74033,0,74034,1
79452,74034,1,74359,0
79452,74359,0,74360,0
79452,74360,0,74361,0
79452,74361,0,74283,0
79452,74283,0,74284,1
79452,74284,1,74285,0
79452,74285,0,109012,1
79452,109012,1,109004,1
79452,109004,1,108958,1
79452,108958,1,108992,1
79452,108992,1,108997,1
79452,108997,1,108986,1
79456,74030,0,74070,1
79456,74070,1,74060,1
79456,74060,1,74150,0
79456,74150,0,74080,0
79456,74080,0,73615,0
79456,73615,0,73615,0
79456,73615,0,73437,0
79456,73437,0,74011,1
79456,74011,1,74016,1
79456,74016,1,74030,0
79456,74030,0,74070,1
79456,74070,1,74060,1
79456,74060,1,74150,0
79456,74150,0,74080,0
79456,74080,0,73438,0
79456,73438,0,73616,0
79456,73616,0,73617,1
79456,73617,1,73618,0
79456,73618,0,74031,0
79456,74031,0,74032,0
79456,74032,0,74033,1
79456,74033,1,74034,1
79456,74034,1,74151,1
79456,74151,1,74152,0
79456,74152,0,74153,0
79456,74153,0,74154,1
79456,74154,1,74081,1
79456,74081,1,74083,0
79458,74105,1,74080,0
79458,74080,0,74145,0
79458,74145,0,74125,0
79458,74125,0,74030,0
79458,74030,0,73567,0
79458,73567,0,73647,1
79458,73647,1,73575,1
79458,73575,1,73735,1
79458,73735,1,73567,0
79458,73567,0,73647,1
79458,73647,1,73575,1
79458,73575,1,73735,1
79458,73735,1,73361,1
79458,73361,1,73385,0
79458,73385,0,73433,1
79458,73433,1,73449,1
79458,73449,1,73369,1
79458,73369,1,74020,1
79458,74020,1,74011,1
79458,74011,1,74105,1
79458,74105,1,74080,0
79458,74080,0,74145,0
79458,74145,0,74125,0
79458,74125,0,74030,0
79458,74030,0,73386,0
79458,73386,0,73387,0
79458,73387,0,73388,1
79458,73388,1,73568,0
79458,73568,0,73569,1
79458,73569,1,73570,0
79458,73570,0,74081,0
79458,74081,0,74082,1
79458,74082,1,74083,1
79458,74083,1,74084,1
79458,74084,1,74146,0
79458,74146,0,74147,1
79458,74147,1,74148,0
79458,74148,0,74149,1
79458,74149,1,74126,0
79458,74126,0,74127,1
79458,74127,1,74128,1
79458,74128,1,74129,1
79458,74129,1,74031,0
79458,74031,0,74032,1
79458,74032,1,74033,1
79458,74033,1,74034,1
79501,74070,1,74110,0
79501,74110,0,74135,1
79501,74135,1,74105,1
79501,74105,1,74095,1
79501,74095,1,73655,0
79501,73655,0,73571,0
79501,73571,0,74512,0
79501,74512,0,74502,0
79501,74502,0,74487,0
79501,74487,0,74537,1
79501,74537,1,74350,0
79501,74350,0,73671,1
79501,73671,1,73495,1
79501,73495,1,74306,1
79501,74306,1,74326,1
79501,74326,1,74507,1
79501,74507,1,74472,0
79501,74472,0,74542,0
79501,74542,0,74477,1
79501,74477,1,74532,1
79501,74532,1,74416,1
79501,74416,1,73655,0
79501,73655,0,73571,0
79501,73571,0,74556,1
79501,74556,1,74574,1
79501,74574,1,74512,0
79501,74512,0,74502,0
79501,74502,0,74487,0
79501,74487,0,74537,1
79501,74537,1,74350,0
79501,74350,0,73671,1
79501,73671,1,73495,1
79501,73495,1,74306,1
79501,74306,1,74326,1
79501,74326,1,74507,1
79501,74507,1,74472,0
79501,74472,0,74542,0
79501,74542,0,74477,1
79501,74477,1,74532,1
79501,74532,1,74416,1
79501,74416,1,73365,1
79501,73365,1,73441,1
79501,73441,1,74024,1
79501,74024,1,74011,1
79501,74011,1,74070,1
79501,74070,1,74110,0
79501,74110,0,74135,1
79501,74135,1,74105,1
79501,74105,1,74095,1
79501,74095,1,74005,1
79501,74005,1,74009,1
79501,74009,1,74407,1
79501,74407,1,92962,1
79501,92962,1,73656,1
79501,73656,1,73657,0
79501,73657,0,73658,1
79501,73658,1,73572,1
79501,73572,1,73573,0
79501,73573,0,74111,1
79501,74111,1,74112,1
79501,74112,1,74113,1
79501,74113,1,74114,1
79501,74114,1,74513,1
79501,74513,1,74514,0
79501,74514,0,74515,0
79501,74515,0,74516,1
79501,74516,1,74503,1
79501,74503,1,74504,0
79501,74504,0,74505,0
79501,74505,0,74506,1
79501,74506,1,74488,1
79501,74488,1,74489,0
79501,74489,0,74490,0
79501,74490,0,74491,1
79501,74491,1,74351,0
79501,74351,0,73574,1
79501,73574,1,74353,0
79501,74353,0,74473,1
79501,74473,1,74474,1
79501,74474,1,74475,1
79501,74475,1,74476,1
79501,74476,1,74543,1
79501,74543,1,74544,1
79501,74544,1,74545,0
79501,74545,0,74546,1
79502,74030,1,74095,1
79502,74095,1,73615,0
79502,73615,0,74306,0
79502,74306,0,74354,0
79502,74354,0,74330,1
79502,74330,1,74290,0
79502,74290,0,74322,1
79502,74322,1,74537,0
79502,74537,0,74346,1
79502,74346,1,74358,0
79502,74358,0,74334,1
79502,74334,1,74326,1
79502,74326,1,74294,1
79502,74294,1,74472,0
79502,74472,0,74432,0
79502,74432,0,73615,0
79502,73615,0,74306,0
79502,74306,0,74354,0
79502,74354,0,74330,1
79502,74330,1,74290,0
79502,74290,0,74322,1
79502,74322,1,74537,0
79502,74537,0,74346,1
79502,74346,1,74358,0
79502,74358,0,74334,1
79502,74334,1,74326,1
79502,74326,1,74294,1
79502,74294,1,74472,0
79502,74472,0,74432,0
79502,74432,0,74575,0
79502,74575,0,74556,1
79502,74556,1,74552,1
79502,74552,1,74564,1
79502,74564,1,73343,1
79502,73343,1,73347,1
79502,73347,1,74010,1
79502,74010,1,74018,1
79502,74018,1,74030,1
79502,74030,1,74095,1
79502,74095,1,74008,0
79502,74008,0,74021,1
79502,74021,1,74007,1
79502,74007,1,74016,1
79502,74016,1,73616,0
79502,73616,0,74307,0
79502,74307,0,74308,0
79502,74308,0,74309,0
79502,74309,0,74355,0
79502,74355,0,74356,0
79502,74356,0,74357,0
79502,74357,0,74291,0
79502,74291,0,74292,1
79502,74292,1,74293,1
79502,74293,1,74538,0
79502,74538,0,74359,1
79502,74359,1,74360,0
79502,74360,0,74361,1
79502,74361,1,74540,0
79502,74540,0,74473,1
79502,74473,1,74474,0
79502,74474,0,74475,0
79502,74475,0,74476,0
79502,74476,0,74433,1
79502,74433,1,74434,0
79503,74095,1,74050,1
79503,74050,1,73575,0
79503,73575,0,73627,0
79503,73627,0,73655,1
79503,73655,1,73527,1
79503,73527,1,73607,0
79503,73607,0,74322,0
79503,74322,0,74290,1
79503,74290,1,74326,1
79503,74326,1,74346,1
79503,74346,1,73535,1
79503,73535,1,73687,1
79503,73687,1,73531,1
79503,73531,1,74517,1
79503,74517,1,73575,0
79503,73575,0,73627,0
79503,73627,0,73655,1
79503,73655,1,73527,1
79503,73527,1,73607,0
79503,73607,0,74322,0
79503,74322,0,74290,1
79503,74290,1,74326,1
79503,74326,1,74346,1
79503,74346,1,73535,1
79503,73535,1,73687,1
79503,73687,1,73531,1
79503,73531,1,74517,1
79503,74517,1,74568,1
79503,74568,1,74581,1
79503,74581,1,73361,1
79503,73361,1,73461,1
79503,73461,1,74017,1
79503,74017,1,74023,1
79503,74023,1,74095,1
79503,74095,1,74050,1
79503,74050,1,74402,1
79503,74402,1,74024,1
79503,74024,1,74013,1
79503,74013,1,92986,1
79503,92986,1,92999,1
79503,92999,1,93017,0
79503,93017,0,93031,1
79503,93031,1,93025,1
79503,93025,1,92955,0
79503,92955,0,92972,0
79503,92972,0,73576,0
79503,73576,0,73577,1
79503,73577,1,73578,1
79503,73578,1,73628,1
79503,73628,1,73629,1
79503,73629,1,73630,1
79503,73630,1,73608,1
79503,73608,1,73609,1
79503,73609,1,73610,1
79503,73610,1,74323,0
79503,74323,0,74324,0
79503,74324,0,74325,1
79504,74135,0,74060,1
79504,74060,1,74105,1
79504,74105,1,74055,1
79504,74055,1,73571,0
79504,73571,0,73655,1
79504,73655,1,73527,0
79504,73527,0,73499,1
79504,73499,1,73735,1
79504,73735,1,74354,0
79504,74354,0,74358,1
79504,74358,1,74350,1
79504,74350,1,74342,1
79504,74342,1,74512,0
79504,74512,0,74507,1
79504,74507,1,74532,1
79504,74532,1,74416,1
79504,74416,1,73511,0
79504,73511,0,73535,1
79504,73535,1,73575,1
79504,73575,1,73647,1
79504,73647,1,73571,0
79504,73571,0,73655,1
79504,73655,1,73527,0
79504,73527,0,73499,1
79504,73499,1,73735,1
79504,73735,1,74354,0
79504,74354,0,74358,1
79504,74358,1,74350,1
79504,74350,1,74342,1
79504,74342,1,74512,0
79504,74512,0,74507,1
79504,74507,1,74532,1
79504,74532,1,74416,1
79504,74416,1,73511,0
79504,73511,0,73535,1
79504,73535,1,73575,1
79504,73575,1,73647,1
79504,73647,1,74558,1
79504,74558,1,74557,0
79504,74557,0,74572,1
79504,74572,1,74554,1
79504,74554,1,74571,1
79504,74571,1,73441,1
79504,73441,1,73449,1
79504,73449,1,74002,1
79504,74002,1,74024,1
79504,74024,1,74135,0
79504,74135,0,74060,1
79504,74060,1,74105,1
79504,74105,1,74055,1
79504,74055,1,74011,1
79504,74011,1,74001,1
79504,74001,1,93004,1
79504,93004,1,93020,1
79504,93020,1,92960,0
79504,92960,0,92964,1
79504,92964,1,73572,0
79504,73572,0,73573,0
79504,73573,0,73574,1
79504,73574,1,73528,0
79504,73528,0,73529,1
79504,73529,1,73530,1
79504,73530,1,74136,0
79504,74136,0,74137,0
79504,74137,0,74138,1
79504,74138,1,74139,1
79504,74139,1,74513,1
79504,74513,1,74514,0
79504,74514,0,74515,1
79504,74515,1,74516,1
79504,74516,1,73512,1
79504,73512,1,73513,1
79504,73513,1,73514,1
79505,74135,1,74060,1
79505,74060,1,73499,0
79505,73499,0,73515,0
79505,73515,0,74294,1
79505,74294,1,74350,0
79505,74350,0,73571,1
79505,73571,1,74542,0
79505,74542,0,74457,1
79505,74457,1,73499,0
79505,73499,0,73515,0
79505,73515,0,74294,1
79505,74294,1,74350,0
79505,74350,0,73571,1
79505,73571,1,74542,0
79505,74542,0,74457,1
79505,74457,1,74552,1
79505,74552,1,74555,1
79505,74555,1,73405,1
79505,73405,1,73433,1
79505,73433,1,74023,0
79505,74023,0,74024,1
79505,74024,1,74135,1
79505,74135,1,74060,1
79505,74060,1,74027,1
79505,74027,1,74000,1
79505,74000,1,92995,0
79505,92995,0,92987,1
79505,92987,1,92996,1
79505,92996,1,93043,0
79505,93043,0,92972,0
79505,92972,0,92977,1
79505,92977,1,92983,1
79505,92983,1,73500,0
79505,73500,0,73502,0
79505,73502,0,73518,0
79505,73518,0,74351,0
79505,74351,0,74353,0
79505,74353,0,74543,0
79505,74543,0,74544,0
79505,74544,0,74545,1
79506,74165,1,74110,1
79506,74110,1,73647,0
79506,73647,0,73735,0
79506,73735,0,73527,0
79506,73527,0,73655,1
79506,73655,1,73615,0
79506,73615,0,74306,0
79506,74306,0,74342,0
79506,74342,0,74322,1
79506,74322,1,74326,0
79506,74326,0,74358,1
79506,74358,1,73651,1
79506,73651,1,73499,0
79506,73499,0,73627,0
79506,73627,0,73607,0
79506,73607,0,73687,1
79506,73687,1,73511,1
79506,73511,1,73551,1
79506,73551,1,74507,0
79506,74507,0,74346,1
79506,74346,1,74334,1
79506,74334,1,74527,0
79506,74527,0,74457,1
79506,74457,1,74412,0
79506,74412,0,74432,1
79506,74432,1,74497,0
79506,74497,0,74532,0
79506,74532,0,74537,0
79506,74537,0,74517,1
79506,74517,1,74467,1
79506,74467,1,73647,0
79506,73647,0,73735,0
79506,73735,0,73527,0
79506,73527,0,73655,1
79506,73655,1,73615,0
79506,73615,0,74306,0
79506,74306,0,74342,0
79506,74342,0,74322,1
79506,74322,1,74326,0
79506,74326,0,74358,1
79506,74358,1,73651,1
79506,73651,1,73499,0
79506,73499,0,73627,0
79506,73627,0,73607,0
79506,73607,0,73687,1
79506,73687,1,73511,1
79506,73511,1,73551,1
79506,73551,1,74507,0
79506,74507,0,74346,1
79506,74346,1,74334,1
79506,74334,1,74527,0
79506,74527,0,74457,1
79506,74457,1,74412,0
79506,74412,0,74432,1
79506,74432,1,74497,0
79506,74497,0,74532,0
79506,74532,0,74563,1
79506,74563,1,74574,1
79506,74574,1,74537,0
79506,74537,0,74517,1
79506,74517,1,74467,1
79506,74467,1,73445,1
79506,73445,1,73409,1
79506,73409,1,74004,0
79506,74004,0,74016,1
79506,74016,1,74024,1
79506,74024,1,74006,1
79506,74006,1,74165,1
79506,74165,1,74110,1
79506,74110,1,74402,1
79506,74402,1,74027,1
79506,74027,1,74017,1
79506,74017,1,74404,1
79506,74404,1,92965,1
79506,92965,1,73648,0
79506,73648,0,73649,1
79506,73649,1,73650,0
79506,73650,0,73736,1
79506,73736,1,73737,0
79506,73737,0,73738,1
79506,73738,1,73528,1
79506,73528,1,73529,0
79506,73529,0,73530,1
79506,73530,1,73616,1
79506,73616,1,73617,1
79506,73617,1,73618,1
79506,73618,1,74307,1
79506,74307,1,74308,1
79506,74308,1,74309,0
79506,74309,0,74343,1
79506,74343,1,74344,0
79506,74344,0,74345,1
79506,74345,1,74327,1
79506,74327,1,74328,0
79506,74328,0,74329,1
79506,74329,1,73500,1
79506,73500,1,73501,0
79506,73501,0,73502,1
79506,73502,1,73628,1
79506,73628,1,73629,0
79506,73629,0,73630,1
79506,73630,1,73608,1
79506,73608,1,73609,0
79506,73609,0,73610,1
79506,73610,1,74508,1
79506,74508,1,74509,0
79506,74509,0,74510,1
79506,74510,1,74511,1
79506,74511,1,74528,1
79506,74528,1,74529,0
79506,74529,0,74530,0
79506,74530,0,74531,1
79506,74531,1,74413,1
79506,74413,1,74414,1
79506,74414,1,74415,1
79506,74415,1,74498,1
79506,74498,1,74499,0
79506,74499,0,74500,0
79506,74500,0,74501,1
79506,74501,1,74533,1
79506,74533,1,74534,0
79506,74534,0,74535,1
79506,74535,1,74536,1
79506,74536,1,74538,0
79506,74538,0,74539,1
79506,74539,1,74540,0
79506,74540,0,74541,1
79507,74160,1,74145,1
79507,74145,1,73655,0
79507,73655,0,73607,0
79507,73607,0,73531,1
79507,73531,1,73671,1
79507,73671,1,73651,0
79507,73651,0,74338,0
79507,74338,0,74306,1
79507,74306,1,74322,1
79507,74322,1,74350,1
79507,74350,1,74467,1
79507,74467,1,74542,1
79507,74542,1,73499,1
79507,73499,1,73567,1
79507,73567,1,73515,1
79507,73515,1,73655,0
79507,73655,0,73607,0
79507,73607,0,73531,1
79507,73531,1,73671,1
79507,73671,1,73651,0
79507,73651,0,74338,0
79507,74338,0,74306,1
79507,74306,1,74322,1
79507,74322,1,74350,1
79507,74350,1,74467,1
79507,74467,1,74542,1
79507,74542,1,74554,1
79507,74554,1,74581,1
79507,74581,1,73499,1
79507,73499,1,73567,1
79507,73567,1,73515,1
79507,73515,1,73433,1
79507,73433,1,73449,1
79507,73449,1,74027,1
79507,74027,1,74015,1
79507,74015,1,74160,1
79507,74160,1,74145,1
79507,74145,1,74005,1
79507,74005,1,74004,1
79507,74004,1,93014,0
79507,93014,0,93007,1
79507,93007,1,93031,1
79507,93031,1,92974,1
79507,92974,1,73656,0
79507,73656,0,73657,0
79507,73657,0,73658,1
79507,73658,1,73608,1
79507,73608,1,73609,1
79507,73609,1,73610,1
79507,73610,1,73652,1
79507,73652,1,73653,1
79507,73653,1,73654,1
79507,73654,1,74339,1
79507,74339,1,74340,0
79507,74340,0,74341,1
79508,74040,1,74140,1
79508,74140,1,73607,0
79508,73607,0,73551,1
79508,73551,1,73495,0
79508,73495,0,73651,1
79508,73651,1,73499,1
79508,73499,1,74342,0
79508,74342,0,74358,1
79508,74358,1,74346,1
79508,74346,1,74334,0
79508,74334,0,74294,1
79508,74294,1,74452,0
79508,74452,0,74522,0
79508,74522,0,74482,0
79508,74482,0,73687,1
79508,73687,1,74282,1
79508,74282,1,74330,0
79508,74330,0,74338,0
79508,74338,0,74290,1
79508,74290,1,74322,1
79508,74322,1,74306,1
79508,74306,1,74542,1
79508,74542,1,74457,0
79508,74457,0,74412,0
79508,74412,0,74512,0
79508,74512,0,74432,1
79508,74432,1,74462,1
79508,74462,1,73607,0
79508,73607,0,73551,1
79508,73551,1,73495,0
79508,73495,0,73651,1
79508,73651,1,73499,1
79508,73499,1,74342,0
79508,74342,0,74358,1
79508,74358,1,74346,1
79508,74346,1,74334,0
79508,74334,0,74294,1
79508,74294,1,74452,0
79508,74452,0,74522,0
79508,74522,0,74482,0
79508,74482,0,73687,1
79508,73687,1,74580,1
79508,74580,1,74575,1
79508,74575,1,74282,1
79508,74282,1,74330,0
79508,74330,0,74338,0
79508,74338,0,74290,1
79508,74290,1,74322,1
79508,74322,1,74306,1
79508,74306,1,74542,1
79508,74542,1,74457,0
79508,74457,0,74412,0
79508,74412,0,74512,0
79508,74512,0,74432,1
79508,74432,1,74462,1
79508,74462,1,73357,0
79508,73357,0,73437,1
79508,73437,1,73465,1
79508,73465,1,73433,0
79508,73433,0,73397,1
79508,73397,1,74003,1
79508,74003,1,74015,1
79508,74015,1,74040,1
79508,74040,1,74140,1
79508,74140,1,74407,1
79508,74407,1,73409,1
79508,73409,1,73361,1
79508,73361,1,74014,1
79508,74014,1,74011,1
79508,74011,1,74404,1
79508,74404,1,74403,1
79508,74403,1,93038,1
79508,93038,1,73358,0
79508,73358,0,73359,1
79508,73359,1,73360,1
79508,73360,1,73434,1
79508,73434,1,73435,1
79508,73435,1,73436,1
79508,73436,1,73608,0
79508,73608,0,73609,0
79508,73609,0,73610,1
79508,73610,1,73496,1
79508,73496,1,73497,0
79508,73497,0,73498,1
79508,73498,1,74335,1
79508,74335,1,74336,0
79508,74336,0,74337,1
79508,74337,1,74453,0
79508,74453,0,74454,0
79508,74454,0,74455,0
79508,74455,0,74456,1
79508,74456,1,74523,0
79508,74523,0,74524,1
79508,74524,1,74525,0
79508,74525,0,74526,1
79508,74526,1,74331,1
79508,74331,1,74332,0
79508,74332,0,74333,1
79508,74333,1,74339,1
79508,74339,1,74340,1
79508,74340,1,74341,1
79508,74341,1,74483,1
79508,74483,1,74484,1
79508,74484,1,74485,0
79508,74485,0,74486,1
79508,74486,1,74458,0
79508,74458,0,74459,1
79508,74459,1,74460,0
79508,74460,0,74461,1
79508,74461,1,74413,0
79508,74413,0,74415,0
79508,74415,0,74513,1
79508,74513,1,74514,0
79508,74514,0,74515,0
79508,74515,0,74516,1
79509,74165,0,74145,1
79509,74145,1,74135,1
79509,74135,1,73531,0
79509,73531,0,73671,1
79509,73671,1,73499,0
79509,73499,0,73535,0
79509,73535,0,73687,0
79509,73687,0,73527,1
79509,73527,1,73651,1
79509,73651,1,73567,1
79509,73567,1,74346,0
79509,74346,0,74322,1
79509,74322,1,74290,1
79509,74290,1,74342,0
79509,74342,0,74306,1
79509,74306,1,74537,0
79509,74537,0,74547,0
79509,74547,0,74350,0
79509,74350,0,74282,1
79509,74282,1,74502,0
79509,74502,0,74416,0
79509,74416,0,74507,1
79509,74507,1,74467,0
79509,74467,0,74432,0
79509,74432,0,74522,1
79509,74522,1,74420,0
79509,74420,0,74527,0
79509,74527,0,74412,1
79509,74412,1,74492,0
79509,74492,0,74512,0
79509,74512,0,74497,1
79509,74497,1,74532,0
79509,74532,0,74462,0
79509,74462,0,73531,0
79509,73531,0,73671,1
79509,73671,1,73499,0
79509,73499,0,73535,0
79509,73535,0,73687,0
79509,73687,0,73527,1
79509,73527,1,73651,1
79509,73651,1,73567,1
79509,73567,1,74346,0
79509,74346,0,74322,1
79509,74322,1,74290,1
79509,74290,1,74342,0
79509,74342,0,74306,1
79509,74306,1,74537,0
79509,74537,0,74547,0
79509,74547,0,74560,1
79509,74560,1,74572,1
79509,74572,1,74350,0
79509,74350,0,74282,1
79509,74282,1,74502,0
79509,74502,0,74416,0
79509,74416,0,74507,1
79509,74507,1,74467,0
79509,74467,0,74432,0
79509,74432,0,74522,1
79509,74522,1,74420,0
79509,74420,0,74527,0
79509,74527,0,74412,1
79509,74412,1,74492,0
79509,74492,0,74512,0
79509,74512,0,74497,1
79509,74497,1,74532,0
79509,74532,0,74462,0
79509,74462,0,73457,1
79509,73457,1,73385,1
79509,73385,1,74000,1
79509,74000,1,74011,1
79509,74011,1,74165,0
79509,74165,0,74145,1
79509,74145,1,74135,1
79509,74135,1,74029,1
79509,74029,1,74023,1
79509,74023,1,74407,1
79509,74407,1,74402,1
79509,74402,1,92958,1
79509,92958,1,73532,0
79509,73532,0,73533,0
79509,73533,0,73534,0
79509,73534,0,73500,0
79509,73500,0,73501,0
79509,73501,0,73502,1
79509,73502,1,73536,1
79509,73536,1,73537,1
79509,73537,1,73538,1
79509,73538,1,73688,1
79509,73688,1,73689,0
79509,73689,0,73690,1
79509,73690,1,74168,1
79509,74168,1,74347,0
79509,74347,0,74348,0
79509,74348,0,74349,1
79509,74349,1,74343,1
79509,74343,1,74344,0
79509,74344,0,74345,1
79509,74345,1,74538,1
79509,74538,1,74539,0
79509,74539,0,74540,0
79509,74540,0,74541,0
79509,74541,0,74353,0
79509,74353,0,74551,0
79509,74551,0,74503,1
79509,74503,1,74504,0
79509,74504,0,74505,0
79509,74505,0,74506,1
79509,74506,1,74417,1
79509,74417,1,74418,1
79509,74418,1,74419,1
79509,74419,1,74468,1
79509,74468,1,74469,0
79509,74469,0,74470,0
79509,74470,0,74471,1
79509,74471,1,74433,1
79509,74433,1,74434,1
79509,74434,1,74435,1
79509,74435,1,74421,1
79509,74421,1,74422,0
79509,74422,0,74423,0
79509,74423,0,74528,1
79509,74528,1,74529,1
79509,74529,1,74530,0
79509,74530,0,74531,1
79509,74531,1,74493,1
79509,74493,1,74494,1
79509,74494,1,74495,0
79509,74495,0,74496,1
79509,74496,1,74513,1
79509,74513,1,74514,1
79509,74514,1,74515,0
79509,74515,0,74516,1
79509,74516,1,74533,1
79509,74533,1,74534,1
79509,74534,1,74535,0
79509,74535,0,74536,1
79509,74536,1,74463,1
79509,74463,1,74464,0
79510,74150,1,74070,1
79510,74070,1,73515,0
79510,73515,0,73651,1
79510,73651,1,73687,1
79510,73687,1,73627,1
79510,73627,1,74282,1
79510,74282,1,74358,0
79510,74358,0,74342,1
79510,74342,1,74326,1
79510,74326,1,74354,0
79510,74354,0,74512,0
79510,74512,0,74432,1
79510,74432,1,74532,1
79510,74532,1,74412,1
79510,74412,1,74294,1
79510,74294,1,74306,1
79510,74306,1,74350,1
79510,74350,1,73515,0
79510,73515,0,73651,1
79510,73651,1,73687,1
79510,73687,1,73627,1
79510,73627,1,74282,1
79510,74282,1,74358,0
79510,74358,0,74342,1
79510,74342,1,74326,1
79510,74326,1,74354,0
79510,74354,0,74512,0
79510,74512,0,74432,1
79510,74432,1,74532,1
79510,74532,1,74412,1
79510,74412,1,74573,1
79510,74573,1,74556,1
79510,74556,1,74294,1
79510,74294,1,74306,1
79510,74306,1,74350,1
79510,74350,1,73361,1
79510,73361,1,73405,1
79510,73405,1,74013,1
79510,74013,1,74000,1
79510,74000,1,74150,1
79510,74150,1,74070,1
79510,74070,1,74022,1
79510,74022,1,74017,1
79510,74017,1,49376,1
79510,49376,1,49301,1
79510,49301,1,49292,1
79510,49292,1,49343,1
79510,49343,1,49367,1
79510,49367,1,108906,1
79510,108906,1,108963,0
79510,108963,0,108909,1
79510,108909,1,108927,1
79510,108927,1,109002,1
79510,109002,1,108954,1
79510,108954,1,108942,1
79510,108942,1,94073,1
79510,94073,1,49376,1
79510,49376,1,49301,1
79510,49301,1,49292,1
79510,49292,1,49343,1
79510,49343,1,49367,1
79510,49367,1,55681,1
79510,55681,1,93001,1
79510,93001,1,55013,1
79510,55013,1,55681,1
79510,55681,1,73516,1
79510,73516,1,73517,0
79510,73517,0,73518,1
79510,73518,1,74359,1
79510,74359,1,74360,0
79510,74360,0,74361,1
79510,74361,1,74355,0
79510,74355,0,74356,0
79510,74356,0,74357,1
79510,74357,1,74513,1
79510,74513,1,74514,0
79510,74514,0,74515,0
79510,74515,0,74516,1
79510,74516,1,108965,1
79511,74070,1,74170,1
79511,74170,1,73511,1
79511,73511,1,73499,1
79511,73499,1,74306,0
79511,74306,0,74338,0
79511,74338,0,74462,0
79511,74462,0,74497,1
79511,74497,1,74330,1
79511,74330,1,74354,1
79511,74354,1,73511,1
79511,73511,1,73499,1
79511,73499,1,74306,0
79511,74306,0,74338,0
79511,74338,0,74574,1
79511,74574,1,74570,1
79511,74570,1,74462,0
79511,74462,0,74497,1
79511,74497,1,74330,1
79511,74330,1,74354,1
79511,74354,1,73397,1
79511,73397,1,73433,1
79511,73433,1,74017,1
79511,74017,1,74016,1
79511,74016,1,74070,1
79511,74070,1,74170,1
79511,74170,1,74028,1
79511,74028,1,74020,1
79511,74020,1,49334,0
79511,49334,0,49335,1
79511,49335,1,49336,0
79511,49336,0,49364,1
79511,49364,1,49301,1
79511,49301,1,49367,1
79511,49367,1,49322,0
79511,49322,0,49323,0
79511,49323,0,49324,1
79511,49324,1,49370,0
79511,49370,0,49371,1
79511,49371,1,49372,1
79511,49372,1,49310,1
79511,49310,1,49337,1
79511,49337,1,49328,1
79511,49328,1,49373,1
79511,49373,1,49361,1
79511,49361,1,108954,1
79511,108954,1,108903,1
79511,108903,1,108987,1
79511,108987,1,108921,1
79511,108921,1,108948,1
79511,108948,1,94100,1
79511,94100,1,49334,0
79511,49334,0,49335,1
79511,49335,1,49336,0
79511,49336,0,49364,1
79511,49364,1,49301,1
79511,49301,1,49367,1
79511,49367,1,49322,0
79511,49322,0,49323,0
79511,49323,0,49324,1
79511,49324,1,49370,0
79511,49370,0,49371,1
79511,49371,1,49372,1
79511,49372,1,49310,1
79511,49310,1,49337,1
79511,49337,1,49328,1
79511,49328,1,49373,1
79511,49373,1,55891,0
79511,55891,0,55892,1
79511,55892,1,55893,1
79511,55893,1,55612,1
79511,55612,1,55804,1
79511,55804,1,55786,1
79511,55786,1,49361,1
79511,49361,1,92967,1
79511,92967,1,55011,0
79511,55011,0,55040,1
79511,55040,1,55035,1
79511,55035,1,55012,1
79511,55012,1,55891,0
79511,55891,0,55892,1
79511,55892,1,55893,1
79511,55893,1,55612,1
79511,55612,1,55804,1
79511,55804,1,55786,1
79511,55786,1,74307,1
79511,74307,1,74308,1
79511,74308,1,74309,0
79511,74309,0,74339,1
79511,74339,1,74340,0
79511,74340,0,74466,1
79511,74466,1,74341,0
79512,74045,1,74140,1
79512,74140,1,73527,0
79512,73527,0,73571,1
79512,73571,1,73551,0
79512,73551,0,73615,0
79512,73615,0,73651,0
79512,73651,0,73567,1
79512,73567,1,73535,1
79512,73535,1,73647,1
79512,73647,1,74467,0
79512,74467,0,74472,0
79512,74472,0,74432,0
79512,74432,0,74457,1
79512,74457,1,74282,0
79512,74282,0,74334,0
79512,74334,0,74346,0
79512,74346,0,74350,1
79512,74350,1,74354,1
79512,74354,1,74452,0
79512,74452,0,74487,0
79512,74487,0,74416,0
79512,74416,0,74512,0
79512,74512,0,74492,0
79512,74492,0,74497,0
79512,74497,0,74547,1
79512,74547,1,74330,0
79512,74330,0,74358,0
79512,74358,0,74290,1
79512,74290,1,74294,1
79512,74294,1,74326,0
79512,74326,0,74342,0
79512,74342,0,74338,1
79512,74338,1,74322,1
79512,74322,1,73527,0
79512,73527,0,73571,1
79512,73571,1,73551,0
79512,73551,0,73615,0
79512,73615,0,73651,0
79512,73651,0,73567,1
79512,73567,1,73535,1
79512,73535,1,73647,1
79512,73647,1,74467,0
79512,74467,0,74472,0
79512,74472,0,74432,0
79512,74432,0,74457,1
79512,74457,1,74567,0
79512,74567,0,74555,1
79512,74555,1,74558,1
79512,74558,1,74568,0
79512,74568,0,74572,1
79512,74572,1,74282,0
79512,74282,0,74334,0
79512,74334,0,74346,0
79512,74346,0,74350,1
79512,74350,1,74354,1
79512,74354,1,74452,0
79512,74452,0,74487,0
79512,74487,0,74416,0
79512,74416,0,74512,0
79512,74512,0,74492,0
79512,74492,0,74497,0
79512,74497,0,74547,1
79512,74547,1,74571,1
79512,74571,1,74578,1
79512,74578,1,74330,0
79512,74330,0,74358,0
79512,74358,0,74290,1
79512,74290,1,74294,1
79512,74294,1,74326,0
79512,74326,0,74342,0
79512,74342,0,74338,1
79512,74338,1,74322,1
79512,74322,1,73445,0
79512,73445,0,73373,1
79512,73373,1,73347,1
79512,73347,1,73361,1
79512,73361,1,74015,1
79512,74015,1,74013,1
79512,74013,1,74045,1
79512,74045,1,74140,1
79512,74140,1,74402,1
79512,74402,1,74010,1
79512,74010,1,74006,1
79512,74006,1,74404,1
79512,74404,1,92994,0
79512,92994,0,92998,0
79512,92998,0,92997,1
79512,92997,1,93007,1
79512,93007,1,93020,1
79512,93020,1,93039,0
79512,93039,0,73446,1
79512,73446,1,73447,0
79512,73447,0,73448,0
79512,73448,0,73528,0
79512,73528,0,73529,0
79512,73529,0,73530,0
79512,73530,0,73552,1
79512,73552,1,73553,0
79512,73553,0,73554,1
79512,73554,1,73616,1
79512,73616,1,73617,0
79512,73617,0,73618,1
79512,73618,1,73652,1
79512,73652,1,73653,0
79512,73653,0,73654,1
79512,73654,1,74468,1
79512,74468,1,74469,0
79512,74469,0,74470,0
79512,74470,0,74471,1
79512,74471,1,74473,0
79512,74473,0,74474,0
79512,74474,0,74475,0
79512,74475,0,74476,1
79512,74476,1,74433,0
79512,74433,0,74434,0
79512,74434,0,74435,0
79512,74435,0,74283,0
79512,74283,0,74284,1
79512,74284,1,74285,0
79512,74285,0,74335,0
79512,74335,0,74336,0
79512,74336,0,74337,0
79512,74337,0,74347,0
79512,74347,0,74348,0
79512,74348,0,74349,1
79512,74349,1,74453,0
79512,74453,0,74454,0
79512,74454,0,74455,1
79512,74455,1,74456,1
79512,74456,1,74488,0
79512,74488,0,74489,0
79512,74489,0,74490,0
79512,74490,0,74491,1
79512,74491,1,74417,0
79512,74417,0,74418,0
79512,74418,0,74419,0
79512,74419,0,74513,0
79512,74513,0,74514,0
79512,74514,0,74515,0
79512,74515,0,74516,0
79512,74516,0,74493,1
79512,74493,1,74494,0
79512,74494,0,74495,0
79512,74495,0,74496,1
79512,74496,1,74498,1
79512,74498,1,74499,1
79512,74499,1,74500,0
79512,74500,0,74501,1
79512,74501,1,74331,0
79512,74331,0,74332,0
79512,74332,0,74333,1
79512,74333,1,74359,0
79512,74359,0,74360,0
79512,74360,0,74361,0
79512,74361,0,74327,0
79512,74327,0,74328,0
79512,74328,0,74329,1
79512,74329,1,74343,0
79512,74343,0,74344,0
79512,74344,0,74345,1
79513,74085,1,74095,1
79513,74095,1,73651,0
79513,73651,0,73615,0
79513,73615,0,73735,0
79513,73735,0,73511,0
79513,73511,0,73687,0
79513,73687,0,74338,0
79513,74338,0,74420,0
79513,74420,0,73607,0
79513,73607,0,73515,1
79513,73515,1,73535,1
79513,73535,1,73671,1
79513,73671,1,74330,0
79513,74330,0,74502,0
79513,74502,0,74482,0
79513,74482,0,74532,1
79513,74532,1,74522,0
79513,74522,0,74512,0
79513,74512,0,74497,1
79513,74497,1,74547,1
79513,74547,1,74527,1
79513,74527,1,74322,1
79513,74322,1,73651,0
79513,73651,0,73615,0
79513,73615,0,73735,0
79513,73735,0,73511,0
79513,73511,0,73687,0
79513,73687,0,74338,0
79513,74338,0,74420,0
79513,74420,0,73607,0
79513,73607,0,73515,1
79513,73515,1,73535,1
79513,73535,1,73671,1
79513,73671,1,74330,0
79513,74330,0,74574,1
79513,74574,1,74565,1
79513,74565,1,74502,0
79513,74502,0,74482,0
79513,74482,0,74532,1
79513,74532,1,74522,0
79513,74522,0,74512,0
79513,74512,0,74497,1
79513,74497,1,74547,1
79513,74547,1,74527,1
79513,74527,1,74322,1
79513,74322,1,73421,1
79513,73421,1,73389,1
79513,73389,1,74023,0
79513,74023,0,74007,1
79513,74007,1,74015,1
79513,74015,1,74022,1
79513,74022,1,74085,1
79513,74085,1,74095,1
79513,74095,1,74015,1
79513,74015,1,74016,1
79513,74016,1,74404,1
79513,74404,1,49376,1
79513,49376,1,49346,1
79513,49346,1,49364,1
79513,49364,1,49307,1
79513,49307,1,49334,0
79513,49334,0,49335,1
79513,49335,1,49336,0
79513,49336,0,49304,1
79513,49304,1,94932,1
79513,94932,1,49376,1
79513,49376,1,49346,1
79513,49346,1,49364,1
79513,49364,1,49307,1
79513,49307,1,49334,0
79513,49334,0,49335,1
79513,49335,1,49336,0
79513,49336,0,49304,1
79513,49304,1,92981,1
79513,92981,1,73652,0
79513,73652,0,73653,1
79513,73653,1,73654,0
79513,73654,0,73616,0
79513,73616,0,73617,1
79513,73617,1,73618,1
79513,73618,1,73736,1
79513,73736,1,73737,1
79513,73737,1,73738,1
79513,73738,1,73512,1
79513,73512,1,73513,0
79513,73513,0,73514,1
79513,73514,1,73688,1
79513,73688,1,73689,0
79513,73689,0,73690,1
79513,73690,1,74339,0
79513,74339,0,74340,0
79513,74340,0,74341,0
79513,74341,0,74421,0
79513,74421,0,73608,1
79513,73608,1,73609,1
79513,73609,1,73610,1
79513,73610,1,74423,1
79513,74423,1,74333,0
79513,74333,0,74503,1
79513,74503,1,74504,0
79513,74504,0,74505,0
79513,74505,0,74506,1
79513,74506,1,74483,1
79513,74483,1,74484,0
79513,74484,0,74485,0
79513,74485,0,74486,1
79513,74486,1,74523,1
79513,74523,1,74524,0
79513,74524,0,74525,0
79513,74525,0,74513,1
79513,74513,1,74514,0
79513,74514,0,74515,0
79513,74515,0,74516,1
79514,74135,0,74040,1
79514,74040,1,74160,1
79514,74160,1,74125,1
79514,74125,1,73567,0
79514,73567,0,74424,0
79514,74424,0,74420,0
79514,74420,0,74412,1
79514,74412,1,74492,0
79514,74492,0,74354,0
79514,74354,0,74346,1
79514,74346,1,74507,1
79514,74507,1,73627,1
79514,73627,1,73647,0
79514,73647,0,73607,0
79514,73607,0,73687,1
79514,73687,1,73735,1
79514,73735,1,73615,1
79514,73615,1,73567,0
79514,73567,0,74572,1
79514,74572,1,74562,1
79514,74562,1,74424,0
79514,74424,0,74420,0
79514,74420,0,74412,1
79514,74412,1,74492,0
79514,74492,0,74354,0
79514,74354,0,74346,1
79514,74346,1,74507,1
79514,74507,1,73627,1
79514,73627,1,73647,0
79514,73647,0,73607,0
79514,73607,0,73687,1
79514,73687,1,73735,1
79514,73735,1,73615,1
79514,73615,1,73347,1
79514,73347,1,73457,0
79514,73457,0,74029,0
79514,74029,0,74004,1
79514,74004,1,74006,1
79514,74006,1,74025,1
79514,74025,1,74135,0
79514,74135,0,74040,1
79514,74040,1,74160,1
79514,74160,1,74125,1
79514,74125,1,74023,1
79514,74023,1,74017,1
79514,74017,1,73397,1
79514,73397,1,92970,1
79514,92970,1,73458,0
79514,73458,0,73459,0
79514,73459,0,73568,0
79514,73568,0,74425,1
79514,74425,1,74426,0
79514,74426,0,74427,0
79514,74427,0,74421,1
79514,74421,1,74422,1
79514,74422,1,74423,0
79514,74423,0,74493,1
79514,74493,1,74494,0
79514,74494,0,74355,0
79514,74355,0,74136,0
79514,74136,0,74137,1
79514,74137,1,74138,1
79514,74138,1,74139,1
79514,74139,1,73570,0
79514,73570,0,73460,1
79514,73460,1,74357,0
79514,74357,0,74495,0
79514,74495,0,73648,0
79514,73648,0,73649,0
79514,73649,0,73650,1
79514,73650,1,73608,1
79514,73608,1,73609,1
79514,73609,1,73610,1
79515,74065,1,74140,1
79515,74140,1,73511,0
79515,73511,0,73531,0
79515,73531,0,73495,0
79515,73495,0,73627,0
79515,73627,0,73515,1
79515,73515,1,74354,0
79515,74354,0,74542,0
79515,74542,0,74502,0
79515,74502,0,74537,0
79515,74537,0,74472,0
79515,74472,0,73671,1
79515,73671,1,73655,0
79515,73655,0,73535,0
79515,73535,0,73647,0
79515,73647,0,73687,1
79515,73687,1,73551,1
79515,73551,1,73735,1
79515,73735,1,74358,0
79515,74358,0,74346,0
79515,74346,0,74322,1
79515,74322,1,74334,1
79515,74334,1,74282,1
79515,74282,1,74482,0
79515,74482,0,74497,0
79515,74497,0,74512,0
79515,74512,0,74428,0
79515,74428,0,74452,1
79515,74452,1,74522,1
79515,74522,1,73511,0
79515,73511,0,73531,0
79515,73531,0,73495,0
79515,73495,0,73627,0
79515,73627,0,73515,1
79515,73515,1,74354,0
79515,74354,0,74542,0
79515,74542,0,74502,0
79515,74502,0,74537,0
79515,74537,0,74472,0
79515,74472,0,74572,0
79515,74572,0,74553,1
79515,74553,1,74556,1
79515,74556,1,74570,1
79515,74570,1,73671,1
79515,73671,1,73655,0
79515,73655,0,73535,0
79515,73535,0,73647,0
79515,73647,0,73687,1
79515,73687,1,73551,1
79515,73551,1,73735,1
79515,73735,1,74358,0
79515,74358,0,74346,0
79515,74346,0,74322,1
79515,74322,1,74334,1
79515,74334,1,74282,1
79515,74282,1,74482,0
79515,74482,0,74497,0
79515,74497,0,74512,0
79515,74512,0,74428,0
79515,74428,0,74452,1
79515,74452,1,74522,1
79515,74522,1,73401,1
79515,73401,1,73461,1
79515,73461,1,74001,1
79515,74001,1,74029,1
79515,74029,1,74065,1
79515,74065,1,74140,1
79515,74140,1,74403,1
79515,74403,1,74026,1
79515,74026,1,74017,1
79515,74017,1,74407,1
79515,74407,1,92988,1
79515,92988,1,93015,0
79515,93015,0,73512,0
79515,73512,0,73513,0
79515,73513,0,73514,1
79515,73514,1,73532,0
79515,73532,0,73533,1
79515,73533,1,73534,1
79515,73534,1,73496,1
79515,73496,1,73497,0
79515,73497,0,73498,1
79515,73498,1,73628,1
79515,73628,1,73629,1
79515,73629,1,73630,1
79515,73630,1,74355,0
79515,74355,0,74356,0
79515,74356,0,74357,0
79515,74357,0,74543,1
79515,74543,1,74544,0
79515,74544,0,74545,0
79515,74545,0,74546,1
79515,74546,1,74503,0
79515,74503,0,74504,0
79515,74504,0,74505,0
79515,74505,0,74506,1
79515,74506,1,74538,1
79515,74538,1,74539,0
79515,74539,0,74540,0
79515,74540,0,74541,1
79515,74541,1,74473,1
79515,74473,1,74474,1
79515,74474,1,74475,0
79515,74475,0,74476,1
79515,74476,1,73656,1
79515,73656,1,73657,0
79515,73657,0,73658,1
79515,73658,1,73536,1
79515,73536,1,73537,1
79515,73537,1,73538,1
79515,73538,1,73648,1
79515,73648,1,73649,0
79515,73649,0,73650,1
79515,73650,1,74359,0
79515,74359,0,74360,0
79515,74360,0,74361,1
79515,74361,1,74347,1
79515,74347,1,74348,0
79515,74348,0,74349,1
79515,74349,1,74483,1
79515,74483,1,74484,0
79515,74484,0,74485,0
79515,74485,0,74486,1
79515,74486,1,74498,1
79515,74498,1,74499,0
79515,74499,0,74500,0
79515,74500,0,74513,1
79515,74513,1,74514,0
79515,74514,0,74515,1
79515,74515,1,74516,1
79515,74516,1,74429,1
79515,74429,1,74430,0
79515,74430,0,74431,0
79516,74035,1,74040,1
79516,74040,1,73531,0
79516,73531,0,73615,1
79516,73615,1,73735,1
79516,73735,1,73671,1
79516,73671,1,74350,0
79516,74350,0,74294,1
79516,74294,1,74354,0
79516,74354,0,74346,1
79516,74346,1,74338,1
79516,74338,1,74517,0
79516,74517,0,74487,0
79516,74487,0,74477,0
79516,74477,0,74457,0
79516,74457,0,74420,0
79516,74420,0,74322,0
79516,74322,0,74326,1
79516,74326,1,74282,1
79516,74282,1,74342,0
79516,74342,0,74334,1
79516,74334,1,74358,1
79516,74358,1,74306,1
79516,74306,1,74467,0
79516,74467,0,74502,0
79516,74502,0,74412,1
79516,74412,1,74532,0
79516,74532,0,74472,1
79516,74472,1,74512,0
79516,74512,0,74416,1
79516,74416,1,74424,1
79516,74424,1,74527,1
79516,74527,1,73531,0
79516,73531,0,73615,1
79516,73615,1,73735,1
79516,73735,1,73671,1
79516,73671,1,74350,0
79516,74350,0,74294,1
79516,74294,1,74354,0
79516,74354,0,74346,1
79516,74346,1,74338,1
79516,74338,1,74517,0
79516,74517,0,74487,0
79516,74487,0,74477,0
79516,74477,0,74457,0
79516,74457,0,74420,0
79516,74420,0,74556,1
79516,74556,1,74578,1
79516,74578,1,74322,0
79516,74322,0,74326,1
79516,74326,1,74282,1
79516,74282,1,74342,0
79516,74342,0,74334,1
79516,74334,1,74358,1
79516,74358,1,74306,1
79516,74306,1,74467,0
79516,74467,0,74502,0
79516,74502,0,74412,1
79516,74412,1,74532,0
79516,74532,0,74472,1
79516,74472,1,74512,0
79516,74512,0,74416,1
79516,74416,1,74424,1
79516,74424,1,74527,1
79516,74527,1,73361,1
79516,73361,1,73393,1
79516,73393,1,74029,1
79516,74029,1,74002,1
79516,74002,1,74035,1
79516,74035,1,74040,1
79516,74040,1,74015,1
79516,74015,1,74024,1
79516,74024,1,92975,1
79516,92975,1,73532,0
79516,73532,0,73533,1
79516,73533,1,73534,1
79516,73534,1,74351,0
79516,74351,0,74352,0
79516,74352,0,74353,0
79516,74353,0,74355,0
79516,74355,0,74356,0
79516,74356,0,74357,1
79516,74357,1,74518,1
79516,74518,1,74519,0
79516,74519,0,74520,0
79516,74520,0,74521,1
79516,74521,1,74488,0
79516,74488,0,74489,0
79516,74489,0,74490,0
79516,74490,0,74491,1
79516,74491,1,74478,1
79516,74478,1,74479,0
79516,74479,0,74480,0
79516,74480,0,74481,1
79516,74481,1,74458,1
79516,74458,1,74459,0
79516,74459,0,74460,1
79516,74460,1,74461,1
79516,74461,1,74421,1
79516,74421,1,74422,1
79516,74422,1,74423,0
79516,74423,0,74323,0
79516,74323,0,74324,1
79516,74324,1,74325,1
79516,74325,1,74343,1
79516,74343,1,74344,1
79516,74344,1,74345,0
79516,74345,0,74468,1
79516,74468,1,74469,0
79516,74469,0,74503,1
79516,74503,1,74504,1
79516,74504,1,74505,0
79516,74505,0,74506,1
79516,74506,1,74533,1
79516,74533,1,74534,1
79516,74534,1,74535,0
79516,74535,0,74536,1
79516,74536,1,74513,1
79516,74513,1,74514,0
79516,74514,0,74515,1
79516,74515,1,74516,1
79517,74050,1,74115,1
79517,74115,1,73651,0
79517,73651,0,73511,1
79517,73511,1,73647,1
79517,73647,1,73527,1
79517,73527,1,74294,1
79517,74294,1,74290,1
79517,74290,1,73651,0
79517,73651,0,73511,1
79517,73511,1,73647,1
79517,73647,1,73527,1
79517,73527,1,74294,1
79517,74294,1,74290,1
79517,74290,1,74580,1
79517,74580,1,74578,1
79517,74578,1,73421,1
79517,73421,1,73433,1
79517,73433,1,74017,1
79517,74017,1,74025,1
79517,74025,1,74050,1
79517,74050,1,74115,1
79517,74115,1,74404,1
79517,74404,1,74402,1
79517,74402,1,74026,1
79517,74026,1,74015,1
79517,74015,1,93003,1
79517,93003,1,73652,0
79517,73652,0,73653,0
79517,73653,0,73654,1
79518,74120,1,74145,1
79518,74145,1,73575,0
79518,73575,0,73531,1
79518,73531,1,73515,1
79518,73515,1,73655,1
79518,73655,1,74326,0
79518,74326,0,74346,0
79518,74346,0,74334,1
79518,74334,1,74338,1
79518,74338,1,74342,1
79518,74342,1,74502,0
79518,74502,0,74492,0
79518,74492,0,74527,1
79518,74527,1,74487,1
79518,74487,1,74507,1
79518,74507,1,73575,0
79518,73575,0,73531,1
79518,73531,1,73515,1
79518,73515,1,73655,1
79518,73655,1,74326,0
79518,74326,0,74346,0
79518,74346,0,74334,1
79518,74334,1,74338,1
79518,74338,1,74342,1
79518,74342,1,74561,1
79518,74561,1,74571,1
79518,74571,1,74502,0
79518,74502,0,74492,0
79518,74492,0,74527,1
79518,74527,1,74487,1
79518,74487,1,74507,1
79518,74507,1,73373,1
79518,73373,1,73401,1
79518,73401,1,74027,1
79518,74027,1,74017,1
79518,74017,1,74120,1
79518,74120,1,74145,1
79518,74145,1,74019,1
79518,74019,1,74011,1
79518,74011,1,74404,1
79518,74404,1,92998,1
79518,92998,1,73576,1
79518,73576,1,73577,0
79518,73577,0,73578,1
79518,73578,1,74327,0
79518,74327,0,74328,0
79518,74328,0,74329,0
79518,74329,0,74347,0
79518,74347,0,74348,0
79518,74348,0,74349,1
79518,74349,1,74503,1
79518,74503,1,74504,1
79518,74504,1,74505,1
79518,74505,1,74506,1
79518,74506,1,74493,1
79518,74493,1,74494,1
79518,74494,1,74495,0
79518,74495,0,74496,1
79519,74035,1,74055,1
79519,74055,1,73735,0
79519,73735,0,73647,1
79519,73647,1,73615,1
79519,73615,1,73515,1
79519,73515,1,74354,0
79519,74354,0,74282,1
79519,74282,1,74334,0
79519,74334,0,74342,1
79519,74342,1,74306,1
79519,74306,1,74497,0
79519,74497,0,74532,1
79519,74532,1,74522,0
79519,74522,0,74512,1
79519,74512,1,74338,0
79519,74338,0,74322,1
79519,74322,1,74330,1
79519,74330,1,74326,1
79519,74326,1,73735,0
79519,73735,0,73647,1
79519,73647,1,73615,1
79519,73615,1,73515,1
79519,73515,1,74354,0
79519,74354,0,74282,1
79519,74282,1,74334,0
79519,74334,0,74342,1
79519,74342,1,74306,1
79519,74306,1,74497,0
79519,74497,0,74532,1
79519,74532,1,74522,0
79519,74522,0,74512,1
79519,74512,1,74555,1
79519,74555,1,74563,1
79519,74563,1,74338,0
79519,74338,0,74322,1
79519,74322,1,74330,1
79519,74330,1,74326,1
79519,74326,1,73429,0
79519,73429,0,73365,1
79519,73365,1,73409,1
79519,73409,1,73425,1
79519,73425,1,74021,1
79519,74021,1,74006,1
79519,74006,1,74035,1
79519,74035,1,74055,1
79519,74055,1,74402,1
79519,74402,1,74008,1
79519,74008,1,74023,1
79519,74023,1,74407,1
79519,74407,1,93004,1
79519,93004,1,93030,0
79519,93030,0,93035,1
79519,93035,1,92971,1
79519,92971,1,73430,0
79519,73430,0,73431,0
79519,73431,0,73432,1
79519,73432,1,73736,0
79519,73736,0,73737,1
79519,73737,1,73738,1
79519,73738,1,74355,1
79519,74355,1,74356,1
79519,74356,1,74357,1
79519,74357,1,74335,1
79519,74335,1,74336,1
79519,74336,1,74337,1
79519,74337,1,74498,1
79519,74498,1,74499,1
79519,74499,1,74500,1
79519,74500,1,74501,1
79519,74501,1,74523,1
79519,74523,1,74524,1
79519,74524,1,74525,1
79519,74525,1,74526,1
79519,74526,1,74339,1
79519,74339,1,74340,0
79519,74340,0,74341,1
79528,74125,1,74115,1
79528,74115,1,73687,1
79528,73687,1,73647,1
79528,73647,1,74342,0
79528,74342,0,74354,0
79528,74354,0,74294,1
79528,74294,1,74282,1
79528,74282,1,74358,1
79528,74358,1,74542,1
79528,74542,1,73687,1
79528,73687,1,73647,1
79528,73647,1,74342,0
79528,74342,0,74354,0
79528,74354,0,74294,1
79528,74294,1,74282,1
79528,74282,1,74358,1
79528,74358,1,74542,1
79528,74542,1,74573,1
79528,74573,1,74569,1
79528,74569,1,73409,1
79528,73409,1,73421,1
79528,73421,1,74027,1
79528,74027,1,74004,1
79528,74004,1,74125,1
79528,74125,1,74115,1
79528,74115,1,74402,1
79528,74402,1,74015,1
79528,74015,1,74022,1
79528,74022,1,49304,0
79528,49304,0,49305,1
79528,49305,1,49306,1
79528,49306,1,49379,1
79528,49379,1,49310,1
79528,49310,1,49370,1
79528,49370,1,49316,1
79528,49316,1,49352,0
79528,49352,0,49353,1
79528,49353,1,49354,0
79528,49354,0,49343,1
79528,49343,1,49364,1
79528,49364,1,49295,1
79528,49295,1,49361,1
79528,49361,1,108966,0
79528,108966,0,108897,1
79528,108897,1,109011,1
79528,109011,1,108912,1
79528,108912,1,108954,1
79528,108954,1,108939,1
79528,108939,1,90615,1
79528,90615,1,49304,0
79528,49304,0,49305,1
79528,49305,1,49306,1
79528,49306,1,49379,1
79528,49379,1,49310,1
79528,49310,1,49370,1
79528,49370,1,49316,1
79528,49316,1,49352,0
79528,49352,0,49353,1
79528,49353,1,49354,0
79528,49354,0,49343,1
79528,49343,1,49364,1
79528,49364,1,49295,1
79528,49295,1,49361,1
79528,49361,1,55678,1
79528,55678,1,93010,0
79528,93010,0,92998,1
79528,92998,1,55022,1
79528,55022,1,55678,1
79528,55678,1,74343,1
79528,74343,1,74344,1
79528,74344,1,74345,1
79528,74345,1,74355,1
79528,74355,1,74356,0
79528,74356,0,74357,1
79528,74357,1,108967,1
79529,74070,1,74140,0
79529,74140,0,74150,1
79529,74150,1,74130,1
79529,74130,1,74145,1
79529,74145,1,73535,0
79529,73535,0,73615,0
79529,73615,0,73671,1
79529,73671,1,73627,1
79529,73627,1,73647,1
79529,73647,1,74330,0
79529,74330,0,74346,1
79529,74346,1,74326,0
79529,74326,0,74350,1
79529,74350,1,74358,1
79529,74358,1,74338,1
79529,74338,1,74467,0
79529,74467,0,74424,0
79529,74424,0,73535,0
79529,73535,0,73615,0
79529,73615,0,73671,1
79529,73671,1,73627,1
79529,73627,1,73647,1
79529,73647,1,74330,0
79529,74330,0,74346,1
79529,74346,1,74326,0
79529,74326,0,74350,1
79529,74350,1,74358,1
79529,74358,1,74338,1
79529,74338,1,74467,0
79529,74467,0,74424,0
79529,74424,0,74569,1
79529,74569,1,74565,1
79529,74565,1,73361,0
79529,73361,0,73365,1
79529,73365,1,73429,1
79529,73429,1,73389,1
79529,73389,1,74017,1
79529,74017,1,74016,1
79529,74016,1,74070,1
79529,74070,1,74140,0
79529,74140,0,74150,1
79529,74150,1,74130,1
79529,74130,1,74145,1
79529,74145,1,74016,0
79529,74016,0,74001,1
79529,74001,1,74012,1
79529,74012,1,92961,1
79529,92961,1,73362,0
79529,73362,0,73363,1
79529,73363,1,73364,0
79529,73364,0,73536,1
79529,73536,1,73537,0
79529,73537,0,73538,1
79529,73538,1,73616,1
79529,73616,1,73617,0
79529,73617,0,73618,1
79529,73618,1,74141,1
79529,74141,1,74142,0
79529,74142,0,74143,1
79529,74143,1,74144,1
79529,74144,1,74331,1
79529,74331,1,74332,0
79529,74332,0,74333,1
79529,74333,1,74327,0
79529,74327,0,74328,0
79529,74328,0,74329,1
79529,74329,1,74468,0
79529,74468,0,74469,0
79529,74469,0,74470,0
79529,74470,0,74471,0
79529,74471,0,74425,1
79529,74425,1,74426,0
79529,74426,0,74427,0
79530,74060,1,74070,1
79530,74070,1,73615,0
79530,73615,0,73687,1
79530,73687,1,73735,0
79530,73735,0,73515,1
79530,73515,1,73647,1
79530,73647,1,74354,0
79530,74354,0,74358,1
79530,74358,1,74326,1
79530,74326,1,74342,1
79530,74342,1,74487,0
79530,74487,0,74512,0
79530,74512,0,73535,1
79530,73535,1,74416,1
79530,74416,1,74420,1
79530,74420,1,74452,1
79530,74452,1,73615,0
79530,73615,0,73687,1
79530,73687,1,73735,0
79530,73735,0,73515,1
79530,73515,1,73647,1
79530,73647,1,74354,0
79530,74354,0,74358,1
79530,74358,1,74326,1
79530,74326,1,74342,1
79530,74342,1,74487,0
79530,74487,0,74512,0
79530,74512,0,73535,1
79530,73535,1,74416,1
79530,74416,1,74420,1
79530,74420,1,74452,1
79530,74452,1,74552,0
79530,74552,0,74577,1
79530,74577,1,74554,1
79530,74554,1,74575,1
79530,74575,1,73425,1
79530,73425,1,73357,1
79530,73357,1,74027,1
79530,74027,1,74022,1
79530,74022,1,74060,1
79530,74060,1,74070,1
79530,74070,1,74009,1
79530,74009,1,74011,1
79530,74011,1,92972,1
79530,92972,1,73616,0
79530,73616,0,73617,1
79530,73617,1,73618,1
79530,73618,1,73736,1
79530,73736,1,73737,0
79530,73737,0,73738,1
79530,73738,1,74355,0
79530,74355,0,74356,0
79530,74356,0,74357,1
79530,74357,1,74488,0
79530,74488,0,74489,0
79530,74489,0,74490,0
79530,74490,0,74491,1
79530,74491,1,74513,1
79530,74513,1,74514,0
79530,74514,0,74515,0
79530,74515,0,74516,1
79531,74070,1,74050,1
79531,74050,1,73571,0
79531,73571,0,73531,0
79531,73531,0,74306,0
79531,74306,0,74346,1
79531,74346,1,74350,0
79531,74350,0,74290,1
79531,74290,1,74322,1
79531,74322,1,74482,1
79531,74482,1,74354,1
79531,74354,1,73571,0
79531,73571,0,73531,0
79531,73531,0,74306,0
79531,74306,0,74346,1
79531,74346,1,74350,0
79531,74350,0,74290,1
79531,74290,1,74322,1
79531,74322,1,74482,1
79531,74482,1,74579,1
79531,74579,1,74553,1
79531,74553,1,74354,1
79531,74354,1,73437,1
79531,73437,1,73397,0
79531,73397,0,74020,1
79531,74020,1,74016,1
79531,74016,1,74070,1
79531,74070,1,74050,1
79531,74050,1,74404,1
79531,74404,1,74014,1
79531,74014,1,74024,1
79531,74024,1,93000,1
79531,93000,1,73398,0
79531,73398,0,73400,0
79531,73400,0,73572,0
79531,73572,0,73574,1
79531,73574,1,73534,0
79531,73534,0,74307,1
79531,74307,1,74308,0
79531,74308,0,74309,0
79531,74309,0,74351,1
79531,74351,1,74352,1
79531,74352,1,74353,1
79533,74145,0,74135,1
79533,74135,1,74055,0
79533,74055,0,74170,1
79533,74170,1,74050,1
79533,74050,1,74125,1
79533,74125,1,73571,0
79533,73571,0,73567,1
79533,73567,1,73535,1
79533,73535,1,73647,1
79533,73647,1,74350,0
79533,74350,0,74322,1
79533,74322,1,74358,1
79533,74358,1,74294,1
79533,74294,1,74547,0
79533,74547,0,74512,1
79533,74512,1,74487,1
79533,74487,1,74497,1
79533,74497,1,73571,0
79533,73571,0,73567,1
79533,73567,1,73535,1
79533,73535,1,73647,1
79533,73647,1,74350,0
79533,74350,0,74322,1
79533,74322,1,74358,1
79533,74358,1,74294,1
79533,74294,1,74547,0
79533,74547,0,74512,1
79533,74512,1,74487,1
79533,74487,1,74497,1
79533,74497,1,74577,1
79533,74577,1,74575,1
79533,74575,1,73343,1
79533,73343,1,73373,1
79533,73373,1,74021,1
79533,74021,1,74012,1
79533,74012,1,74145,0
79533,74145,0,74135,1
79533,74135,1,74055,0
79533,74055,0,74170,1
79533,74170,1,74050,1
79533,74050,1,74014,1
79533,74014,1,74004,1
79533,74004,1,74125,1
79533,74125,1,93013,1
79533,93013,1,73572,1
79533,73572,1,73573,0
79533,73573,0,73574,1
79533,73574,1,74146,0
79533,74146,0,74147,1
79533,74147,1,74148,1
79533,74148,1,74149,1
79533,74149,1,74056,1
79533,74056,1,74057,1
79533,74057,1,74058,1
79533,74058,1,74059,1
79533,74059,1,74351,1
79533,74351,1,74352,0
79533,74352,0,74353,0
79533,74353,0,74548,1
79533,74548,1,74549,0
79533,74549,0,74550,0
79533,74550,0,74551,1
79534,74035,1,74095,1
79534,74095,1,73571,0
79534,73571,0,73499,0
79534,73499,0,73567,1
79534,73567,1,73615,1
79534,73615,1,73607,0
79534,73607,0,74330,0
79534,74330,0,74338,1
79534,74338,1,74322,1
79534,74322,1,74358,0
79534,74358,0,74294,1
79534,74294,1,74542,0
79534,74542,0,74497,0
79534,74497,0,73551,1
79534,73551,1,73655,0
79534,73655,0,73687,0
79534,73687,0,74507,1
79534,74507,1,74432,1
79534,74432,1,74452,0
79534,74452,0,74492,0
79534,74492,0,74416,1
79534,74416,1,74457,0
79534,74457,0,74424,0
79534,74424,0,73735,1
79534,73735,1,73575,1
79534,73575,1,73531,1
79534,73531,1,74282,1
79534,74282,1,74306,1
79534,74306,1,74477,0
79534,74477,0,74547,0
79534,74547,0,74517,1
79534,74517,1,74482,1
79534,74482,1,74467,1
79534,74467,1,73571,0
79534,73571,0,73499,0
79534,73499,0,73567,1
79534,73567,1,73615,1
79534,73615,1,73607,0
79534,73607,0,74330,0
79534,74330,0,74338,1
79534,74338,1,74322,1
79534,74322,1,74358,0
79534,74358,0,74294,1
79534,74294,1,74542,0
79534,74542,0,74497,0
79534,74497,0,74559,0
79534,74559,0,74557,0
79534,74557,0,74573,0
79534,74573,0,74553,1
79534,74553,1,74578,1
79534,74578,1,73551,1
79534,73551,1,73655,0
79534,73655,0,73687,0
79534,73687,0,74507,1
79534,74507,1,74432,1
79534,74432,1,74452,0
79534,74452,0,74492,0
79534,74492,0,74416,1
79534,74416,1,74457,0
79534,74457,0,74424,0
79534,74424,0,73735,1
79534,73735,1,73575,1
79534,73575,1,73531,1
79534,73531,1,74282,1
79534,74282,1,74306,1
79534,74306,1,74477,0
79534,74477,0,74556,1
79534,74556,1,74547,0
79534,74547,0,74517,1
79534,74517,1,74482,1
79534,74482,1,74467,1
79534,74467,1,73417,1
79534,73417,1,73409,1
79534,73409,1,74023,1
79534,74023,1,74012,1
79534,74012,1,74035,1
79534,74035,1,74095,1
79534,74095,1,74403,0
79534,74403,0,74016,1
79534,74016,1,74001,1
79534,74001,1,94928,1
79534,94928,1,93037,1
79534,93037,1,73572,0
79534,73572,0,73574,0
79534,73574,0,73500,0
79534,73500,0,73501,1
79534,73501,1,73502,1
79534,73502,1,73608,0
79534,73608,0,73609,1
79534,73609,1,73610,1
79534,73610,1,74331,0
79534,74331,0,74332,1
79534,74332,1,74333,1
79534,74333,1,74359,0
79534,74359,0,74360,0
79534,74360,0,74361,1
79534,74361,1,74543,0
79534,74543,0,74544,0
79534,74544,0,74545,0
79534,74545,0,74546,0
79534,74546,0,73656,0
79534,73656,0,73657,0
79534,73657,0,73658,1
79534,73658,1,74498,1
79534,74498,1,74499,0
79534,74499,0,74500,1
79534,74500,1,74501,1
79534,74501,1,74453,1
79534,74453,1,74454,0
79534,74454,0,74455,1
79534,74455,1,74456,1
79534,74456,1,74493,0
79534,74493,0,74494,1
79534,74494,1,74495,0
79534,74495,0,74496,1
79534,74496,1,74458,0
79534,74458,0,74459,1
79534,74459,1,74460,1
79534,74460,1,74461,1
79534,74461,1,74425,1
79534,74425,1,74426,1
79534,74426,1,74427,0
79534,74427,0,73688,0
79534,73688,0,73689,0
79534,73689,0,73690,1
79534,73690,1,74478,0
79534,74478,0,74479,0
79534,74479,0,74480,0
79534,74480,0,74481,1
79534,74481,1,74548,0
79534,74548,0,74549,0
79534,74549,0,74550,0
79534,74550,0,74551,1
79535,74135,1,74100,1
79535,74100,1,73627,0
79535,73627,0,73495,0
79535,73495,0,73651,0
79535,73651,0,73615,1
79535,73615,1,73571,0
79535,73571,0,73607,0
79535,73607,0,73735,1
79535,73735,1,73535,1
79535,73535,1,73551,1
79535,73551,1,74342,0
79535,74342,0,74290,1
79535,74290,1,74306,1
79535,74306,1,74294,1
79535,74294,1,74462,0
79535,74462,0,74537,0
79535,74537,0,74502,1
79535,74502,1,74472,1
79535,74472,1,73627,0
79535,73627,0,73495,0
79535,73495,0,73651,0
79535,73651,0,73615,1
79535,73615,1,73571,0
79535,73571,0,73607,0
79535,73607,0,73735,1
79535,73735,1,73535,1
79535,73535,1,73551,1
79535,73551,1,74342,0
79535,74342,0,74290,1
79535,74290,1,74306,1
79535,74306,1,74294,1
79535,74294,1,74462,0
79535,74462,0,74537,0
79535,74537,0,74502,1
79535,74502,1,74472,1
79535,74472,1,74578,0
79535,74578,0,74557,1
79535,74557,1,74552,1
79535,74552,1,74561,1
79535,74561,1,73369,0
79535,73369,0,73373,1
79535,73373,1,73365,1
79535,73365,1,73453,1
79535,73453,1,74006,1
79535,74006,1,74016,1
79535,74016,1,74135,1
79535,74135,1,74100,1
79535,74100,1,74407,1
79535,74407,1,74022,1
79535,74022,1,74012,1
79535,74012,1,93006,1
79535,93006,1,73370,1
79535,73370,1,73371,0
79535,73371,0,73372,1
79535,73372,1,73628,0
79535,73628,0,73629,0
79535,73629,0,73630,1
79535,73630,1,73496,1
79535,73496,1,73497,0
79535,73497,0,73498,1
79535,73498,1,73652,1
79535,73652,1,73653,0
79535,73653,0,73654,1
79535,73654,1,73572,1
79535,73572,1,73573,0
79535,73573,0,73574,1
79535,73574,1,73608,1
79535,73608,1,73609,0
79535,73609,0,73610,1
79535,73610,1,74343,0
79535,74343,0,74344,0
79535,74344,0,74345,1
79535,74345,1,74463,1
79535,74463,1,74464,0
79535,74464,0,74465,0
79535,74465,0,74466,1
79535,74466,1,74538,1
79535,74538,1,74539,0
79535,74539,0,74540,0
79535,74540,0,74541,1
79536,74095,0,74105,1
79536,74105,1,74070,1
79536,74070,1,74145,0
79536,74145,0,74135,1
79536,74135,1,74175,1
79536,74175,1,74115,1
79536,74115,1,73551,0
79536,73551,0,73495,0
79536,73495,0,73511,1
79536,73511,1,73575,0
79536,73575,0,73499,1
79536,73499,1,74290,1
79536,74290,1,74346,0
79536,74346,0,74306,1
79536,74306,1,74326,0
79536,74326,0,74354,1
79536,74354,1,73567,0
79536,73567,0,73531,1
79536,73531,1,73535,1
79536,73535,1,73615,1
79536,73615,1,74330,0
79536,74330,0,74358,0
79536,74358,0,74282,1
79536,74282,1,74350,1
79536,74350,1,74462,0
79536,74462,0,74547,1
79536,74547,1,74497,1
79536,74497,1,74482,0
79536,74482,0,74512,0
79536,74512,0,74487,0
79536,74487,0,74507,0
79536,74507,0,74502,0
79536,74502,0,74492,1
79536,74492,1,74432,0
79536,74432,0,74428,0
79536,74428,0,74542,1
79536,74542,1,74477,0
79536,74477,0,74472,1
79536,74472,1,74424,1
79536,74424,1,74527,1
79536,74527,1,73551,0
79536,73551,0,73495,0
79536,73495,0,73511,1
79536,73511,1,73575,0
79536,73575,0,73499,1
79536,73499,1,74562,1
79536,74562,1,74581,1
79536,74581,1,74290,1
79536,74290,1,74346,0
79536,74346,0,74306,1
79536,74306,1,74326,0
79536,74326,0,74354,1
79536,74354,1,73567,0
79536,73567,0,73531,1
79536,73531,1,73535,1
79536,73535,1,73615,1
79536,73615,1,74330,0
79536,74330,0,74358,0
79536,74358,0,74282,1
79536,74282,1,74350,1
79536,74350,1,74462,0
79536,74462,0,74547,1
79536,74547,1,74497,1
79536,74497,1,74482,0
79536,74482,0,74512,0
79536,74512,0,74487,0
79536,74487,0,74507,0
79536,74507,0,74502,0
79536,74502,0,74492,1
79536,74492,1,74432,0
79536,74432,0,74428,0
79536,74428,0,74542,1
79536,74542,1,74477,0
79536,74477,0,74472,1
79536,74472,1,74424,1
79536,74424,1,74527,1
79536,74527,1,73437,0
79536,73437,0,73457,1
79536,73457,1,74009,1
79536,74009,1,74007,1
79536,74007,1,74003,1
79536,74003,1,74017,1
79536,74017,1,74095,0
79536,74095,0,74105,1
79536,74105,1,74070,1
79536,74070,1,74145,0
79536,74145,0,74135,1
79536,74135,1,74175,1
79536,74175,1,74115,1
79536,74115,1,74403,1
79536,74403,1,74402,1
79536,74402,1,74407,1
79536,74407,1,92988,0
79536,92988,0,92985,1
79536,92985,1,93022,0
79536,93022,0,92979,0
79536,92979,0,92961,0
79536,92961,0,92981,1
79536,92981,1,92982,1
79536,92982,1,73440,0
79536,73440,0,73552,0
79536,73552,0,73553,1
79536,73553,1,73554,0
79536,73554,0,73496,1
79536,73496,1,73497,1
79536,73497,1,73498,1
79536,73498,1,73576,1
79536,73576,1,73577,1
79536,73577,1,73578,1
79536,73578,1,74096,1
79536,74096,1,74097,1
79536,74097,1,74098,1
79536,74098,1,74099,1
79536,74099,1,74146,0
79536,74146,0,74147,1
79536,74147,1,74148,1
79536,74148,1,74149,1
79536,74149,1,74347,1
79536,74347,1,74348,0
79536,74348,0,74349,1
79536,74349,1,74327,1
79536,74327,1,74328,0
79536,74328,0,74329,1
79536,74329,1,73568,1
79536,73568,1,73569,1
79536,73569,1,73570,1
79536,73570,1,74331,1
79536,74331,1,74332,1
79536,74332,1,74333,0
79536,74333,0,74359,1
79536,74359,1,74360,0
79536,74360,0,74361,0
79536,74361,0,74463,1
79536,74463,1,74464,0
79536,74464,0,74465,1
79536,74465,1,74466,1
79536,74466,1,74483,1
79536,74483,1,74484,0
79536,74484,0,74485,1
79536,74485,1,74486,1
79536,74486,1,74513,1
79536,74513,1,74514,0
79536,74514,0,74515,1
79536,74515,1,74516,1
79536,74516,1,74488,1
79536,74488,1,74489,0
79536,74489,0,74490,0
79536,74490,0,74491,1
79536,74491,1,74508,1
79536,74508,1,74509,1
79536,74509,1,74510,1
79536,74510,1,74511,1
79536,74511,1,74503,1
79536,74503,1,74504,0
79536,74504,0,74505,0
79536,74505,0,74506,1
79536,74506,1,74433,0
79536,74433,0,74434,1
79536,74434,1,74435,0
79536,74435,0,74429,1
79536,74429,1,74430,1
79536,74430,1,74431,1
79536,74431,1,74478,1
79536,74478,1,74479,0
79536,74479,0,74480,0
79536,74480,0,74481,1
79537,74035,1,74120,1
79537,74120,1,73527,0
79537,73527,0,73551,1
79537,73551,1,74354,0
79537,74354,0,74338,1
79537,74338,1,74350,0
79537,74350,0,74306,1
79537,74306,1,74334,1
79537,74334,1,74428,1
79537,74428,1,74502,1
79537,74502,1,74294,1
79537,74294,1,73527,0
79537,73527,0,73551,1
79537,73551,1,74354,0
79537,74354,0,74338,1
79537,74338,1,74350,0
79537,74350,0,74306,1
79537,74306,1,74334,1
79537,74334,1,74428,1
79537,74428,1,74502,1
79537,74502,1,74568,1
79537,74568,1,74567,1
79537,74567,1,74294,1
79537,74294,1,73361,1
79537,73361,1,73413,1
79537,73413,1,74029,1
79537,74029,1,74018,1
79537,74018,1,74035,1
79537,74035,1,74120,1
79537,74120,1,74003,1
79537,74003,1,74012,1
79537,74012,1,93032,1
79537,93032,1,73528,0
79537,73528,0,73530,1
79537,73530,1,74355,1
79537,74355,1,74356,0
79537,74356,0,74357,1
79537,74357,1,74351,1
79537,74351,1,74352,1
79537,74352,1,74353,1
79538,74145,1,74170,1
79538,74170,1,73627,0
79538,73627,0,73551,1
79538,73551,1,73575,0
79538,73575,0,73535,1
79538,73535,1,73567,0
79538,73567,0,74290,0
79538,74290,0,74282,1
79538,74282,1,74294,1
79538,74294,1,74306,1
79538,74306,1,74482,0
79538,74482,0,74512,0
79538,74512,0,74532,1
79538,74532,1,74492,0
79538,74492,0,73627,0
79538,73627,0,73551,1
79538,73551,1,73575,0
79538,73575,0,73535,1
79538,73535,1,73567,0
79538,73567,0,74290,0
79538,74290,0,74282,1
79538,74282,1,74294,1
79538,74294,1,74306,1
79538,74306,1,74482,0
79538,74482,0,74512,0
79538,74512,0,74532,1
79538,74532,1,74492,0
79538,74492,0,74559,1
79538,74559,1,74562,1
79538,74562,1,73457,0
79538,73457,0,74005,1
79538,74005,1,73381,1
79538,73381,1,73405,1
79538,73405,1,74027,1
79538,74027,1,74021,1
79538,74021,1,74404,1
79538,74404,1,74023,1
79538,74023,1,74008,1
79538,74008,1,74145,1
79538,74145,1,74170,1
79538,74170,1,92958,1
79538,92958,1,73458,0
79538,73458,0,73459,0
79538,73459,0,73460,0
79538,73460,0,73628,0
79538,73628,0,73629,0
79538,73629,0,73630,1
79538,73630,1,73576,0
79538,73576,0,73577,0
79538,73577,0,73578,1
79538,73578,1,73568,1
79538,73568,1,73569,0
79538,73569,0,73570,1
79538,73570,1,74291,0
79538,74291,0,74292,0
79538,74292,0,74293,0
79538,74293,0,74483,1
79538,74483,1,74484,0
79538,74484,0,74485,0
79538,74485,0,74486,1
79538,74486,1,74513,1
79538,74513,1,74514,0
79538,74514,0,74515,1
79538,74515,1,74516,1
79538,74516,1,74493,1
79538,74493,1,74494,0
79538,74494,0,74495,0
79538,74495,0,74496,1
79539,74070,1,74040,1
79539,74040,1,73527,0
79539,73527,0,73567,1
79539,73567,1,73687,1
79539,73687,1,73511,1
79539,73511,1,74294,0
79539,74294,0,74282,1
79539,74282,1,74330,1
79539,74330,1,74306,1
79539,74306,1,74457,0
79539,74457,0,74452,1
79539,74452,1,74416,1
79539,74416,1,74537,0
79539,74537,0,74547,0
79539,74547,0,74512,0
79539,74512,0,74497,1
79539,74497,1,74517,0
79539,74517,0,74507,1
79539,74507,1,74492,1
79539,74492,1,74527,1
79539,74527,1,73527,0
79539,73527,0,73567,1
79539,73567,1,73687,1
79539,73687,1,73511,1
79539,73511,1,74294,0
79539,74294,0,74282,1
79539,74282,1,74330,1
79539,74330,1,74306,1
79539,74306,1,74457,0
79539,74457,0,74452,1
79539,74452,1,74416,1
79539,74416,1,74537,0
79539,74537,0,74547,0
79539,74547,0,74572,1
79539,74572,1,74553,1
79539,74553,1,74512,0
79539,74512,0,74497,1
79539,74497,1,74517,0
79539,74517,0,74507,1
79539,74507,1,74492,1
79539,74492,1,74527,1
79539,74527,1,73393,1
79539,73393,1,73385,1
79539,73385,1,74021,1
79539,74021,1,74007,1
79539,74007,1,74070,1
79539,74070,1,74040,1
79539,74040,1,74014,1
79539,74014,1,74015,1
79539,74015,1,74403,1
79539,74403,1,93005,1
79539,93005,1,73528,0
79539,73528,0,73529,1
79539,73529,1,73530,1
79539,73530,1,74295,1
79539,74295,1,74296,1
79539,74296,1,74297,0
79539,74297,0,74458,1
79539,74458,1,74459,0
79539,74459,0,74460,1
79539,74460,1,74461,1
79539,74461,1,74538,1
79539,74538,1,74539,1
79539,74539,1,74540,0
79539,74540,0,74541,1
79539,74541,1,74548,1
79539,74548,1,74549,0
79539,74549,0,74550,0
79539,74550,0,74513,1
79539,74513,1,74514,1
79539,74514,1,74515,1
79539,74515,1,74516,1
79539,74516,1,74518,1
79539,74518,1,74519,1
79539,74519,1,74520,0
79539,74520,0,74521,1
79540,74170,1,74055,1
79540,74055,1,73535,0
79540,73535,0,73575,0
79540,73575,0,73647,1
79540,73647,1,73735,0
79540,73735,0,73651,1
79540,73651,1,73495,1
79540,73495,1,73567,1
79540,73567,1,74330,0
79540,74330,0,74290,1
79540,74290,1,74346,1
79540,74346,1,74282,1
79540,74282,1,74527,1
79540,74527,1,74537,0
79540,74537,0,74512,0
79540,74512,0,74517,0
79540,74517,0,74542,1
79540,74542,1,74467,1
79540,74467,1,74547,0
79540,74547,0,74507,0
79540,74507,0,74497,1
79540,74497,1,74457,1
79540,74457,1,74492,1
79540,74492,1,73535,0
79540,73535,0,73575,0
79540,73575,0,73647,1
79540,73647,1,73735,0
79540,73735,0,73651,1
79540,73651,1,73495,1
79540,73495,1,73567,1
79540,73567,1,74330,0
79540,74330,0,74290,1
79540,74290,1,74346,1
79540,74346,1,74282,1
79540,74282,1,74527,1
79540,74527,1,74537,0
79540,74537,0,74512,0
79540,74512,0,74517,0
79540,74517,0,74542,1
79540,74542,1,74576,1
79540,74576,1,74578,1
79540,74578,1,74467,1
79540,74467,1,74547,0
79540,74547,0,74507,0
79540,74507,0,74497,1
79540,74497,1,74457,1
79540,74457,1,74492,1
79540,74492,1,73421,1
79540,73421,1,73389,1
79540,73389,1,74011,1
79540,74011,1,74023,1
79540,74023,1,74170,1
79540,74170,1,74055,1
79540,74055,1,74016,1
79540,74016,1,74003,1
79540,74003,1,92974,1
79540,92974,1,73536,1
79540,73536,1,73537,0
79540,73537,0,73538,0
79540,73538,0,73578,0
79540,73578,0,73736,0
79540,73736,0,73737,1
79540,73737,1,73738,1
79540,73738,1,74331,1
79540,74331,1,74332,0
79540,74332,0,74333,0
79540,74333,0,74538,1
79540,74538,1,74539,0
79540,74539,0,74540,0
79540,74540,0,74541,1
79540,74541,1,74513,1
79540,74513,1,74514,1
79540,74514,1,74515,0
79540,74515,0,74516,1
79540,74516,1,74518,1
79540,74518,1,74519,1
79540,74519,1,74520,0
79540,74520,0,74521,1
79540,74521,1,74548,1
79540,74548,1,74549,1
79540,74549,1,74550,0
79540,74550,0,74551,1
79540,74551,1,74508,1
79540,74508,1,74509,1
79540,74509,1,74510,0
79540,74510,0,74511,1
79541,74105,1,74075,1
79541,74075,1,73627,0
79541,73627,0,73615,1
79541,73615,1,73495,0
79541,73495,0,73651,0
79541,73651,0,73515,0
79541,73515,0,73499,0
79541,73499,0,73671,0
79541,73671,0,73571,0
79541,73571,0,73551,0
79541,73551,0,73527,0
79541,73527,0,73687,0
79541,73687,0,73655,0
79541,73655,0,74334,0
79541,74334,0,74326,1
79541,74326,1,74342,1
79541,74342,1,74358,1
79541,74358,1,74542,0
79541,74542,0,74537,1
79541,74537,1,74512,0
79541,74512,0,74497,1
79541,74497,1,74487,0
79541,74487,0,73647,0
79541,73647,0,73535,0
79541,73535,0,73567,1
79541,73567,1,73575,1
79541,73575,1,73511,0
79541,73511,0,73735,1
79541,73735,1,73531,1
79541,73531,1,73607,0
79541,73607,0,74420,0
79541,74420,0,74532,0
79541,74532,0,74527,0
79541,74527,0,73627,0
79541,73627,0,73615,1
79541,73615,1,73495,0
79541,73495,0,73651,0
79541,73651,0,73515,0
79541,73515,0,73499,0
79541,73499,0,73671,0
79541,73671,0,73571,0
79541,73571,0,73551,0
79541,73551,0,73527,0
79541,73527,0,73687,0
79541,73687,0,73655,0
79541,73655,0,74334,0
79541,74334,0,74326,1
79541,74326,1,74342,1
79541,74342,1,74358,1
79541,74358,1,74542,0
79541,74542,0,74537,1
79541,74537,1,74512,0
79541,74512,0,74497,1
79541,74497,1,74487,0
79541,74487,0,73647,0
79541,73647,0,73535,0
79541,73535,0,73567,1
79541,73567,1,73575,1
79541,73575,1,73511,0
79541,73511,0,73735,1
79541,73735,1,73531,1
79541,73531,1,73607,0
79541,73607,0,74552,0
79541,74552,0,74579,1
79541,74579,1,74556,1
79541,74556,1,74559,1
79541,74559,1,74420,0
79541,74420,0,74532,0
79541,74532,0,74527,0
79541,74527,0,73409,1
79541,73409,1,73457,1
79541,73457,1,74003,1
79541,74003,1,74020,1
79541,74020,1,74105,1
79541,74105,1,74075,1
79541,74075,1,74009,1
79541,74009,1,74017,1
79541,74017,1,74403,1
79541,74403,1,74404,1
79541,74404,1,74402,1
79541,74402,1,93014,0
79541,93014,0,93034,0
79541,93034,0,93023,0
79541,93023,0,93018,1
79541,93018,1,93020,1
79541,93020,1,92977,1
79541,92977,1,73628,0
79541,73628,0,73629,1
79541,73629,1,73630,1
79541,73630,1,73496,1
79541,73496,1,73497,0
79541,73497,0,73498,0
79541,73498,0,73652,1
79541,73652,1,73653,0
79541,73653,0,73654,0
79541,73654,0,73516,0
79541,73516,0,73517,1
79541,73517,1,73518,0
79541,73518,0,73500,0
79541,73500,0,73501,1
79541,73501,1,73502,1
79541,73502,1,73672,1
79541,73672,1,73673,1
79541,73673,1,73674,1
79541,73674,1,73572,1
79541,73572,1,73573,1
79541,73573,1,73574,1
79541,73574,1,73552,1
79541,73552,1,73553,1
79541,73553,1,73554,1
79541,73554,1,73528,1
79541,73528,1,73529,1
79541,73529,1,73530,1
79541,73530,1,73688,1
79541,73688,1,73689,1
79541,73689,1,73690,1
79541,73690,1,73656,1
79541,73656,1,73657,1
79541,73657,1,73658,1
79541,73658,1,74335,0
79541,74335,0,74336,0
79541,74336,0,74337,1
79541,74337,1,74543,0
79541,74543,0,74544,0
79541,74544,0,74545,0
79541,74545,0,74546,0
79541,74546,0,74513,0
79541,74513,0,74514,0
79541,74514,0,74515,0
79541,74515,0,74516,0
79541,74516,0,73648,0
79541,73648,0,73649,1
79541,73649,1,73650,1
79541,73650,1,73536,1
79541,73536,1,73537,1
79541,73537,1,73538,1
79541,73538,1,73512,0
79541,73512,0,73513,1
79541,73513,1,73514,1
79541,73514,1,73608,1
79541,73608,1,73609,1
79541,73609,1,73610,1
79541,73610,1,74490,0
79541,74490,0,74421,1
79541,74421,1,74422,1
79541,74422,1,74423,0
79541,74423,0,74533,1
79541,74533,1,74534,0
79541,74534,0,74535,0
79541,74535,0,74536,0
79541,74536,0,74528,1
79541,74528,1,74529,0
79541,74529,0,74530,0
79541,74530,0,74531,1
79542,74145,1,74035,1
79542,74035,1,73495,1
79542,73495,1,73607,0
79542,73607,0,73535,1
79542,73535,1,74502,0
79542,74502,0,74472,0
79542,74472,0,74338,0
79542,74338,0,74412,0
79542,74412,0,73655,0
79542,73655,0,73499,1
79542,73499,1,73571,1
79542,73571,1,73687,1
79542,73687,1,74334,0
79542,74334,0,74342,1
79542,74342,1,74282,0
79542,74282,0,74358,1
79542,74358,1,74330,1
79542,74330,1,74290,1
79542,74290,1,73495,1
79542,73495,1,73607,0
79542,73607,0,73535,1
79542,73535,1,74559,1
79542,74559,1,74502,0
79542,74502,0,74472,0
79542,74472,0,74338,0
79542,74338,0,74412,0
79542,74412,0,73655,0
79542,73655,0,73499,1
79542,73499,1,73571,1
79542,73571,1,73687,1
79542,73687,1,74580,1
79542,74580,1,74573,1
79542,74573,1,74334,0
79542,74334,0,74342,1
79542,74342,1,74282,0
79542,74282,0,74358,1
79542,74358,1,74330,1
79542,74330,1,74290,1
79542,74290,1,73433,0
79542,73433,0,73361,1
79542,73361,1,74024,1
79542,74024,1,74008,1
79542,74008,1,74013,1
79542,74013,1,74017,1
79542,74017,1,74145,1
79542,74145,1,74035,1
79542,74035,1,74407,1
79542,74407,1,73434,1
79542,73434,1,73435,1
79542,73435,1,73436,0
79542,73436,0,73608,0
79542,73608,0,73609,1
79542,73609,1,73610,0
79542,73610,0,74503,0
79542,74503,0,74504,0
79542,74504,0,74505,1
79542,74505,1,74506,1
79542,74506,1,74473,0
79542,74473,0,74474,1
79542,74474,1,74475,0
79542,74475,0,74413,1
79542,74413,1,74414,1
79542,74414,1,74415,0
79542,74415,0,73656,0
79542,73656,0,73657,1
79542,73657,1,73658,1
79542,73658,1,74339,0
79542,74339,0,74340,1
79542,74340,1,74341,0
79542,74341,0,74335,0
79542,74335,0,74336,0
79542,74336,0,74337,1
79542,74337,1,74283,0
79542,74283,0,74284,0
79542,74284,0,74285,0
79543,74060,1,74035,0
79543,74035,0,74065,1
79543,74065,1,74085,1
79543,74085,1,74130,1
79543,74130,1,73651,0
79543,73651,0,73571,0
79543,73571,0,73515,0
79543,73515,0,73655,1
79543,73655,1,73627,0
79543,73627,0,73607,0
79543,73607,0,73615,1
79543,73615,1,73567,0
79543,73567,0,73495,0
79543,73495,0,73687,0
79543,73687,0,73575,1
79543,73575,1,73735,1
79543,73735,1,73527,1
79543,73527,1,74350,0
79543,74350,0,74290,1
79543,74290,1,74294,1
79543,74294,1,74330,0
79543,74330,0,74322,1
79543,74322,1,74522,0
79543,74522,0,74542,0
79543,74542,0,74547,1
79543,74547,1,74452,1
79543,74452,1,74424,1
79543,74424,1,74358,0
79543,74358,0,74354,1
79543,74354,1,74334,1
79543,74334,1,74342,1
79543,74342,1,73651,0
79543,73651,0,73571,0
79543,73571,0,73515,0
79543,73515,0,73655,1
79543,73655,1,73627,0
79543,73627,0,73607,0
79543,73607,0,73615,1
79543,73615,1,73567,0
79543,73567,0,73495,0
79543,73495,0,73687,0
79543,73687,0,73575,1
79543,73575,1,73735,1
79543,73735,1,73527,1
79543,73527,1,74350,0
79543,74350,0,74290,1
79543,74290,1,74294,1
79543,74294,1,74330,0
79543,74330,0,74322,1
79543,74322,1,74522,0
79543,74522,0,74542,0
79543,74542,0,74547,1
79543,74547,1,74452,1
79543,74452,1,74424,1
79543,74424,1,74569,0
79543,74569,0,74560,1
79543,74560,1,74555,1
79543,74555,1,74554,1
79543,74554,1,74358,0
79543,74358,0,74354,1
79543,74354,1,74334,1
79543,74334,1,74342,1
79543,74342,1,73453,0
79543,73453,0,73405,1
79543,73405,1,73347,1
79543,73347,1,73461,1
79543,73461,1,74027,0
79543,74027,0,74015,1
79543,74015,1,74006,1
79543,74006,1,74019,1
79543,74019,1,74060,1
79543,74060,1,74035,0
79543,74035,0,74065,1
79543,74065,1,74085,1
79543,74085,1,74130,1
79543,74130,1,74007,1
79543,74007,1,74005,1
79543,74005,1,49316,1
79543,49316,1,49295,1
79543,49295,1,108960,0
79543,108960,0,108948,1
79543,108948,1,90612,0
79543,90612,0,94070,1
79543,94070,1,94922,1
79543,94922,1,91491,1
79543,91491,1,49316,1
79543,49316,1,49295,1
79543,49295,1,92996,1
79543,92996,1,92990,0
79543,92990,0,93020,0
79543,93020,0,93031,0
79543,93031,0,93044,0
79543,93044,0,92972,0
79543,92972,0,73454,0
79543,73454,0,73455,1
79543,73455,1,73456,0
79543,73456,0,73652,0
79543,73652,0,73653,0
79543,73653,0,73654,0
79543,73654,0,73572,1
79543,73572,1,73573,0
79543,73573,0,73574,1
79543,73574,1,73516,0
79543,73516,0,73517,0
79543,73517,0,73518,1
79543,73518,1,73628,0
79543,73628,0,73629,0
79543,73629,0,73630,1
79543,73630,1,73608,0
79543,73608,0,73609,0
79543,73609,0,73610,0
79543,73610,0,73568,0
79543,73568,0,73569,0
79543,73569,0,73570,1
79543,73570,1,73496,0
79543,73496,0,73497,1
79543,73497,1,73498,1
79543,73498,1,73688,1
79543,73688,1,73689,0
79543,73689,0,73690,1
79543,73690,1,74036,1
79543,74036,1,74037,1
79543,74037,1,74038,1
79543,74038,1,74039,1
79543,74039,1,74351,0
79543,74351,0,74352,0
79543,74352,0,74353,0
79543,74353,0,74331,1
79543,74331,1,74332,0
79543,74332,0,74333,1
79543,74333,1,74523,1
79543,74523,1,74524,0
79543,74524,0,74525,0
79543,74525,0,74526,1
79543,74526,1,74543,1
79543,74543,1,74544,1
79543,74544,1,74545,0
79543,74545,0,74546,1
79543,74546,1,74359,1
79543,74359,1,74360,0
79543,74360,0,74361,0
79543,74361,0,108961,1
79544,74045,1,74030,1
79544,74030,1,73687,1
79544,73687,1,73495,1
79544,73495,1,74290,0
79544,74290,0,74338,0
79544,74338,0,74326,0
79544,74326,0,74306,1
79544,74306,1,74330,0
79544,74330,0,74537,0
79544,74537,0,74512,0
79544,74512,0,74354,1
79544,74354,1,74416,0
79544,74416,0,74428,1
79544,74428,1,74497,0
79544,74497,0,74477,1
79544,74477,1,73687,1
79544,73687,1,73495,1
79544,73495,1,74290,0
79544,74290,0,74338,0
79544,74338,0,74326,0
79544,74326,0,74306,1
79544,74306,1,74330,0
79544,74330,0,74537,0
79544,74537,0,74554,1
79544,74554,1,74576,1
79544,74576,1,74512,0
79544,74512,0,74354,1
79544,74354,1,74416,0
79544,74416,0,74428,1
79544,74428,1,74497,0
79544,74497,0,74477,1
79544,74477,1,73373,1
79544,73373,1,73361,1
79544,73361,1,74007,1
79544,74007,1,74019,1
79544,74019,1,74045,1
79544,74045,1,74030,1
79544,74030,1,74403,1
79544,74403,1,74009,1
79544,74009,1,74002,1
79544,74002,1,74407,1
79544,74407,1,92981,1
79544,92981,1,74291,1
79544,74291,1,74292,0
79544,74292,0,74293,0
79544,74293,0,74339,1
79544,74339,1,74340,0
79544,74340,0,74341,0
79544,74341,0,74327,1
79544,74327,1,74328,0
79544,74328,0,74329,1
79544,74329,1,74331,1
79544,74331,1,74332,0
79544,74332,0,74333,0
79544,74333,0,74538,1
79544,74538,1,74539,0
79544,74539,0,74540,0
79544,74540,0,74541,1
79544,74541,1,74513,1
79544,74513,1,74514,0
79544,74514,0,74515,0
79544,74515,0,74417,0
79544,74417,0,74418,1
79544,74418,1,74419,0
79544,74419,0,74498,0
79544,74498,0,74500,0
79545,74055,0,74165,0
79545,74165,0,74080,0
79545,74080,0,74160,1
79545,74160,1,74100,1
79545,74100,1,74125,1
79545,74125,1,73531,1
79545,73531,1,73535,1
79545,73535,1,74330,0
79545,74330,0,74346,1
79545,74346,1,74338,1
79545,74338,1,74358,0
79545,74358,0,74282,1
79545,74282,1,74497,0
79545,74497,0,74532,0
79545,74532,0,74412,1
79545,74412,1,74416,0
79545,74416,0,74294,0
79545,74294,0,74326,0
79545,74326,0,74420,1
79545,74420,1,74334,1
79545,74334,1,74342,1
79545,74342,1,73531,1
79545,73531,1,73535,1
79545,73535,1,74330,0
79545,74330,0,74346,1
79545,74346,1,74338,1
79545,74338,1,74358,0
79545,74358,0,74282,1
79545,74282,1,74497,0
79545,74497,0,74532,0
79545,74532,0,74412,1
79545,74412,1,74416,0
79545,74416,0,74294,0
79545,74294,0,74326,0
79545,74326,0,74420,1
79545,74420,1,74574,1
79545,74574,1,74575,1
79545,74575,1,74334,1
79545,74334,1,74342,1
79545,74342,1,73393,1
79545,73393,1,73421,0
79545,73421,0,73369,0
79545,73369,0,73449,1
79545,73449,1,73409,1
79545,73409,1,74029,1
79545,74029,1,74016,1
79545,74016,1,74055,0
79545,74055,0,74165,0
79545,74165,0,74080,0
79545,74080,0,74160,1
79545,74160,1,74100,1
79545,74100,1,73361,1
79545,73361,1,74125,1
79545,74125,1,74005,1
79545,74005,1,74000,1
79545,74000,1,92992,1
79545,92992,1,73422,0
79545,73422,0,73423,1
79545,73423,1,73424,0
79545,73424,0,73370,1
79545,73370,1,73371,1
79545,73371,1,73372,1
79545,73372,1,74056,0
79545,74056,0,74057,0
79545,74057,0,74058,1
79545,74058,1,74059,1
79545,74059,1,74166,1
79545,74166,1,74167,1
79545,74167,1,74168,0
79545,74168,0,74169,1
79545,74169,1,74081,0
79545,74081,0,74082,1
79545,74082,1,74083,1
79545,74083,1,74084,1
79545,74084,1,74331,0
79545,74331,0,74332,0
79545,74332,0,74333,1
79545,74333,1,74359,1
79545,74359,1,74360,0
79545,74360,0,74361,0
79545,74361,0,74498,1
79545,74498,1,74499,0
79545,74499,0,74500,0
79545,74500,0,74501,1
79545,74501,1,74533,1
79545,74533,1,74534,0
79545,74534,0,74535,1
79545,74535,1,74536,1
79545,74536,1,74417,1
79545,74417,1,74418,1
79545,74418,1,74419,1
79545,74419,1,74295,1
79545,74295,1,74296,1
79545,74296,1,74297,0
79545,74297,0,74329,0
79546,74030,1,74130,1
79546,74130,1,73499,0
79546,73499,0,74322,1
79546,74322,1,74334,0
79546,74334,0,74290,1
79546,74290,1,74346,1
79546,74346,1,74358,1
79546,74358,1,74424,0
79546,74424,0,74467,0
79546,74467,0,74522,1
79546,74522,1,74457,0
79546,74457,0,74517,1
79546,74517,1,73687,1
79546,73687,1,73671,1
79546,73671,1,73651,1
79546,73651,1,73499,0
79546,73499,0,74322,1
79546,74322,1,74334,0
79546,74334,0,74290,1
79546,74290,1,74346,1
79546,74346,1,74358,1
79546,74358,1,74424,0
79546,74424,0,74467,0
79546,74467,0,74522,1
79546,74522,1,74457,0
79546,74457,0,74517,1
79546,74517,1,73687,1
79546,73687,1,73671,1
79546,73671,1,73651,1
79546,73651,1,74581,0
79546,74581,0,74570,0
79546,74570,0,74553,1
79546,74553,1,74552,1
79546,74552,1,74574,1
79546,74574,1,73393,1
79546,73393,1,73377,1
79546,73377,1,74008,1
79546,74008,1,74022,1
79546,74022,1,74030,1
79546,74030,1,74130,1
79546,74130,1,74004,1
79546,74004,1,74014,1
79546,74014,1,93011,1
79546,93011,1,74335,0
79546,74335,0,74336,0
79546,74336,0,74337,1
79546,74337,1,74425,1
79546,74425,1,74426,0
79546,74426,0,74427,1
79546,74427,1,74468,1
79546,74468,1,74469,0
79546,74469,0,74470,1
79546,74470,1,74471,1
79546,74471,1,74458,1
79546,74458,1,74459,0
79546,74459,0,74460,0
79546,74460,0,74461,1
79546,74461,1,73500,0
79546,73500,0,73501,1
79546,73501,1,73502,1
79548,74130,0,74135,1
79548,74135,1,74120,1
79548,74120,1,74100,1
79548,74100,1,73527,0
79548,73527,0,73535,1
79548,73535,1,73575,0
79548,73575,0,73655,0
79548,73655,0,73671,0
79548,73671,0,73511,0
79548,73511,0,73499,1
79548,73499,1,73567,1
79548,73567,1,74350,0
79548,74350,0,74424,0
79548,74424,0,74457,0
79548,74457,0,74527,1
79548,74527,1,74517,0
79548,74517,0,74432,0
79548,74432,0,74542,0
79548,74542,0,74477,1
79548,74477,1,74512,0
79548,74512,0,74492,0
79548,74492,0,74420,1
79548,74420,1,74507,0
79548,74507,0,74522,1
79548,74522,1,74462,1
79548,74462,1,74487,0
79548,74487,0,74537,1
79548,74537,1,74306,1
79548,74306,1,74334,1
79548,74334,1,74472,1
79548,74472,1,74502,0
79548,74502,0,74547,0
79548,74547,0,74497,1
79548,74497,1,74532,1
79548,74532,1,74412,1
79548,74412,1,73527,0
79548,73527,0,73535,1
79548,73535,1,73575,0
79548,73575,0,73655,0
79548,73655,0,73671,0
79548,73671,0,73511,0
79548,73511,0,73499,1
79548,73499,1,73567,1
79548,73567,1,74350,0
79548,74350,0,74424,0
79548,74424,0,74457,0
79548,74457,0,74527,1
79548,74527,1,74517,0
79548,74517,0,74432,0
79548,74432,0,74542,0
79548,74542,0,74477,1
79548,74477,1,74554,1
79548,74554,1,74579,1
79548,74579,1,74512,0
79548,74512,0,74492,0
79548,74492,0,74420,1
79548,74420,1,74507,0
79548,74507,0,74522,1
79548,74522,1,74462,1
79548,74462,1,74487,0
79548,74487,0,74537,1
79548,74537,1,74306,1
79548,74306,1,74334,1
79548,74334,1,74472,1
79548,74472,1,74502,0
79548,74502,0,74547,0
79548,74547,0,74497,1
79548,74497,1,74532,1
79548,74532,1,74412,1
79548,74412,1,73425,0
79548,73425,0,73357,1
79548,73357,1,73449,1
79548,73449,1,73421,1
79548,73421,1,74029,1
79548,74029,1,74023,1
79548,74023,1,74130,0
79548,74130,0,74135,1
79548,74135,1,74120,1
79548,74120,1,74100,1
79548,74100,1,74407,1
79548,74407,1,74020,1
79548,74020,1,74017,1
79548,74017,1,93012,0
79548,93012,0,93006,1
79548,93006,1,93015,1
79548,93015,1,93026,1
79548,93026,1,92970,0
79548,92970,0,73426,0
79548,73426,0,73427,0
79548,73427,0,73428,0
79548,73428,0,73528,0
79548,73528,0,73529,1
79548,73529,1,73530,0
79548,73530,0,73576,1
79548,73576,1,73577,0
79548,73577,0,73578,0
79548,73578,0,73656,0
79548,73656,0,73657,0
79548,73657,0,73658,1
79548,73658,1,73672,1
79548,73672,1,73673,0
79548,73673,0,73674,0
79548,73674,0,73512,1
79548,73512,1,74134,1
79548,74134,1,73514,0
79548,73514,0,74351,0
79548,74351,0,74425,1
79548,74425,1,74426,0
79548,74426,0,74427,0
79548,74427,0,74458,1
79548,74458,1,74459,0
79548,74459,0,74460,0
79548,74460,0,74461,1
79548,74461,1,74518,1
79548,74518,1,74519,1
79548,74519,1,74520,1
79548,74520,1,74521,1
79548,74521,1,74433,0
79548,74433,0,74434,1
79548,74434,1,74435,0
79548,74435,0,74543,1
79548,74543,1,74544,0
79548,74544,0,74545,0
79548,74545,0,74546,1
79548,74546,1,74513,1
79548,74513,1,74514,0
79548,74514,0,74515,0
79548,74515,0,74516,0
79548,74516,0,74493,1
79548,74493,1,74494,0
79548,74494,0,74495,0
79548,74495,0,74496,1
79548,74496,1,74508,1
79548,74508,1,74509,1
79548,74509,1,74510,1
79548,74510,1,74511,1
79548,74511,1,74488,0
79548,74488,0,74489,1
79548,74489,1,74490,1
79548,74490,1,74491,1
79548,74491,1,74352,0
79548,74352,0,74353,0
79548,74353,0,74503,1
79548,74503,1,74504,1
79548,74504,1,74505,1
79548,74505,1,74506,1
79548,74506,1,74548,1
79548,74548,1,74549,1
79548,74549,1,74550,0
79548,74550,0,74551,1
79558,74135,1,74075,1
79558,74075,1,73687,0
79558,73687,0,73571,1
79558,73571,1,73551,1
79558,73551,1,73535,1
79558,73535,1,74342,0
79558,74342,0,74282,0
79558,74282,0,74306,1
79558,74306,1,74358,0
79558,74358,0,74330,0
79558,74330,0,74522,0
79558,74522,0,74517,0
79558,74517,0,74497,0
79558,74497,0,74452,0
79558,74452,0,74350,0
79558,74350,0,73687,0
79558,73687,0,73571,1
79558,73571,1,73551,1
79558,73551,1,73535,1
79558,73535,1,74342,0
79558,74342,0,74282,0
79558,74282,0,74306,1
79558,74306,1,74358,0
79558,74358,0,74330,0
79558,74330,0,74522,0
79558,74522,0,74517,0
79558,74517,0,74497,0
79558,74497,0,74452,0
79558,74452,0,74350,0
79558,74350,0,73401,1
79558,73401,1,73377,1
79558,73377,1,74019,1
79558,74019,1,74023,1
79558,74023,1,74135,1
79558,74135,1,74075,1
79558,74075,1,49325,1
79558,49325,1,49316,1
79558,49316,1,49304,1
79558,49304,1,49358,1
79558,49358,1,49334,1
79558,49334,1,108996,0
79558,108996,0,108918,0
79558,108918,0,108930,0
79558,108930,0,108906,0
79558,108906,0,108987,0
79558,108987,0,108975,0
79558,108975,0,108999,0
79558,108999,0,94079,1
79558,94079,1,49325,1
79558,49325,1,49316,1
79558,49316,1,49304,1
79558,49304,1,49358,1
79558,49358,1,49334,1
79558,49334,1,55786,1
79558,55786,1,55019,1
79558,55019,1,55786,1
79558,55786,1,73688,0
79558,73688,0,73689,0
79558,73689,0,73690,0
79558,73690,0,74343,0
79558,74343,0,74344,1
79558,74344,1,74345,0
79558,74345,0,74283,1
79558,74283,1,74284,1
79558,74284,1,74285,1
79558,74285,1,74359,0
79558,74359,0,74360,0
79558,74360,0,74361,0
79558,74361,0,74331,0
79558,74331,0,74332,0
79558,74332,0,74333,0
79558,74333,0,74523,1
79558,74523,1,74524,0
79558,74524,0,74525,1
79558,74525,1,74526,1
79558,74526,1,74518,0
79558,74518,0,74519,1
79558,74519,1,74520,1
79558,74520,1,74521,1
79558,74521,1,74498,0
79558,74498,0,74499,0
79558,74499,0,74500,0
79558,74500,0,74501,1
79558,74501,1,74453,0
79558,74453,0,74351,0
79558,74351,0,74352,0
79558,74352,0,74353,0
79558,74353,0,108998,1
79558,108998,1,108919,1
79558,108919,1,108932,1
79558,108932,1,108908,1
79558,108908,1,108989,1
79558,108989,1,108977,1
79558,108977,1,109001,1
79559,74135,1,74050,1
79559,74050,1,73687,0
79559,73687,0,73627,0
79559,73627,0,73551,1
79559,73551,1,73567,1
79559,73567,1,73655,1
79559,73655,1,74290,0
79559,74290,0,74282,1
79559,74282,1,74354,0
79559,74354,0,74326,0
79559,74326,0,74330,0
79559,74330,0,73687,0
79559,73687,0,73627,0
79559,73627,0,73551,1
79559,73551,1,73567,1
79559,73567,1,73655,1
79559,73655,1,74290,0
79559,74290,0,74282,1
79559,74282,1,74354,0
79559,74354,0,74326,0
79559,74326,0,74330,0
79559,74330,0,73369,1
79559,73369,1,73393,1
79559,73393,1,74022,1
79559,74022,1,74028,1
79559,74028,1,74135,1
79559,74135,1,74050,1
79559,74050,1,93003,1
79559,93003,1,73688,0
79559,73688,0,73689,1
79559,73689,1,73690,1
79559,73690,1,73628,0
79559,73628,0,73629,1
79559,73629,1,73630,1
79559,73630,1,74291,1
79559,74291,1,74292,1
79559,74292,1,74293,0
79559,74293,0,74355,0
79559,74355,0,74356,0
79559,74356,0,74357,1
79559,74357,1,74327,1
79559,74327,1,74328,0
79559,74328,0,74329,1
79559,74329,1,74331,1
79559,74331,1,74332,0
79559,74332,0,74333,1
79561,74125,1,74095,0
79561,74095,0,74075,0
79561,74075,0,74050,0
79561,74050,0,73647,0
79561,73647,0,73607,0
79561,73607,0,73575,0
79561,73575,0,73551,1
79561,73551,1,73655,1
79561,73655,1,73647,0
79561,73647,0,73607,0
79561,73607,0,73575,0
79561,73575,0,73551,1
79561,73551,1,73655,1
79561,73655,1,73365,1
79561,73365,1,73377,1
79561,73377,1,74013,1
79561,74013,1,74002,1
79561,74002,1,74125,1
79561,74125,1,74095,0
79561,74095,0,74075,0
79561,74075,0,74050,0
79561,74050,0,49328,0
79561,49328,0,49329,0
79561,49329,0,49330,0
79561,49330,0,49379,0
79561,49379,0,49380,0
79561,49380,0,49381,0
79561,49381,0,94099,0
79561,94099,0,90760,0
79561,90760,0,91482,1
79561,91482,1,90743,1
79561,90743,1,94065,0
79561,94065,0,90780,1
79561,90780,1,94096,1
79561,94096,1,49328,0
79561,49328,0,49329,0
79561,49329,0,49330,0
79561,49330,0,49379,0
79561,49379,0,49380,0
79561,49380,0,49381,0
79561,49381,0,73648,0
79561,73648,0,73649,0
79561,73649,0,73650,0
79561,73650,0,73608,0
79561,73608,0,73609,0
79561,73609,0,73610,0
79561,73610,0,73576,0
79561,73576,0,73577,0
79561,73577,0,73578,0
79561,73578,0,74096,0
79561,74096,0,74097,1
79561,74097,1,74098,1
79561,74098,1,74099,1
79561,74099,1,74076,0
79561,74076,0,74077,1
79561,74077,1,74078,1
79561,74078,1,74079,0
79561,74079,0,74051,0
79561,74051,0,74052,1
79561,74052,1,74053,0
79568,74155,1,74095,1
79568,74095,1,73671,0
79568,73671,0,73495,0
79568,73495,0,73535,0
79568,73535,0,73687,0
79568,73687,0,73527,0
79568,73527,0,74342,0
79568,74342,0,73671,0
79568,73671,0,73495,0
79568,73495,0,73535,0
79568,73535,0,73687,0
79568,73687,0,73527,0
79568,73527,0,74342,0
79568,74342,0,73377,1
79568,73377,1,73381,1
79568,73381,1,74003,1
79568,74003,1,74010,1
79568,74010,1,74155,1
79568,74155,1,74095,1
79568,74095,1,73672,0
79568,73672,0,73673,1
79568,73673,1,73674,0
79568,73674,0,73496,1
79568,73496,1,73497,0
79568,73497,0,73498,1
79568,73498,1,73536,1
79568,73536,1,73537,0
79568,73537,0,73538,1
79568,73538,1,73688,1
79568,73688,1,73689,0
79568,73689,0,73690,1
79568,73690,1,73528,1
79568,73528,1,73529,0
79568,73529,0,73530,1
79568,73530,1,74343,0
79572,74140,1,74065,0
79572,74065,0,74055,1
79572,74055,1,74135,1
79572,74135,1,74145,1
79572,74145,1,73499,0
79572,73499,0,73495,0
79572,73495,0,73607,0
79572,73607,0,73535,0
79572,73535,0,73527,0
79572,73527,0,74282,0
79572,74282,0,74350,0
79572,74350,0,73499,0
79572,73499,0,73495,0
79572,73495,0,73607,0
79572,73607,0,73535,0
79572,73535,0,73527,0
79572,73527,0,74282,0
79572,74282,0,74350,0
79572,74350,0,73393,1
79572,73393,1,73417,1
79572,73417,1,74020,1
79572,74020,1,74007,1
79572,74007,1,74140,1
79572,74140,1,74065,0
79572,74065,0,74055,1
79572,74055,1,74135,1
79572,74135,1,74145,1
79572,74145,1,49334,1
79572,49334,1,49358,1
79572,49358,1,49340,1
79572,49340,1,49316,0
79572,49316,0,49317,0
79572,49317,0,49318,0
79572,49318,0,49319,0
79572,49319,0,49320,0
79572,49320,0,49321,0
79572,49321,0,108969,1
79572,108969,1,108945,1
79572,108945,1,108924,1
79572,108924,1,108915,1
79572,108915,1,108951,1
79572,108951,1,94926,0
79572,94926,0,94079,0
79572,94079,0,91500,1
79572,91500,1,90615,0
79572,90615,0,90774,1
79572,90774,1,90768,1
79572,90768,1,90567,0
79572,90567,0,49334,1
79572,49334,1,49358,1
79572,49358,1,49340,1
79572,49340,1,49316,0
79572,49316,0,49317,0
79572,49317,0,49318,0
79572,49318,0,49319,0
79572,49319,0,49320,0
79572,49320,0,49321,0
79572,49321,0,73500,0
79572,73500,0,73501,0
79572,73501,0,73502,0
79572,73502,0,73496,0
79572,73496,0,73497,1
79572,73497,1,73498,0
79572,73498,0,73608,0
79572,73608,0,73609,0
79572,73609,0,73610,0
79572,73610,0,73536,0
79572,73536,0,73537,1
79572,73537,1,73538,0
79572,73538,0,73528,0
79572,73528,0,73529,0
79572,73529,0,73530,0
79572,73530,0,74066,0
79572,74066,0,74067,0
79572,74067,0,74068,0
79572,74068,0,74069,0
79572,74069,0,74283,0
79572,74283,0,74284,0
79572,74284,0,74285,0
79572,74285,0,74351,0
79573,74030,1,74140,0
79573,74140,0,73687,0
79573,73687,0,73687,0
79573,73687,0,73393,0
79573,73393,0,73385,1
79573,73385,1,73441,1
79573,73441,1,73445,1
79573,73445,1,74017,1
79573,74017,1,74016,1
79573,74016,1,74030,1
79573,74030,1,74140,0
79573,74140,0,73394,0
79573,73394,0,73395,0
79573,73395,0,73396,1
79573,73396,1,73688,0
79573,73688,0,73689,0
79573,73689,0,74141,0
79573,74141,0,74142,0
79575,74045,1,74120,1
79575,74120,1,73575,0
79575,73575,0,73531,0
79575,73531,0,73651,0
79575,73651,0,73627,0
79575,73627,0,73607,0
79575,73607,0,73735,1
79575,73735,1,73551,0
79575,73551,0,73615,1
79575,73615,1,73495,0
79575,73495,0,73511,0
79575,73511,0,74330,1
79575,74330,1,74294,0
79575,74294,0,74322,1
79575,74322,1,74350,0
79575,74350,0,73575,0
79575,73575,0,73531,0
79575,73531,0,73651,0
79575,73651,0,73627,0
79575,73627,0,73607,0
79575,73607,0,73735,1
79575,73735,1,73551,0
79575,73551,0,73615,1
79575,73615,1,73495,0
79575,73495,0,73511,0
79575,73511,0,74330,1
79575,74330,1,74294,0
79575,74294,0,74322,1
79575,74322,1,74350,0
79575,74350,0,73361,0
79575,73361,0,73343,0
79575,73343,0,73465,1
79575,73465,1,73417,1
79575,73417,1,73389,1
79575,73389,1,74026,1
79575,74026,1,74023,1
79575,74023,1,74045,1
79575,74045,1,74120,1
79575,74120,1,49307,0
79575,49307,0,49308,1
79575,49308,1,49309,0
79575,49309,0,94954,0
79575,94954,0,94922,1
79575,94922,1,94091,1
79575,94091,1,94915,1
79575,94915,1,49307,0
79575,49307,0,49308,1
79575,49308,1,49309,0
79575,49309,0,73362,0
79575,73362,0,73576,0
79575,73576,0,73577,1
79575,73577,1,73578,1
79575,73578,1,73532,1
79575,73532,1,73533,0
79575,73533,0,73534,0
79575,73534,0,73652,1
79575,73652,1,73653,0
79575,73653,0,73654,1
79575,73654,1,73363,0
79575,73363,0,73364,0
79575,73364,0,73344,0
79575,73344,0,73345,0
79575,73345,0,73346,1
79575,73346,1,73628,0
79575,73628,0,73629,0
79575,73629,0,73630,1
79575,73630,1,73608,0
79575,73608,0,73609,0
79575,73609,0,73610,1
79575,73610,1,73552,1
79575,73552,1,73553,0
79575,73553,0,73554,1
79575,73554,1,73496,1
79575,73496,1,73497,0
79575,73497,0,73498,1
79575,73498,1,73512,1
79575,73512,1,73513,0
79575,73513,0,73514,1
79575,73514,1,74295,1
79575,74295,1,74296,0
79575,74296,0,74297,0
79575,74297,0,74351,1
79575,74351,1,74352,0
79575,74352,0,74353,0
79577,112920,0,113218,0
79577,113218,0,113338,0
79577,113338,0,113314,0
79577,113314,0,113218,0
79577,113218,0,113182,0
79577,113182,0,113338,0
79577,113338,0,113314,0
79577,113314,0,112920,0
79577,112920,0,61109,0
79577,61109,0,61097,1
79577,61097,1,61095,0
79577,61095,0,61099,1
79577,61099,1,49261,1
79577,49261,1,60154,0
79577,60154,0,60055,1
79577,60055,1,60070,0
79577,60070,0,60096,0
79577,60096,0,108921,0
79577,108921,0,108912,1
79577,108912,1,108972,1
79577,108972,1,108969,1
79577,108969,1,58774,1
79577,58774,1,54027,1
79577,54027,1,54459,1
79577,54459,1,54559,1
79577,54559,1,58821,1
79577,58821,1,113360,0
79577,113360,0,113361,0
79577,113361,0,108922,1
79577,108922,1,112921,0
79577,112921,0,112922,1
79577,112922,1,112923,0
79577,112923,0,112924,0
79577,112924,0,113003,1
79577,113003,1,113009,1
79577,113009,1,113040,1
79577,113040,1,113219,1
79577,113219,1,113220,0
79577,113220,0,113221,0
79577,113221,0,113183,1
79577,113183,1,113184,1
79577,113184,1,113185,0
79577,113185,0,113339,0
79577,113339,0,113340,0
79577,113340,0,113315,0
79577,113315,0,113317,0
79579,112950,1,113226,1
79579,113226,1,113198,1
79579,113198,1,113174,0
79579,113174,0,113166,1
79579,113166,1,113250,0
79579,113250,0,113226,1
79579,113226,1,113154,1
79579,113154,1,113198,1
79579,113198,1,112950,1
79579,112950,1,112972,0
79579,112972,0,113013,1
79579,113013,1,112960,1
79579,112960,1,113034,1
79579,113034,1,66109,0
79579,66109,0,65263,0
79579,65263,0,65245,1
79579,65245,1,66163,1
79579,66163,1,66109,0
79579,66109,0,65263,0
79579,65263,0,65245,1
79579,65245,1,66163,1
79579,66163,1,49268,1
79579,49268,1,53689,1
79579,53689,1,53689,1
79579,53689,1,58778,1
79579,58778,1,53995,1
79579,53995,1,54451,0
79579,54451,0,54458,1
79579,54458,1,54448,1
79579,54448,1,54462,1
79579,54462,1,54588,1
79579,54588,1,54199,1
79579,54199,1,53774,1
79579,53774,1,113515,0
79579,113515,0,113516,1
79579,113516,1,113517,1
79579,113517,1,113518,1
79579,113518,1,113519,0
79579,113519,0,113415,0
79579,113415,0,113416,1
79579,113416,1,113417,1
79579,113417,1,113418,0
79579,113418,0,113419,0
79579,113419,0,113793,0
79579,113793,0,113794,1
79579,113794,1,113795,0
79579,113795,0,113796,1
79579,113796,1,113797,0
79579,113797,0,66110,1
79579,66110,1,66111,1
79579,66111,1,66112,0
79579,66112,0,66113,1
79579,66113,1,66114,0
79579,66114,0,65264,1
79579,65264,1,65265,1
79579,65265,1,65266,1
79579,65266,1,65267,1
79579,65267,1,65268,0
79579,65268,0,112973,0
79579,112973,0,112974,0
79579,112974,0,112975,0
79579,112975,0,113175,1
79579,113175,1,113177,0
79579,113177,0,113135,0
79579,113135,0,113138,1
79579,113138,1,113139,0
79579,113139,0,113070,1
79579,113070,1,113251,1
79579,113251,1,113252,0
79579,113252,0,113253,1
79610,57075,1,57099,1
79610,57099,1,48559,1
79610,48559,1,56733,1
79610,56733,1,56715,0
79610,56715,0,91528,1
79610,91528,1,56733,1
79610,56733,1,56715,0
79610,56715,0,57075,1
79610,57075,1,57099,1
79610,57099,1,73031,0
79610,73031,0,73251,0
79610,73251,0,71765,0
79610,71765,0,71757,1
79610,71757,1,71753,1
79610,71753,1,71743,1
79610,71743,1,71765,0
79610,71765,0,71757,1
79610,71757,1,71753,1
79610,71753,1,71743,1
79610,71743,1,71452,1
79610,71452,1,65713,1
79610,65713,1,97912,1
79610,97912,1,97824,1
79610,97824,1,97900,1
79610,97900,1,97820,1
79610,97820,1,97808,1
79610,97808,1,66568,1
79610,66568,1,78940,0
79610,78940,0,79005,0
79610,79005,0,79049,1
79610,79049,1,78940,0
79610,78940,0,79005,0
79610,79005,0,79049,1
79610,79049,1,48559,1
79610,48559,1,80484,1
79610,80484,1,80430,1
79610,80430,1,80352,1
79610,80352,1,80538,0
79610,80538,0,80544,1
79610,80544,1,80328,1
79610,80328,1,80364,1
79610,80364,1,80664,0
79610,80664,0,80580,1
79610,80580,1,80466,1
79610,80466,1,89653,1
79610,89653,1,80484,1
79610,80484,1,80430,1
79610,80430,1,80352,1
79610,80352,1,80538,0
79610,80538,0,80544,1
79610,80544,1,80328,1
79610,80328,1,80364,1
79610,80364,1,80664,0
79610,80664,0,80580,1
79610,80580,1,80466,1
79610,80466,1,80886,1
79610,80886,1,80674,0
79610,80674,0,80810,0
79610,80810,0,80814,1
79610,80814,1,80794,1
79610,80794,1,80806,1
79610,80806,1,80698,1
79610,80698,1,80686,1
79610,80686,1,89656,1
79610,89656,1,89640,1
79610,89640,1,89642,1
79610,89642,1,78940,0
79610,78940,0,79005,0
79610,79005,0,79049,1
79610,79049,1,85624,1
79610,85624,1,85595,1
79610,85595,1,128657,0
79610,128657,0,128652,1
79610,128652,1,85619,1
79610,85619,1,85581,1
79610,85581,1,85607,1
79610,85607,1,128670,1
79610,128670,1,87539,1
79610,87539,1,87546,1
79610,87546,1,87540,1
79610,87540,1,87429,1
79610,87429,1,87428,1
79610,87428,1,88061,0
79610,88061,0,88059,1
79610,88059,1,88085,1
79610,88085,1,88082,1
79610,88082,1,53843,1
79610,53843,1,73251,0
79610,73251,0,86622,0
79610,86622,0,66813,0
79610,66813,0,66814,0
79610,66814,0,66815,1
79610,66815,1,51144,0
79610,51144,0,51195,1
79610,51195,1,66810,0
79610,66810,0,66811,1
79610,66811,1,66812,1
79610,66812,1,66795,0
79610,66795,0,66796,1
79610,66796,1,66797,1
79610,66797,1,51153,0
79610,51153,0,80539,1
79610,80539,1,80540,1
79610,80540,1,80541,1
79610,80541,1,80542,1
79610,80542,1,80543,1
79610,80543,1,80665,1
79610,80665,1,80666,1
79610,80666,1,80667,1
79610,80667,1,80668,1
79610,80668,1,80669,1
79610,80669,1,80675,1
79610,80675,1,80676,1
79610,80676,1,80677,1
79610,80677,1,80811,0
79610,80811,0,80812,1
79610,80812,1,80813,1
79610,80813,1,73032,0
79610,73032,0,73033,1
79610,73033,1,73034,1
79610,73034,1,73035,1
79610,73035,1,73252,1
79610,73252,1,73253,1
79610,73253,1,73254,1
79610,73254,1,73255,0
79610,73255,0,56716,1
79610,56716,1,56717,1
79626,57129,1,57042,1
79626,57042,1,48659,0
79626,48659,0,48702,1
79626,48702,1,48669,1
79626,48669,1,48580,0
79626,48580,0,48650,0
79626,48650,0,48623,1
79626,48623,1,48573,0
79626,48573,0,56751,1
79626,56751,1,56766,1
79626,56766,1,58472,1
79626,58472,1,58487,1
79626,58487,1,57542,1
79626,57542,1,57461,1
79626,57461,1,46857,1
79626,46857,1,46830,1
79626,46830,1,91163,0
79626,91163,0,91171,0
79626,91171,0,91559,1
79626,91559,1,56751,1
79626,56751,1,56766,1
79626,56766,1,57129,1
79626,57129,1,57042,1
79626,57042,1,92362,1
79626,92362,1,92439,1
79626,92439,1,92454,1
79626,92454,1,73445,1
79626,73445,1,73369,1
79626,73369,1,58472,1
79626,58472,1,58487,1
79626,58487,1,73096,1
79626,73096,1,71757,1
79626,71757,1,71757,1
79626,71757,1,71468,1
79626,71468,1,65813,1
79626,65813,1,97784,1
79626,97784,1,97904,1
79626,97904,1,97908,1
79626,97908,1,97816,1
79626,97816,1,97916,1
79626,97916,1,66683,1
79626,66683,1,79055,1
79626,79055,1,78981,0
79626,78981,0,79022,1
79626,79022,1,78933,0
79626,78933,0,78974,1
79626,78974,1,78927,0
79626,78927,0,79073,0
79626,79073,0,79055,1
79626,79055,1,78981,0
79626,78981,0,79022,1
79626,79022,1,78933,0
79626,78933,0,78974,1
79626,78974,1,78927,0
79626,78927,0,79073,0
79626,79073,0,48659,0
79626,48659,0,48702,1
79626,48702,1,48669,1
79626,48669,1,48580,0
79626,48580,0,48650,0
79626,48650,0,48623,1
79626,48623,1,48573,0
79626,48573,0,80532,0
79626,80532,0,80406,0
79626,80406,0,80466,1
79626,80466,1,80430,1
79626,80430,1,80436,1
79626,80436,1,80448,1
79626,80448,1,80550,1
79626,80550,1,94888,1
79626,94888,1,94875,1
79626,94875,1,94878,1
79626,94878,1,46857,1
79626,46857,1,46830,1
79626,46830,1,89655,1
79626,89655,1,80532,0
79626,80532,0,80406,0
79626,80406,0,80466,1
79626,80466,1,80430,1
79626,80430,1,80436,1
79626,80436,1,80448,1
79626,80448,1,80550,1
79626,80550,1,80734,1
79626,80734,1,80882,1
79626,80882,1,80798,1
79626,80798,1,80722,1
79626,80722,1,80862,1
79626,80862,1,89659,0
79626,89659,0,89619,1
79626,89619,1,89604,1
79626,89604,1,89639,1
79626,89639,1,79055,1
79626,79055,1,78981,0
79626,78981,0,79022,1
79626,79022,1,78933,0
79626,78933,0,78974,1
79626,78974,1,78927,0
79626,78927,0,79073,0
79626,79073,0,85050,0
79626,85050,0,84662,1
79626,84662,1,87285,1
79626,87285,1,87339,1
79626,87339,1,87310,1
79626,87310,1,87327,0
79626,87327,0,87281,1
79626,87281,1,87313,1
79626,87313,1,87292,1
79626,87292,1,87298,1
79626,87298,1,87338,1
79626,87338,1,86928,1
79626,86928,1,86586,1
79626,86586,1,61676,0
79626,61676,0,61625,0
79626,61625,0,61439,0
79626,61439,0,61496,0
79626,61496,0,87145,1
79626,87145,1,85580,1
79626,85580,1,128647,1
79626,128647,1,128654,1
79626,128654,1,128646,1
79626,128646,1,85579,1
79626,85579,1,87557,0
79626,87557,0,87438,1
79626,87438,1,87442,0
79626,87442,0,87463,1
79626,87463,1,87521,1
79626,87521,1,87562,1
79626,87562,1,87565,1
79626,87565,1,87439,1
79626,87439,1,87463,1
79626,87463,1,87559,1
79626,87559,1,87470,0
79626,87470,0,87540,1
79626,87540,1,87565,1
79626,87565,1,87464,1
79626,87464,1,87438,1
79626,87438,1,87546,1
79626,87546,1,88024,0
79626,88024,0,88068,0
79626,88068,0,87967,1
79626,87967,1,87965,1
79626,87965,1,87963,1
79626,87963,1,93332,1
79626,93332,1,53878,0
79626,53878,0,53932,0
79626,53932,0,53840,1
79626,53840,1,53939,1
79626,53939,1,53839,1
79626,53839,1,86726,1
79626,86726,1,66795,0
79626,66795,0,66796,0
79626,66796,0,66797,1
79626,66797,1,51153,1
79626,51153,1,51180,0
79626,51180,0,51147,1
79626,51147,1,51219,1
79626,51219,1,66840,1
79626,66840,1,80533,1
79626,80533,1,80534,1
79626,80534,1,80535,1
79626,80535,1,80536,0
79626,80536,0,80537,1
79626,80537,1,80407,1
79626,80407,1,80408,1
79626,80408,1,80409,0
79626,80409,0,80410,1
79626,80410,1,80411,1
79626,80411,1,61677,0
79626,61677,0,61678,0
79626,61678,0,61626,1
79626,61626,1,61627,1
79626,61627,1,61440,1
79626,61440,1,61441,0
79626,61441,0,61497,1
79674,57069,1,57114,1
79674,57114,1,56709,0
79674,56709,0,56751,1
79674,56751,1,56718,0
79674,56718,0,56829,0
79674,56829,0,56865,0
79674,56865,0,56709,0
79674,56709,0,56751,1
79674,56751,1,56718,0
79674,56718,0,56829,0
79674,56829,0,56865,0
79674,56865,0,57069,1
79674,57069,1,57114,1
79674,57114,1,65741,1
79674,65741,1,97880,1
79674,97880,1,97792,1
79674,97792,1,97892,1
79674,97892,1,97896,1
79674,97896,1,97920,1
79674,97920,1,66692,1
79674,66692,1,78996,1
79674,78996,1,78859,1
79674,78859,1,79059,1
79674,79059,1,78932,1
79674,78932,1,78958,1
79674,78958,1,78996,1
79674,78996,1,78859,1
79674,78859,1,79059,1
79674,79059,1,78932,1
79674,78932,1,78958,1
79674,78958,1,80628,1
79674,80628,1,80658,1
79674,80658,1,80382,0
79674,80382,0,80400,1
79674,80400,1,80526,1
79674,80526,1,80562,1
79674,80562,1,80412,1
79674,80412,1,80496,1
79674,80496,1,89651,1
79674,89651,1,80628,1
79674,80628,1,80658,1
79674,80658,1,80382,0
79674,80382,0,80400,1
79674,80400,1,80526,1
79674,80526,1,80562,1
79674,80562,1,80412,1
79674,80412,1,80496,1
79674,80496,1,80670,0
79674,80670,0,80786,1
79674,80786,1,80694,1
79674,80694,1,80810,1
79674,80810,1,80806,0
79674,80806,0,80794,1
79674,80794,1,80686,1
79674,80686,1,80862,1
79674,80862,1,80698,1
79674,80698,1,80886,1
79674,80886,1,89627,1
79674,89627,1,89596,1
79674,89596,1,89644,0
79674,89644,0,89641,1
79674,89641,1,89594,1
79674,89594,1,89650,1
79674,89650,1,78996,1
79674,78996,1,78859,1
79674,78859,1,79059,1
79674,79059,1,78932,1
79674,78932,1,78958,1
79674,78958,1,61607,0
79674,61607,0,61610,0
79674,61610,0,128668,0
79674,128668,0,128664,1
79674,128664,1,85580,1
79674,85580,1,85585,1
79674,85585,1,85610,1
79674,85610,1,85625,1
79674,85625,1,87557,0
79674,87557,0,87443,0
79674,87443,0,87471,1
79674,87471,1,87536,1
79674,87536,1,87539,0
79674,87539,0,87431,1
79674,87431,1,87518,1
79674,87518,1,87561,1
79674,87561,1,87425,1
79674,87425,1,87434,1
79674,87434,1,87598,1
79674,87598,1,87596,1
79674,87596,1,87539,1
79674,87539,1,87563,1
79674,87563,1,87601,1
79674,87601,1,87988,1
79674,87988,1,53893,1
79674,53893,1,86763,0
79674,86763,0,86764,0
79674,86764,0,86769,0
79674,86769,0,86662,0
79674,86662,0,86760,1
79674,86760,1,86739,1
79674,86739,1,86724,1
79674,86724,1,51189,1
79674,51189,1,80383,1
79674,80383,1,80384,1
79674,80384,1,80385,0
79674,80385,0,80386,0
79674,80386,0,80387,1
79674,80387,1,80671,0
79674,80671,0,80672,1
79674,80672,1,80673,1
79674,80673,1,80807,0
79674,80807,0,80808,1
79674,80808,1,80809,1
79674,80809,1,61608,0
79674,61608,0,61609,0
79674,61609,0,61611,0
79674,61611,0,61612,0
79674,61612,0,56710,0
79674,56710,0,56711,0
79674,56711,0,56719,1
79674,56719,1,56720,0
79674,56720,0,56830,1
79674,56830,1,56831,0
79674,56831,0,56866,0
79674,56866,0,56867,0
79679,57048,1,57099,1
79679,57099,1,57048,1
79679,57048,1,57099,1
79679,57099,1,80786,1
79679,80786,1,80678,0
79679,80678,0,85587,0
79679,85587,0,85625,0
79679,85625,0,85584,0
79679,85584,0,85614,1
79679,85614,1,87453,0
79679,87453,0,87592,0
79679,87592,0,87583,0
79679,87583,0,87601,0
79679,87601,0,87567,0
79679,87567,0,87597,0
79679,87597,0,87433,0
79679,87433,0,87465,0
79679,87465,0,87469,0
79679,87469,0,87470,0
79679,87470,0,53867,0
79679,53867,0,53967,0
79679,53967,0,53882,0
79679,53882,0,53969,0
79679,53969,0,53938,0
79679,53938,0,86623,0
79679,86623,0,86573,0
79679,86573,0,86757,0
79679,86757,0,86753,0
79679,86753,0,86669,0
79679,86669,0,86575,0
79679,86575,0,86603,0
79679,86603,0,51180,1
79679,51180,1,80679,0
79909,56748,1,56850,0
79909,56850,0,56889,0
79909,56889,0,56862,0
79909,56862,0,56868,0
79909,56868,0,56748,1
79909,56748,1,56850,0
79909,56850,0,56889,0
79909,56889,0,56862,0
79909,56862,0,56868,0
79909,56868,0,56851,1
79909,56851,1,56852,0
79909,56852,0,56890,1
79909,56890,1,56891,0
79909,56891,0,56863,1
79909,56863,1,56864,0
79909,56864,0,56869,1
79909,56869,1,56870,0
80906,120458,0,113218,0
80906,113218,0,113214,1
80906,113214,1,113170,0
80906,113170,0,113218,0
80906,113218,0,113258,0
80906,113258,0,113214,1
80906,113214,1,113013,1
80906,113013,1,113030,1
80906,113030,1,113032,1
80906,113032,1,120386,1
80906,120386,1,120425,1
80906,120425,1,120458,0
80906,120458,0,120413,1
80906,120413,1,120394,1
80906,120394,1,61097,1
80906,61097,1,65293,0
80906,65293,0,66151,1
80906,66151,1,66067,1
80906,66067,1,65329,1
80906,65329,1,52873,1
80906,52873,1,66400,1
80906,66400,1,65293,0
80906,65293,0,66151,1
80906,66151,1,66067,1
80906,66067,1,65329,1
80906,65329,1,97836,1
80906,97836,1,49272,1
80906,49272,1,53541,1
80906,53541,1,60053,0
80906,60053,0,60125,0
80906,60125,0,60123,0
80906,60123,0,60146,0
80906,60146,0,60112,0
80906,60112,0,60056,0
80906,60056,0,60088,0
80906,60088,0,60059,0
80906,60059,0,60070,0
80906,60070,0,59895,1
80906,59895,1,53541,1
80906,53541,1,51596,0
80906,51596,0,51618,1
80906,51618,1,58769,1
80906,58769,1,51574,1
80906,51574,1,54031,1
80906,54031,1,54453,1
80906,54453,1,54529,1
80906,54529,1,54304,1
80906,54304,1,53789,1
80906,53789,1,65294,1
80906,65294,1,65295,1
80906,65295,1,65296,0
80906,65296,0,65297,1
80906,65297,1,65298,1
80906,65298,1,113171,0
80906,113171,0,113172,0
80906,113172,0,113173,0
80906,113173,0,113219,0
80906,113219,0,113220,0
80906,113220,0,113221,0
80906,113221,0,113259,0
80906,113259,0,113261,0
80906,113261,0,120360,0
80906,120360,0,120380,1
80906,120380,1,120364,1
80906,120364,1,128342,0
80906,128342,0,128351,0
80906,128351,0,128352,0
80906,128352,0,128382,0
80906,128382,0,128392,0
80906,128392,0,128347,1
80906,128347,1,128348,1
80906,128348,1,128343,0
80906,128343,0,128368,0
80906,128368,0,128349,0
80906,128349,0,128350,1
80906,128350,1,128375,0
80906,128375,0,128380,0
80906,128380,0,128390,0
80906,128390,0,128370,0
80906,128370,0,128371,0
80906,128371,0,128357,0
80906,128357,0,128358,1
80906,128358,1,128353,0
80906,128353,0,128354,1
81013,56904,0,56976,0
81013,56976,0,56928,1
81013,56928,1,56979,1
81013,56979,1,56892,1
81013,56892,1,57123,1
81013,57123,1,57051,1
81013,57051,1,49072,0
81013,49072,0,91080,0
81013,91080,0,49072,0
81013,49072,0,91119,0
81013,91119,0,91540,0
81013,91540,0,91118,0
81013,91118,0,57123,1
81013,57123,1,57051,1
81013,57051,1,56904,0
81013,56904,0,56976,0
81013,56976,0,56928,1
81013,56928,1,56979,1
81013,56979,1,56892,1
81013,56892,1,92383,0
81013,92383,0,92359,1
81013,92359,1,92390,0
81013,92390,0,85466,0
81013,85466,0,85466,0
81013,85466,0,56905,0
81013,56905,0,56906,0
81013,56906,0,56977,1
81013,56977,1,85467,0
81013,85467,0,56978,1
81013,56978,1,49073,0
81013,49073,0,49074,0
81016,56967,1,56964,1
81016,56964,1,57075,1
81016,57075,1,57063,1
81016,57063,1,56781,0
81016,56781,0,91119,1
81016,91119,1,56781,0
81016,56781,0,57075,1
81016,57075,1,57063,1
81016,57063,1,56967,1
81016,56967,1,56964,1
81016,56964,1,56782,1
81197,48893,0,49056,0
81197,49056,0,48893,0
81197,48893,0,49056,0
81197,49056,0,48894,1
81197,48894,1,48895,0
81197,48895,0,48896,0
81197,48896,0,49057,1
81197,49057,1,49058,1
81197,49058,1,49059,0
81441,112930,1,113310,0
81441,113310,0,113310,0
81441,113310,0,113258,1
81441,113258,1,113246,0
81441,113246,0,113039,1
81441,113039,1,112930,1
81441,112930,1,113029,1
81441,113029,1,53673,1
81441,53673,1,60106,0
81441,60106,0,60133,0
81441,60133,0,60072,0
81441,60072,0,60088,0
81441,60088,0,60068,0
81441,60068,0,109014,0
81441,109014,0,108897,0
81441,108897,0,108948,0
81441,108948,0,109002,0
81441,109002,0,108957,0
81441,108957,0,53673,1
81441,53673,1,120196,0
81441,120196,0,120164,1
81441,120164,1,120156,1
81441,120156,1,120232,1
81441,120232,1,120204,0
81441,120204,0,120172,0
81441,120172,0,54526,1
81441,54526,1,113871,0
81441,113871,0,113872,0
81441,113872,0,113873,1
81441,113873,1,113874,1
81441,113874,1,113875,0
81441,113875,0,113876,0
81441,113876,0,113781,1
81441,113781,1,113555,1
81441,113555,1,113835,1
81441,113835,1,109015,1
81441,109015,1,108898,1
81441,108898,1,108950,1
81441,108950,1,109004,1
81441,109004,1,108959,1
81441,108959,1,113060,0
81441,113060,0,113061,1
81441,113061,1,113062,0
81441,113062,0,113311,0
81441,113311,0,113312,0
81441,113312,0,113313,1
81441,113313,1,113130,0
81441,113130,0,113133,1
81441,113133,1,113134,0
81441,113134,0,113065,0
81441,113065,0,113066,1
81441,113066,1,113067,1
81441,113067,1,113247,0
81441,113247,0,113248,0
81441,113248,0,120140,0
81441,120140,0,120137,0
81441,120137,0,120136,0
81441,120136,0,120197,1
81441,120197,1,120198,1
81441,120198,1,120199,0
81441,120199,0,120205,0
81441,120205,0,120206,1
81441,120206,1,120207,1
81441,120207,1,120173,1
81441,120173,1,120174,1
81441,120174,1,120175,1
81441,120175,1,120148,0
81443,112915,1,112950,1
81443,112950,1,113326,0
81443,113326,0,113346,1
81443,113346,1,113190,0
81443,113190,0,113194,1
81443,113194,1,113318,0
81443,113318,0,113158,0
81443,113158,0,113150,1
81443,113150,1,113170,1
81443,113170,1,113326,0
81443,113326,0,113346,1
81443,113346,1,113178,1
81443,113178,1,113190,0
81443,113190,0,113194,1
81443,113194,1,113258,1
81443,113258,1,113318,0
81443,113318,0,112915,1
81443,112915,1,112950,1
81443,112950,1,71788,1
81443,71788,1,89033,1
81443,89033,1,79368,0
81443,79368,0,65269,1
81443,65269,1,100896,1
81443,100896,1,99025,1
81443,99025,1,100910,1
81443,100910,1,65269,1
81443,65269,1,97900,1
81443,97900,1,97816,1
81443,97816,1,97840,1
81443,97840,1,100896,1
81443,100896,1,99025,1
81443,99025,1,100910,1
81443,100910,1,78972,1
81443,78972,1,78959,1
81443,78959,1,78923,1
81443,78923,1,78972,1
81443,78972,1,78959,1
81443,78959,1,78923,1
81443,78923,1,53597,1
81443,53597,1,87125,1
81443,87125,1,86799,1
81443,86799,1,53733,1
81443,53733,1,89606,1
81443,89606,1,78972,1
81443,78972,1,78959,1
81443,78959,1,78923,1
81443,78923,1,60064,0
81443,60064,0,60086,0
81443,60086,0,60114,1
81443,60114,1,60063,1
81443,60063,1,60054,1
81443,60054,1,108930,0
81443,108930,0,108918,1
81443,108918,1,108936,1
81443,108936,1,108969,1
81443,108969,1,71384,1
81443,71384,1,86373,1
81443,86373,1,53733,1
81443,53733,1,53597,1
81443,53597,1,120301,1
81443,120301,1,120273,1
81443,120273,1,120313,1
81443,120313,1,54553,1
81443,54553,1,54265,1
81443,54265,1,51002,1
81443,51002,1,51108,0
81443,51108,0,97739,1
81443,97739,1,97639,1
81443,97639,1,97663,1
81443,97663,1,113565,0
81443,113565,0,113566,1
81443,113566,1,113567,1
81443,113567,1,113568,0
81443,113568,0,113569,0
81443,113569,0,113460,1
81443,113460,1,113455,1
81443,113455,1,113575,1
81443,113575,1,79369,1
81443,79369,1,79370,0
81443,79370,0,108932,1
81443,108932,1,113005,1
81443,113005,1,113159,1
81443,113159,1,113160,1
81443,113160,1,113161,0
81443,113161,0,113274,0
81443,113274,0,113275,0
81443,113275,0,113276,0
81443,113276,0,113277,0
81443,113277,0,113105,0
81443,113105,0,113108,1
81443,113108,1,113109,0
81443,113109,0,113327,0
81443,113327,0,113328,0
81443,113328,0,113329,1
81443,113329,1,113080,0
81443,113080,0,113081,1
81443,113081,1,113082,0
81443,113082,0,113135,0
81443,113135,0,113138,1
81443,113138,1,113139,1
81443,113139,1,113055,0
81443,113055,0,113056,1
81443,113056,1,113057,0
81443,113057,0,114063,1
81443,114063,1,114064,0
81443,114064,0,114034,1
81443,114034,1,114059,1
81443,114059,1,114068,1
81443,114068,1,120245,0
81443,120245,0,120238,1
81443,120238,1,120239,1
81443,120239,1,113085,0
81443,113085,0,113086,1
81443,113086,1,113087,1
81443,113087,1,113191,1
81443,113191,1,113192,1
81443,113192,1,113193,1
81443,113193,1,113286,0
81443,113286,0,113287,1
81443,113287,1,113288,0
81443,113288,0,113289,1
81443,113289,1,113319,0
81445,112945,1,113210,0
81445,113210,0,113210,0
81445,113210,0,112945,1
81445,112945,1,113016,1
81445,113016,1,113024,0
81445,113024,0,113010,1
81445,113010,1,113021,1
81445,113021,1,89175,0
81445,89175,0,71769,1
81445,71769,1,71773,1
81445,71773,1,71771,1
81445,71771,1,88864,0
81445,88864,0,71642,0
81445,71642,0,71649,0
81445,71649,0,71677,1
81445,71677,1,71679,1
81445,71679,1,71708,0
81445,71708,0,89032,1
81445,89032,1,88943,1
81445,88943,1,79374,0
81445,79374,0,80212,0
81445,80212,0,80213,0
81445,80213,0,84921,1
81445,84921,1,53585,1
81445,53585,1,87078,0
81445,87078,0,86790,0
81445,86790,0,86842,1
81445,86842,1,86795,0
81445,86795,0,86852,1
81445,86852,1,86876,0
81445,86876,0,86887,0
81445,86887,0,86900,0
81445,86900,0,89682,1
81445,89682,1,71376,1
81445,71376,1,53585,1
81445,53585,1,120317,1
81445,120317,1,120301,1
81445,120301,1,50997,0
81445,50997,0,113847,0
81445,113847,0,113848,1
81445,113848,1,113849,1
81445,113849,1,113850,1
81445,113850,1,113851,1
81445,113851,1,113852,0
81445,113852,0,113811,0
81445,113811,0,113812,0
81445,113812,0,113813,1
81445,113813,1,113814,0
81445,113814,0,113815,1
81445,113815,1,113816,0
81445,113816,0,113636,0
81445,113636,0,113637,1
81445,113637,1,113638,0
81445,113638,0,113639,1
81445,113639,1,113640,0
81445,113640,0,113641,0
81445,113641,0,79375,1
81445,79375,1,79376,0
81445,79376,0,113040,1
81445,113040,1,120242,1
81445,120242,1,120249,1
81445,120249,1,120254,1
81445,120254,1,113211,0
81445,113211,0,113212,0
81445,113212,0,113213,0
81450,112935,0,113262,1
81450,113262,1,112935,0
81450,112935,0,112988,0
81450,112988,0,113023,0
81450,113023,0,113022,1
81450,113022,1,89127,0
81450,89127,0,89124,1
81450,89124,1,89177,0
81450,89177,0,89186,0
81450,89186,0,89181,1
81450,89181,1,89067,1
81450,89067,1,89136,0
81450,89136,0,89168,1
81450,89168,1,89137,1
81450,89137,1,89146,1
81450,89146,1,71790,1
81450,71790,1,89032,1
81450,89032,1,71715,1
81450,71715,1,79572,1
81450,79572,1,79587,1
81450,79587,1,79860,1
81450,79860,1,81147,1
81450,81147,1,80204,0
81450,80204,0,80041,0
81450,80041,0,80010,0
81450,80010,0,80040,1
81450,80040,1,80049,1
81450,80049,1,80043,1
81450,80043,1,80268,0
81450,80268,0,84780,1
81450,84780,1,65275,1
81450,65275,1,65275,1
81450,65275,1,97848,1
81450,97848,1,97868,1
81450,97868,1,97864,0
81450,97864,0,97884,1
81450,97884,1,97844,1
81450,97844,1,97924,1
81450,97924,1,78928,1
81450,78928,1,79004,1
81450,79004,1,78871,1
81450,78871,1,78928,1
81450,78928,1,79004,1
81450,79004,1,78871,1
81450,78871,1,60025,1
81450,60025,1,53569,1
81450,53569,1,87062,1
81450,87062,1,80472,1
81450,80472,1,80544,1
81450,80544,1,80562,1
81450,80562,1,86886,1
81450,86886,1,86777,0
81450,86777,0,86802,0
81450,86802,0,86799,1
81450,86799,1,86852,0
81450,86852,0,86853,1
81450,86853,1,86836,1
81450,86836,1,86773,1
81450,86773,1,53677,0
81450,53677,0,89637,1
81450,89637,1,78928,1
81450,78928,1,79004,1
81450,79004,1,78871,1
81450,78871,1,80742,0
81450,80742,0,80858,0
81450,80858,0,80806,1
81450,80806,1,80842,1
81450,80842,1,80802,1
81450,80802,1,80472,1
81450,80472,1,80544,1
81450,80544,1,80562,1
81450,80562,1,60140,0
81450,60140,0,60138,0
81450,60138,0,60053,0
81450,60053,0,60116,1
81450,60116,1,60044,0
81450,60044,0,60096,1
81450,60096,1,60154,1
81450,60154,1,60150,1
81450,60150,1,108993,0
81450,108993,0,108903,0
81450,108903,0,108906,1
81450,108906,1,108927,1
81450,108927,1,109005,1
81450,109005,1,71389,1
81450,71389,1,58675,1
81450,58675,1,86252,0
81450,86252,0,86268,1
81450,86268,1,86386,1
81450,86386,1,86285,1
81450,86285,1,61628,0
81450,61628,0,61610,0
81450,61610,0,61547,0
81450,61547,0,61451,0
81450,61451,0,61541,1
81450,61541,1,61598,0
81450,61598,0,61562,0
81450,61562,0,61577,1
81450,61577,1,61601,1
81450,61601,1,61565,1
81450,61565,1,53677,0
81450,53677,0,53569,1
81450,53569,1,120196,1
81450,120196,1,120224,1
81450,120224,1,120192,1
81450,120192,1,120180,1
81450,120180,1,120228,1
81450,120228,1,120208,1
81450,120208,1,120232,0
81450,120232,0,120220,1
81450,120220,1,54514,0
81450,54514,0,54572,1
81450,54572,1,54603,1
81450,54603,1,54585,1
81450,54585,1,54250,1
81450,54250,1,50991,0
81450,50991,0,51003,0
81450,51003,0,50998,1
81450,50998,1,50983,0
81450,50983,0,51010,1
81450,51010,1,51088,1
81450,51088,1,113400,1
81450,113400,1,53678,1
81450,53678,1,53679,1
81450,53679,1,53680,1
81450,53680,1,80205,0
81450,80205,0,80206,1
81450,80206,1,80207,0
81450,80207,0,80269,0
81450,80269,0,54515,0
81450,54515,0,54516,1
81450,54516,1,108995,1
81450,108995,1,108904,1
81450,108904,1,80743,0
81450,80743,0,80744,1
81450,80744,1,80745,1
81450,80745,1,80859,1
81450,80859,1,80860,0
81450,80860,0,80861,1
81450,80861,1,61629,0
81450,61629,0,61630,0
81450,61630,0,61611,0
81450,61611,0,61612,0
81450,61612,0,61549,0
81450,61549,0,61452,0
81450,61452,0,61453,0
81450,61453,0,61599,1
81450,61599,1,61600,1
81450,61600,1,61563,0
81450,61563,0,61564,0
81450,61564,0,112936,0
81450,112936,0,112937,0
81450,112937,0,112938,0
81450,112938,0,112939,1
81450,112939,1,112989,0
81450,112989,0,112990,1
81450,112990,1,112991,1
81450,112991,1,113005,1
81450,113005,1,113008,1
81450,113008,1,113282,0
81450,113282,0,113283,1
81450,113283,1,113284,0
81450,113284,0,113285,0
81450,113285,0,113302,1
81450,113302,1,113286,1
81450,113286,1,114022,0
81450,114022,0,114031,0
81450,114031,0,114047,0
81450,114047,0,114043,1
81450,114043,1,114027,1
81450,114027,1,114070,0
81450,114070,0,114040,1
81450,114040,1,114064,0
81450,114064,0,114024,0
81450,114024,0,114068,1
81450,114068,1,97867,1
81450,97867,1,120151,0
81450,120151,0,120143,1
81450,120143,1,120144,1
81450,120144,1,120146,0
81450,120146,0,120138,1
81450,120138,1,120154,0
81450,120154,0,120150,1
81450,120150,1,120149,1
81450,120149,1,120233,1
81450,120233,1,120234,1
81450,120234,1,120235,1
81450,120235,1,120152,1
81450,120152,1,120147,1
81451,112925,0,112935,0
81451,112935,0,113020,0
81451,113020,0,112996,1
81451,112996,1,113023,1
81451,113023,1,112925,0
81451,112925,0,112935,0
81451,112935,0,113024,1
81451,113024,1,62652,1
81451,62652,1,62652,1
81451,62652,1,78966,1
81451,78966,1,78885,0
81451,78885,0,79076,0
81451,79076,0,78993,0
81451,78993,0,79013,0
81451,79013,0,78903,0
81451,78903,0,79028,0
81451,79028,0,78959,0
81451,78959,0,78979,1
81451,78979,1,79048,1
81451,79048,1,78956,1
81451,78956,1,78966,1
81451,78966,1,78885,0
81451,78885,0,79076,0
81451,79076,0,78993,0
81451,78993,0,79013,0
81451,79013,0,78903,0
81451,78903,0,79028,0
81451,79028,0,78959,0
81451,78959,0,78979,1
81451,78979,1,79048,1
81451,79048,1,78956,1
81451,78956,1,60032,0
81451,60032,0,60005,1
81451,60005,1,60036,1
81451,60036,1,59982,1
81451,59982,1,53649,1
81451,53649,1,80598,1
81451,80598,1,80418,1
81451,80418,1,80358,1
81451,80358,1,78966,1
81451,78966,1,78885,0
81451,78885,0,79076,0
81451,79076,0,78993,0
81451,78993,0,79013,0
81451,79013,0,78903,0
81451,78903,0,79028,0
81451,79028,0,80810,0
81451,80810,0,80694,0
81451,80694,0,80906,1
81451,80906,1,80726,1
81451,80726,1,80838,1
81451,80838,1,80598,1
81451,80598,1,80418,1
81451,80418,1,80358,1
81451,80358,1,78959,0
81451,78959,0,78979,1
81451,78979,1,79048,1
81451,79048,1,78956,1
81451,78956,1,60059,0
81451,60059,0,60047,0
81451,60047,0,60105,0
81451,60105,0,60106,0
81451,60106,0,60065,0
81451,60065,0,60134,0
81451,60134,0,60142,1
81451,60142,1,60144,0
81451,60144,0,60048,1
81451,60048,1,60055,1
81451,60055,1,60093,1
81451,60093,1,108987,0
81451,108987,0,108924,0
81451,108924,0,108999,0
81451,108999,0,108939,0
81451,108939,0,108903,0
81451,108903,0,108951,1
81451,108951,1,108996,1
81451,108996,1,109008,1
81451,109008,1,58721,1
81451,58721,1,61601,1
81451,61601,1,53649,1
81451,53649,1,120200,1
81451,120200,1,54502,1
81451,54502,1,54247,1
81451,54247,1,51084,0
81451,51084,0,51085,0
81451,51085,0,51086,1
81451,51086,1,51087,0
81451,51087,0,51060,1
81451,51060,1,51068,1
81451,51068,1,51104,1
81451,51104,1,113895,0
81451,113895,0,113896,1
81451,113896,1,113897,0
81451,113897,0,113898,1
81451,113898,1,113899,0
81451,113899,0,113900,0
81451,113900,0,113570,0
81451,113570,0,113571,1
81451,113571,1,113572,0
81451,113572,0,113573,1
81451,113573,1,113574,1
81451,113574,1,113787,0
81451,113787,0,113788,0
81451,113788,0,113789,1
81451,113789,1,113790,1
81451,113790,1,113791,1
81451,113791,1,113792,0
81451,113792,0,113525,1
81451,113525,1,113425,1
81451,113425,1,113415,1
81451,113415,1,112926,1
81451,112926,1,112927,0
81451,112927,0,112928,1
81451,112928,1,112929,1
81451,112929,1,112938,1
81451,112938,1,113006,1
81451,113006,1,113090,0
81451,113090,0,113091,1
81451,113091,1,113092,0
81451,113092,0,108989,1
81451,108989,1,108926,1
81451,108926,1,109001,1
81451,109001,1,108940,1
81451,108940,1,108905,1
81451,108905,1,80811,1
81451,80811,1,80812,1
81451,80812,1,80813,0
81451,80813,0,80695,1
81451,80695,1,80696,1
81451,80696,1,80697,0
81451,80697,0,120154,1
81451,120154,1,120151,1
81451,120151,1,120146,1
81451,120146,1,120142,1
81451,120142,1,114023,0
81451,114023,0,114060,0
81455,112935,1,112972,0
81455,112972,0,112935,1
81455,112935,1,113010,0
81455,113010,0,113027,0
81455,113027,0,89127,0
81455,89127,0,89112,1
81455,89112,1,89089,0
81455,89089,0,89183,1
81455,89183,1,89091,0
81455,89091,0,89084,1
81455,89084,1,89145,1
81455,89145,1,89152,1
81455,89152,1,89155,0
81455,89155,0,89144,0
81455,89144,0,89170,1
81455,89170,1,89166,1
81455,89166,1,88963,1
81455,88963,1,71782,1
81455,71782,1,71729,1
81455,71729,1,79563,0
81455,79563,0,79566,1
81455,79566,1,79356,1
81455,79356,1,79362,1
81455,79362,1,79929,0
81455,79929,0,79857,1
81455,79857,1,81141,0
81455,81141,0,79920,1
81455,79920,1,79932,1
81455,79932,1,81175,1
81455,81175,1,80160,0
81455,80160,0,80184,1
81455,80184,1,80168,1
81455,80168,1,80256,0
81455,80256,0,80268,1
81455,80268,1,80176,1
81455,80176,1,80264,1
81455,80264,1,80015,0
81455,80015,0,80012,1
81455,80012,1,80048,0
81455,80048,0,81210,0
81455,81210,0,80014,0
81455,80014,0,80019,0
81455,80019,0,81183,0
81455,81183,0,80010,0
81455,80010,0,81195,0
81455,81195,0,80044,0
81455,80044,0,80045,1
81455,80045,1,80013,0
81455,80013,0,80047,1
81455,80047,1,80043,1
81455,80043,1,80070,0
81455,80070,0,84964,0
81455,84964,0,84941,1
81455,84941,1,84884,1
81455,84884,1,84932,0
81455,84932,0,84965,1
81455,84965,1,84973,1
81455,84973,1,84974,1
81455,84974,1,62508,0
81455,62508,0,62550,1
81455,62550,1,65299,1
81455,65299,1,66019,1
81455,66019,1,62508,0
81455,62508,0,62550,1
81455,62550,1,65299,1
81455,65299,1,66019,1
81455,66019,1,79020,0
81455,79020,0,79071,0
81455,79071,0,78947,0
81455,78947,0,78903,0
81455,78903,0,78902,0
81455,78902,0,78915,0
81455,78915,0,78924,0
81455,78924,0,78879,0
81455,78879,0,79016,1
81455,79016,1,79068,1
81455,79068,1,78976,1
81455,78976,1,79020,0
81455,79020,0,79071,0
81455,79071,0,78947,0
81455,78947,0,78903,0
81455,78903,0,78902,0
81455,78902,0,78915,0
81455,78915,0,78924,0
81455,78924,0,78879,0
81455,78879,0,79016,1
81455,79016,1,79068,1
81455,79068,1,78976,1
81455,78976,1,60018,1
81455,60018,1,53645,0
81455,53645,0,53605,1
81455,53605,1,53545,1
81455,53545,1,53649,0
81455,53649,0,53637,0
81455,53637,0,53573,1
81455,53573,1,53589,1
81455,53589,1,53641,1
81455,53641,1,53569,0
81455,53569,0,53577,0
81455,53577,0,53573,1
81455,53573,1,53553,0
81455,53553,0,53693,0
81455,53693,0,53641,1
81455,53641,1,53597,1
81455,53597,1,53613,1
81455,53613,1,87133,0
81455,87133,0,87039,1
81455,87039,1,87053,1
81455,87053,1,87089,1
81455,87089,1,80496,0
81455,80496,0,80628,1
81455,80628,1,80418,0
81455,80418,0,80424,0
81455,80424,0,80538,1
81455,80538,1,80490,1
81455,80490,1,80586,0
81455,80586,0,80406,0
81455,80406,0,80484,0
81455,80484,0,80568,0
81455,80568,0,80388,1
81455,80388,1,80532,0
81455,80532,0,80352,1
81455,80352,1,80556,0
81455,80556,0,80328,1
81455,80328,1,80358,1
81455,80358,1,86775,1
81455,86775,1,86891,0
81455,86891,0,53689,0
81455,53689,0,53765,0
81455,53765,0,53745,0
81455,53745,0,53661,0
81455,53661,0,53717,0
81455,53717,0,53681,0
81455,53681,0,53661,0
81455,53661,0,53713,0
81455,53713,0,89647,1
81455,89647,1,79020,0
81455,79020,0,79071,0
81455,79071,0,78947,0
81455,78947,0,78903,0
81455,78903,0,78902,0
81455,78902,0,78915,0
81455,78915,0,78924,0
81455,78924,0,80830,1
81455,80830,1,80798,1
81455,80798,1,80730,0
81455,80730,0,80726,1
81455,80726,1,80790,1
81455,80790,1,80898,0
81455,80898,0,80834,1
81455,80834,1,80846,1
81455,80846,1,80866,1
81455,80866,1,80496,0
81455,80496,0,80628,1
81455,80628,1,80418,0
81455,80418,0,80424,0
81455,80424,0,80538,1
81455,80538,1,80490,1
81455,80490,1,80586,0
81455,80586,0,80406,0
81455,80406,0,80484,0
81455,80484,0,80568,0
81455,80568,0,78879,0
81455,78879,0,79016,1
81455,79016,1,79068,1
81455,79068,1,78976,1
81455,78976,1,80388,1
81455,80388,1,80532,0
81455,80532,0,80352,1
81455,80352,1,80556,0
81455,80556,0,80328,1
81455,80328,1,80358,1
81455,80358,1,60147,0
81455,60147,0,60134,1
81455,60134,1,60154,1
81455,60154,1,60083,0
81455,60083,0,60103,1
81455,60103,1,60120,0
81455,60120,0,60077,1
81455,60077,1,60070,0
81455,60070,0,60139,1
81455,60139,1,60086,0
81455,60086,0,60123,0
81455,60123,0,60052,0
81455,60052,0,60054,0
81455,60054,0,60079,1
81455,60079,1,60038,1
81455,60038,1,60047,1
81455,60047,1,108942,0
81455,108942,0,108996,0
81455,108996,0,108999,0
81455,108999,0,109002,0
81455,109002,0,108900,1
81455,108900,1,108918,0
81455,108918,0,71386,0
81455,71386,0,58724,0
81455,58724,0,58722,0
81455,58722,0,58715,0
81455,58715,0,58684,0
81455,58684,0,58710,0
81455,58710,0,58695,0
81455,58695,0,58688,0
81455,58688,0,58691,0
81455,58691,0,58717,0
81455,58717,0,58678,0
81455,58678,0,58669,0
81455,58669,0,58720,1
81455,58720,1,58716,1
81455,58716,1,86291,0
81455,86291,0,61685,0
81455,61685,0,61553,0
81455,61553,0,61661,1
81455,61661,1,61487,1
81455,61487,1,61625,1
81455,61625,1,53645,0
81455,53645,0,53605,1
81455,53605,1,53545,1
81455,53545,1,53689,0
81455,53689,0,53765,0
81455,53765,0,53745,0
81455,53745,0,53649,0
81455,53649,0,53661,0
81455,53661,0,53637,0
81455,53637,0,53573,1
81455,53573,1,53589,1
81455,53589,1,53641,1
81455,53641,1,53717,0
81455,53717,0,53569,0
81455,53569,0,53681,0
81455,53681,0,53577,0
81455,53577,0,53573,1
81455,53573,1,53661,0
81455,53661,0,53713,0
81455,53713,0,53553,0
81455,53553,0,53693,0
81455,53693,0,53641,1
81455,53641,1,53597,1
81455,53597,1,53613,1
81455,53613,1,120188,1
81455,120188,1,120216,1
81455,120216,1,120164,1
81455,120164,1,54572,0
81455,54572,0,54586,1
81455,54586,1,54559,0
81455,54559,0,54569,1
81455,54569,1,54511,1
81455,54511,1,54319,1
81455,54319,1,54604,1
81455,54604,1,50986,0
81455,50986,0,50989,1
81455,50989,1,50990,0
81455,50990,0,51010,0
81455,51010,0,51001,1
81455,51001,1,50983,0
81455,50983,0,51011,1
81455,51011,1,50998,1
81455,50998,1,50993,1
81455,50993,1,51060,0
81455,51060,0,51061,0
81455,51061,0,51062,1
81455,51062,1,51063,0
81455,51063,0,51076,1
81455,51076,1,51012,1
81455,51012,1,51124,1
81455,51124,1,53646,0
81455,53646,0,53647,0
81455,53647,0,53648,1
81455,53648,1,53690,1
81455,53690,1,53691,1
81455,53691,1,53692,1
81455,53692,1,53766,1
81455,53766,1,53767,1
81455,53767,1,53768,0
81455,53768,0,79564,1
81455,79564,1,79565,0
81455,79565,0,79930,0
81455,79930,0,79931,0
81455,79931,0,81142,1
81455,81142,1,81143,1
81455,81143,1,80161,0
81455,80161,0,80162,0
81455,80162,0,80163,0
81455,80163,0,80257,1
81455,80257,1,80258,1
81455,80258,1,80259,1
81455,80259,1,53746,1
81455,53746,1,53747,1
81455,53747,1,53748,0
81455,53748,0,53650,1
81455,53650,1,53651,1
81455,53651,1,53652,1
81455,53652,1,53662,1
81455,53662,1,53663,1
81455,53663,1,53664,0
81455,53664,0,53638,1
81455,53638,1,53639,1
81455,53639,1,53640,1
81455,53640,1,81211,1
81455,81211,1,81212,0
81455,81212,0,81184,1
81455,81184,1,81185,0
81455,81185,0,81196,1
81455,81196,1,81197,0
81455,81197,0,53718,1
81455,53718,1,53719,1
81455,53719,1,53720,0
81455,53720,0,53570,1
81455,53570,1,53571,1
81455,53571,1,53572,1
81455,53572,1,53682,1
81455,53682,1,53683,1
81455,53683,1,53684,0
81455,53684,0,53578,1
81455,53578,1,53579,1
81455,53579,1,53580,1
81455,53580,1,108943,1
81455,108943,1,108997,1
81455,108997,1,62509,1
81455,62509,1,62510,0
81455,62510,0,62511,1
81455,62511,1,62512,1
81455,62512,1,62513,0
81455,62513,0,53662,1
81455,53662,1,53663,1
81455,53663,1,53664,0
81455,53664,0,53714,1
81455,53714,1,53715,1
81455,53715,1,53716,0
81455,53716,0,53554,1
81455,53554,1,53555,1
81455,53555,1,53556,1
81455,53556,1,53694,1
81455,53694,1,53695,1
81455,53695,1,53696,0
81455,53696,0,109001,1
81455,109001,1,109004,1
81455,109004,1,108919,1
81455,108919,1,80731,1
81455,80731,1,80732,1
81455,80732,1,80733,1
81455,80733,1,80899,1
81455,80899,1,80900,1
81455,80900,1,80901,1
81455,80901,1,80497,1
81455,80497,1,80498,1
81455,80498,1,80499,0
81455,80499,0,80500,1
81455,80500,1,80501,0
81455,80501,0,80419,1
81455,80419,1,80420,1
81455,80420,1,80421,1
81455,80421,1,80422,0
81455,80422,0,80423,0
81455,80423,0,80425,1
81455,80425,1,80426,1
81455,80426,1,80427,1
81455,80427,1,80428,1
81455,80428,1,80429,0
81455,80429,0,80587,1
81455,80587,1,80588,1
81455,80588,1,80589,1
81455,80589,1,80590,1
81455,80590,1,80591,0
81455,80591,0,80407,1
81455,80407,1,80408,1
81455,80408,1,80409,1
81455,80409,1,80410,0
81455,80410,0,80411,0
81455,80411,0,80485,1
81455,80485,1,80486,1
81455,80486,1,80487,1
81455,80487,1,80488,1
81455,80488,1,80489,1
81455,80489,1,80569,1
81455,80569,1,80570,1
81455,80570,1,80571,1
81455,80571,1,80572,1
81455,80572,1,80573,0
81455,80573,0,61686,0
81455,61686,0,61687,1
81455,61687,1,61554,0
81455,61554,0,61555,0
81455,61555,0,80071,0
81455,80071,0,80072,0
81455,80072,0,80533,1
81455,80533,1,80534,1
81455,80534,1,80535,1
81455,80535,1,80536,1
81455,80536,1,80537,1
81455,80537,1,80557,1
81455,80557,1,80558,1
81455,80558,1,80559,1
81455,80559,1,80560,1
81455,80560,1,80561,1
81455,80561,1,120155,0
81455,120155,0,120152,1
81455,120152,1,120140,1
81455,120140,1,112973,0
81455,112973,0,112974,0
81455,112974,0,112975,0
81461,112925,1,113202,0
81461,113202,0,113202,0
81461,113202,0,113250,0
81461,113250,0,113150,0
81461,113150,0,112925,1
81461,112925,1,113031,0
81461,113031,0,113021,0
81461,113021,0,113026,1
81461,113026,1,112988,1
81461,112988,1,89143,1
81461,89143,1,71790,1
81461,71790,1,71699,1
81461,71699,1,88944,1
81461,88944,1,79566,1
81461,79566,1,79587,1
81461,79587,1,81169,0
81461,81169,0,80240,0
81461,80240,0,81201,0
81461,81201,0,81154,0
81461,81154,0,81163,1
81461,81163,1,79926,0
81461,79926,0,81160,1
81461,81160,1,81129,1
81461,81129,1,81135,1
81461,81135,1,84741,0
81461,84741,0,84739,1
81461,84739,1,84967,0
81461,84967,0,84720,0
81461,84720,0,84975,1
81461,84975,1,84964,1
81461,84964,1,84974,1
81461,84974,1,62634,1
81461,62634,1,100732,1
81461,100732,1,98964,0
81461,98964,0,100999,0
81461,100999,0,62634,1
81461,62634,1,100732,1
81461,100732,1,98964,0
81461,98964,0,100999,0
81461,100999,0,78917,1
81461,78917,1,78968,1
81461,78968,1,78942,1
81461,78942,1,78917,1
81461,78917,1,78968,1
81461,78968,1,78942,1
81461,78942,1,59981,1
81461,59981,1,53561,1
81461,53561,1,53601,1
81461,53601,1,53697,1
81461,53697,1,87113,0
81461,87113,0,87025,1
81461,87025,1,87049,1
81461,87049,1,87035,1
81461,87035,1,80508,1
81461,80508,1,80550,1
81461,80550,1,80490,1
81461,80490,1,86891,0
81461,86891,0,86852,1
81461,86852,1,86842,1
81461,86842,1,86860,1
81461,86860,1,86879,0
81461,86879,0,86840,0
81461,86840,0,86784,1
81461,86784,1,86877,1
81461,86877,1,53685,1
81461,53685,1,53741,0
81461,53741,0,89615,1
81461,89615,1,78917,1
81461,78917,1,78968,1
81461,78968,1,78942,1
81461,78942,1,80686,1
81461,80686,1,80790,0
81461,80790,0,80886,1
81461,80886,1,80730,0
81461,80730,0,80794,1
81461,80794,1,80854,1
81461,80854,1,80878,1
81461,80878,1,80508,1
81461,80508,1,80550,1
81461,80550,1,80490,1
81461,80490,1,60038,0
81461,60038,0,60054,0
81461,60054,0,60088,0
81461,60088,0,60069,1
81461,60069,1,60110,0
81461,60110,0,60139,0
81461,60139,0,60125,0
81461,60125,0,60123,0
81461,60123,0,60055,0
81461,60055,0,60056,0
81461,60056,0,60103,1
81461,60103,1,60120,0
81461,60120,0,60116,1
81461,60116,1,60085,1
81461,60085,1,60127,0
81461,60127,0,60082,1
81461,60082,1,60112,1
81461,60112,1,60050,1
81461,60050,1,108918,0
81461,108918,0,108948,1
81461,108948,1,108963,1
81461,108963,1,108924,1
81461,108924,1,71381,1
81461,71381,1,58691,0
81461,58691,0,58692,0
81461,58692,0,58678,0
81461,58678,0,58694,0
81461,58694,0,58674,1
81461,58674,1,58688,1
81461,58688,1,58706,0
81461,58706,0,58704,1
81461,58704,1,58720,1
81461,58720,1,58697,1
81461,58697,1,86244,1
81461,86244,1,61661,1
81461,61661,1,53685,1
81461,53685,1,53741,0
81461,53741,0,53561,1
81461,53561,1,53601,1
81461,53601,1,53697,1
81461,53697,1,120257,1
81461,120257,1,120309,1
81461,120309,1,120313,1
81461,120313,1,120321,1
81461,120321,1,120168,1
81461,120168,1,120184,1
81461,120184,1,54529,1
81461,54529,1,54334,0
81461,54334,0,54430,1
81461,54430,1,54232,1
81461,54232,1,54217,1
81461,54217,1,50994,0
81461,50994,0,51002,1
81461,51002,1,51000,1
81461,51000,1,50984,1
81461,50984,1,51072,0
81461,51072,0,51073,0
81461,51073,0,51074,0
81461,51074,0,51075,0
81461,51075,0,51120,0
81461,51120,0,51121,0
81461,51121,0,51123,0
81461,51123,0,51108,0
81461,51108,0,51109,0
81461,51109,0,51110,1
81461,51110,1,51111,0
81461,51111,0,51068,0
81461,51068,0,51069,1
81461,51069,1,51070,1
81461,51070,1,51071,0
81461,51071,0,51080,1
81461,51080,1,51100,1
81461,51100,1,51032,1
81461,51032,1,97571,0
81461,97571,0,97572,0
81461,97572,0,79926,0
81461,79926,0,79926,0
81461,79926,0,113721,0
81461,113721,0,113722,1
81461,113722,1,113723,0
81461,113723,0,113724,1
81461,113724,1,113725,0
81461,113725,0,113726,0
81461,113726,0,113703,1
81461,113703,1,113775,0
81461,113775,0,113776,0
81461,113776,0,113777,0
81461,113777,0,113778,0
81461,113778,0,113779,0
81461,113779,0,113780,1
81461,113780,1,113450,0
81461,113450,0,113451,0
81461,113451,0,113452,0
81461,113452,0,113453,0
81461,113453,0,113454,1
81461,113454,1,113390,1
81461,113390,1,113835,0
81461,113835,0,113836,1
81461,113836,1,113837,1
81461,113837,1,113838,1
81461,113838,1,113839,1
81461,113839,1,113840,0
81461,113840,0,113480,1
81461,113480,1,113727,1
81461,113727,1,113490,1
81461,113490,1,81170,0
81461,81170,0,81171,0
81461,81171,0,80241,0
81461,80241,0,81202,0
81461,81202,0,81203,0
81461,81203,0,81155,0
81461,81155,0,81156,1
81461,81156,1,79927,0
81461,79927,0,79928,0
81461,79928,0,53742,1
81461,53742,1,53743,1
81461,53743,1,53744,1
81461,53744,1,108920,1
81461,108920,1,54335,0
81461,54335,0,54336,1
81461,54336,1,113045,1
81461,113045,1,113125,0
81461,113125,0,113128,1
81461,113128,1,113129,0
81461,113129,0,113203,1
81461,113203,1,113204,0
81461,113204,0,113205,0
81461,113205,0,113060,1
81461,113060,1,113251,1
81461,113251,1,80791,1
81461,80791,1,80792,1
81461,80792,1,80793,1
81461,80793,1,80731,1
81461,80731,1,80732,1
81461,80732,1,80733,1
81461,80733,1,120256,1
81461,120256,1,120242,1
81461,120242,1,120245,0
81461,120245,0,120241,1
81461,120241,1,120249,1
81461,120249,1,120244,1
81461,120244,1,113252,0
81461,113252,0,113253,0
81461,113253,0,113151,0
81461,113151,0,113152,1
81461,113152,1,113153,0
81461,113153,0,120153,1
81461,120153,1,120144,1
81461,120144,1,120137,1
81461,120137,1,98970,0
81461,98970,0,98971,0
81461,98971,0,98972,0
81461,98972,0,98973,1
81461,98973,1,98974,0
81461,98974,0,113065,1
81461,113065,1,113070,1
81461,113070,1,114065,1
81461,114065,1,114045,1
81461,114045,1,114023,0
81461,114023,0,114035,1
82240,49056,0,48865,0
82240,48865,0,49020,0
82240,49020,0,49024,0
82240,49024,0,48881,0
82240,48881,0,49056,0
82240,49056,0,48865,0
82240,48865,0,49020,0
82240,49020,0,49024,0
82240,49024,0,48881,0
82240,48881,0,73361,1
82240,73361,1,73385,1
82240,73385,1,49057,0
82240,49057,0,49058,0
82240,49058,0,49059,0
82240,49059,0,48866,0
82240,48866,0,48867,0
82240,48867,0,48868,0
82240,48868,0,49021,0
82240,49021,0,49022,0
82240,49022,0,49023,0
82240,49023,0,49025,0
82240,49025,0,49026,0
82240,49026,0,49027,0
82240,49027,0,48882,0
82240,48882,0,48883,0
82240,48883,0,48884,0
82241,49068,1,49020,1
82241,49020,1,49068,1
82241,49068,1,49020,1
82241,49020,1,91517,1
82241,91517,1,91516,1
82241,91516,1,91140,0
82241,91140,0,91123,0
82241,91123,0,91527,1
82241,91527,1,92378,1
82241,92378,1,73357,0
82241,73357,0,73347,1
82241,73347,1,73401,1
82241,73401,1,73343,1
82241,73343,1,73358,0
82241,73358,0,73359,0
82241,73359,0,73360,1
82250,49024,0,49032,0
82250,49032,0,49004,0
82250,49004,0,48885,0
82250,48885,0,49072,0
82250,49072,0,49056,0
82250,49056,0,49064,0
82250,49064,0,49060,0
82250,49060,0,49024,0
82250,49024,0,49032,0
82250,49032,0,49004,0
82250,49004,0,48885,0
82250,48885,0,49072,0
82250,49072,0,49056,0
82250,49056,0,49064,0
82250,49064,0,49060,0
82250,49060,0,73425,1
82250,73425,1,73401,1
82250,73401,1,49025,1
82250,49025,1,49026,0
82250,49026,0,49027,0
82250,49027,0,49033,1
82250,49033,1,49034,0
82250,49034,0,49035,0
82250,49035,0,49005,1
82250,49005,1,49006,0
82250,49006,0,49007,0
82250,49007,0,48886,1
82250,48886,1,48887,0
82250,48887,0,48888,0
82250,48888,0,49073,1
82250,49073,1,49074,0
82250,49074,0,49075,0
82250,49075,0,49057,1
82250,49057,1,49058,0
82250,49058,0,49059,0
82250,49059,0,49065,1
82250,49065,1,49066,0
82250,49066,0,49067,0
82250,49067,0,49061,1
82250,49061,1,49062,0
82250,49062,0,49063,0
82252,56823,0,56751,1
82252,56751,1,56886,1
82252,56886,1,91159,1
82252,91159,1,91173,1
82252,91173,1,91195,1
82252,91195,1,91229,0
82252,91229,0,91189,1
82252,91189,1,56823,0
82252,56823,0,56751,1
82252,56751,1,56886,1
82252,56886,1,92357,1
82252,92357,1,92454,0
82252,92454,0,56824,0
82252,56824,0,56825,1
82269,49012,0,48897,0
82269,48897,0,49012,0
82269,49012,0,48897,0
82269,48897,0,73357,0
82269,73357,0,73425,1
82269,73425,1,73343,1
82269,73343,1,73393,1
82269,73393,1,49013,0
82269,49013,0,49014,0
82269,49014,0,49015,1
82269,49015,1,48898,1
82269,48898,1,48899,0
82269,48899,0,48900,1
82269,48900,1,73358,0
82269,73358,0,73359,0
82269,73359,0,73360,1
82270,49036,0,48901,1
82270,48901,1,49008,1
82270,49008,1,49020,1
82270,49020,1,49036,0
82270,49036,0,48901,1
82270,48901,1,49008,1
82270,49008,1,49020,1
82270,49020,1,91082,0
82270,91082,0,73343,1
82270,73343,1,73457,0
82270,73457,0,73433,1
82270,73433,1,73453,1
82270,73453,1,73365,1
82270,73365,1,49037,1
82270,49037,1,49038,0
82270,49038,0,49039,1
82270,49039,1,73458,0
82270,73458,0,73459,0
82270,73459,0,73460,1
82271,49020,1,49044,1
82271,49044,1,56874,1
82271,56874,1,56718,1
82271,56718,1,57123,1
82271,57123,1,57051,1
82271,57051,1,49020,1
82271,49020,1,49044,1
82271,49044,1,91121,1
82271,91121,1,56874,1
82271,56874,1,56718,1
82271,56718,1,57123,1
82271,57123,1,57051,1
82271,57051,1,92457,1
82271,92457,1,73361,1
82271,73361,1,73453,1
82271,73453,1,97695,0
82271,97695,0,97727,0
82271,97727,0,97728,0
82271,97728,0,97729,1
82271,97729,1,97730,0
82271,97730,0,97607,0
82272,49016,0,49008,1
82272,49008,1,49056,0
82272,49056,0,49032,1
82272,49032,1,49016,0
82272,49016,0,49008,1
82272,49008,1,49056,0
82272,49056,0,49032,1
82272,49032,1,73397,1
82272,73397,1,73433,1
82272,73433,1,49017,1
82272,49017,1,49018,1
82272,49018,1,49019,1
82272,49019,1,49057,1
82272,49057,1,49058,1
82272,49058,1,49059,1
82273,49048,0,57123,1
82273,57123,1,57063,1
82273,57063,1,56829,1
82273,56829,1,56802,1
82273,56802,1,49048,0
82273,49048,0,56829,1
82273,56829,1,56802,1
82273,56802,1,91102,1
82273,91102,1,57123,1
82273,57123,1,57063,1
82273,57063,1,73457,1
82273,73457,1,73437,0
82273,73437,0,73401,1
82273,73401,1,73441,1
82273,73441,1,73465,1
82273,73465,1,49049,0
82273,49049,0,73438,0
82273,73438,0,73439,0
82273,73439,0,73440,1
82274,49028,1,49060,1
82274,49060,1,49028,1
82274,49028,1,49060,1
82274,49060,1,73453,1
82274,73453,1,73465,1
82275,49008,0,48893,1
82275,48893,1,49008,0
82275,49008,0,48893,1
82275,48893,1,73377,1
82275,73377,1,73445,1
82275,73445,1,49009,1
82275,49009,1,49010,0
82275,49010,0,49011,1
82276,49048,0,49048,0
82276,49048,0,91126,1
82276,91126,1,73445,1
82276,73445,1,73381,1
82276,73381,1,49049,1
82276,49049,1,49050,0
82277,48897,1,49076,1
82277,49076,1,56889,1
82277,56889,1,56739,0
82277,56739,0,57126,1
82277,57126,1,57096,1
82277,57096,1,48897,1
82277,48897,1,49076,1
82277,49076,1,91075,1
82277,91075,1,56889,1
82277,56889,1,56739,0
82277,56739,0,57126,1
82277,57126,1,57096,1
82277,57096,1,92439,1
82277,92439,1,73401,1
82277,73401,1,73409,1
82277,73409,1,56740,1
82277,56740,1,56741,0
82278,48889,0,49004,0
82278,49004,0,48889,0
82278,48889,0,49004,0
82278,49004,0,73397,1
82278,73397,1,73425,1
82278,73425,1,48890,1
82278,48890,1,48891,0
82278,48891,0,48892,1
82278,48892,1,49005,1
82278,49005,1,49006,0
82279,49068,1,49016,0
82279,49016,0,56796,0
82279,56796,0,56847,1
82279,56847,1,56889,1
82279,56889,1,56877,1
82279,56877,1,57051,1
82279,57051,1,57057,1
82279,57057,1,49068,1
82279,49068,1,49016,0
82279,49016,0,91098,1
82279,91098,1,91225,1
82279,91225,1,91562,1
82279,91562,1,56796,0
82279,56796,0,56847,1
82279,56847,1,56889,1
82279,56889,1,56877,1
82279,56877,1,57051,1
82279,57051,1,57057,1
82279,57057,1,92458,0
82279,92458,0,92440,1
82279,92440,1,73433,1
82279,73433,1,73397,1
82279,73397,1,94689,1
82279,94689,1,97763,0
82279,97763,0,97655,0
82279,97655,0,97555,0
82279,97555,0,97556,0
82279,97556,0,97557,1
82279,97557,1,97558,0
82279,97558,0,97643,1
82279,97643,1,97679,0
82279,97679,0,49017,1
82279,49017,1,49018,0
82279,49018,0,49019,1
82279,49019,1,56797,1
82279,56797,1,56798,1
82280,49028,1,49068,1
82280,49068,1,49028,1
82280,49028,1,49068,1
82280,49068,1,92361,1
82280,92361,1,92454,1
82280,92454,1,73409,0
82280,73409,0,73393,1
82280,73393,1,73461,1
82280,73461,1,73433,1
82280,73433,1,73410,0
82280,73410,0,73411,1
82280,73411,1,73412,0
82281,49048,0,48901,0
82281,48901,0,49052,1
82281,49052,1,49072,1
82281,49072,1,49048,0
82281,49048,0,48901,0
82281,48901,0,49052,1
82281,49052,1,49072,1
82281,49072,1,91517,1
82281,91517,1,73389,1
82281,73389,1,73413,1
82281,73413,1,49049,1
82281,49049,1,49050,1
82281,49050,1,49051,1
82281,49051,1,48902,1
82281,48902,1,48903,1
82281,48903,1,48904,1
82283,49072,0,48865,1
82283,48865,1,48885,1
82283,48885,1,49000,1
82283,49000,1,49072,0
82283,49072,0,48865,1
82283,48865,1,48885,1
82283,48885,1,49000,1
82283,49000,1,91533,0
82283,91533,0,73357,1
82283,73357,1,73449,0
82283,73449,0,73373,1
82283,73373,1,73433,1
82283,73433,1,73457,1
82283,73457,1,49073,1
82283,49073,1,49074,1
82283,49074,1,49075,1
82283,49075,1,73450,0
82283,73450,0,73451,0
82283,73451,0,73452,1
82284,48901,1,49072,1
82284,49072,1,48901,1
82284,48901,1,49072,1
82284,49072,1,91528,1
82284,91528,1,91212,0
82284,91212,0,92471,0
82285,49076,1,49040,1
82285,49040,1,49076,1
82285,49076,1,49040,1
82285,49040,1,91519,0
82285,91519,0,91522,1
82285,91522,1,91529,0
82285,91529,0,73465,0
82285,73465,0,73453,1
82285,73453,1,73405,1
82285,73405,1,73393,1
82285,73393,1,73466,0
82285,73466,0,73467,0
82285,73467,0,73468,0
82286,49076,0,48897,1
82286,48897,1,49000,1
82286,49000,1,49020,1
82286,49020,1,49076,0
82286,49076,0,48897,1
82286,48897,1,49000,1
82286,49000,1,49020,1
82286,49020,1,91531,0
82286,91531,0,73441,1
82286,73441,1,73413,1
82286,73413,1,49077,1
82286,49077,1,49078,0
82286,49078,0,49079,0
82287,49020,0,48865,1
82287,48865,1,49024,1
82287,49024,1,49064,1
82287,49064,1,57048,1
82287,57048,1,57081,1
82287,57081,1,56796,1
82287,56796,1,56763,1
82287,56763,1,49020,0
82287,49020,0,48865,1
82287,48865,1,49024,1
82287,49024,1,49064,1
82287,49064,1,91075,0
82287,91075,0,91151,1
82287,91151,1,91534,1
82287,91534,1,56796,1
82287,56796,1,56763,1
82287,56763,1,57048,1
82287,57048,1,57081,1
82287,57081,1,92357,1
82287,92357,1,92453,1
82287,92453,1,49021,1
82287,49021,1,49022,1
82287,49022,1,49023,1
82288,48885,0,49012,1
82288,49012,1,49016,1
82288,49016,1,48873,1
82288,48873,1,48885,0
82288,48885,0,49012,1
82288,49012,1,49016,1
82288,49016,1,48873,1
82288,48873,1,91099,1
82288,91099,1,91244,0
82288,91244,0,73449,1
82288,73449,1,73357,1
82288,73357,1,48886,0
82288,48886,0,48887,0
82288,48887,0,48888,0
82289,48869,1,48889,1
82289,48889,1,48869,1
82289,48869,1,48889,1
82289,48889,1,91075,0
82289,91075,0,91108,1
82289,91108,1,92395,1
82289,92395,1,73369,1
82289,73369,1,73449,1
82290,48881,0,48893,0
82290,48893,0,48881,0
82290,48881,0,48893,0
82290,48893,0,73361,1
82290,73361,1,73413,1
82290,73413,1,48882,0
82290,48882,0,48883,0
82290,48883,0,48884,0
82291,49000,1,49068,1
82291,49068,1,49000,1
82291,49000,1,49068,1
82291,49068,1,91115,1
82291,91115,1,91226,0
82291,91226,0,73347,0
82291,73347,0,73449,1
82291,73449,1,73421,1
82291,73421,1,73413,1
82291,73413,1,108152,0
82291,108152,0,107935,0
82291,107935,0,108147,1
82291,108147,1,97591,0
82291,97591,0,97615,1
82291,97615,1,97667,1
82291,97667,1,97579,1
82291,97579,1,108032,0
82291,108032,0,108033,1
82291,108033,1,108197,1
82291,108197,1,107880,1
82291,107880,1,108207,1
82291,108207,1,107990,1
82291,107990,1,108137,1
82291,108137,1,108102,1
82291,108102,1,73348,0
82291,73348,0,73349,0
82291,73349,0,73350,1
82291,73350,1,108153,0
82291,108153,0,107936,1
82292,49068,1,49000,1
82292,49000,1,49068,1
82292,49068,1,49000,1
82292,49000,1,91073,0
82292,91073,0,73457,0
82292,73457,0,73397,1
82292,73397,1,73401,1
82292,73401,1,73373,1
82292,73373,1,73458,1
82292,73458,1,73459,1
82292,73459,1,73460,1
82293,49040,1,48885,1
82293,48885,1,56733,1
82293,56733,1,56760,1
82293,56760,1,57108,1
82293,57108,1,57048,1
82293,57048,1,49040,1
82293,49040,1,48885,1
82293,48885,1,91069,0
82293,91069,0,91078,0
82293,91078,0,91176,0
82293,91176,0,91110,1
82293,91110,1,91522,1
82293,91522,1,91096,0
82293,91096,0,91133,1
82293,91133,1,91536,0
82293,91536,0,91091,0
82293,91091,0,91150,0
82293,91150,0,91127,1
82293,91127,1,91239,0
82293,91239,0,91554,0
82293,91554,0,91218,1
82293,91218,1,91205,1
82293,91205,1,56733,1
82293,56733,1,56760,1
82293,56760,1,57108,1
82293,57108,1,57048,1
82293,57048,1,92458,1
82293,92458,1,92467,1
82293,92467,1,73409,1
82293,73409,1,73413,1
82294,48869,0,48889,0
82294,48889,0,48885,1
82294,48885,1,48893,1
82294,48893,1,48881,0
82294,48881,0,48869,0
82294,48869,0,48889,0
82294,48889,0,48885,1
82294,48885,1,48893,1
82294,48893,1,48881,0
82294,48881,0,91540,0
82294,91540,0,73421,1
82294,73421,1,73441,1
82294,73441,1,48870,1
82294,48870,1,48871,0
82294,48871,0,48872,1
82294,48872,1,48890,1
82294,48890,1,48891,1
82294,48891,1,48892,1
82294,48892,1,48882,1
82294,48882,1,48883,0
82294,48883,0,48884,1
82295,49016,1,48897,0
82295,48897,0,48873,1
82295,48873,1,49016,1
82295,49016,1,48897,0
82295,48897,0,48873,1
82295,48873,1,73365,0
82295,73365,0,73357,1
82295,73357,1,73381,1
82295,73381,1,73465,1
82295,73465,1,48898,1
82295,48898,1,48899,0
82295,48899,0,48900,0
82295,48900,0,73366,0
82295,73366,0,73367,0
82295,73367,0,73368,1
82296,49040,0,49060,1
82296,49060,1,48901,1
82296,48901,1,49040,0
82296,49040,0,49060,1
82296,49060,1,48901,1
82296,48901,1,73393,1
82296,73393,1,73453,1
82296,73453,1,108192,1
82296,108192,1,108157,1
82296,108157,1,97615,0
82296,97615,0,97579,0
82296,97579,0,97571,0
82296,97571,0,97572,0
82296,97572,0,97573,0
82296,97573,0,97574,0
82296,97574,0,97699,0
82296,97699,0,94668,0
82296,94668,0,94737,0
82296,94737,0,94586,1
82296,94586,1,94663,0
82296,94663,0,94725,1
82296,94725,1,94587,1
82296,94587,1,94712,1
82296,94712,1,107915,0
82296,107915,0,107916,1
82296,107916,1,108197,0
82296,108197,0,108199,1
82296,108199,1,108200,1
82296,108200,1,108201,1
82296,108201,1,108010,0
82296,108010,0,108012,1
82296,108012,1,108013,1
82296,108013,1,108014,1
82296,108014,1,108042,1
82296,108042,1,108107,0
82296,108107,0,108109,1
82296,108109,1,108110,1
82296,108110,1,108111,1
82296,108111,1,108102,0
82296,108102,0,108104,1
82296,108104,1,108105,1
82296,108105,1,108106,1
82296,108106,1,108097,1
82296,108097,1,108005,1
82296,108005,1,108253,0
82296,108253,0,108254,1
82296,108254,1,108293,1
82296,108293,1,49041,1
82296,49041,1,49042,0
82296,49042,0,49043,0
82297,48865,0,49000,1
82297,49000,1,49032,0
82297,49032,0,49036,1
82297,49036,1,56853,0
82297,56853,0,57084,1
82297,57084,1,57114,1
82297,57114,1,56718,0
82297,56718,0,49024,1
82297,49024,1,49072,1
82297,49072,1,48865,0
82297,48865,0,49000,1
82297,49000,1,49032,0
82297,49032,0,49036,1
82297,49036,1,91084,1
82297,91084,1,91546,1
82297,91546,1,49024,1
82297,49024,1,49072,1
82297,49072,1,56853,0
82297,56853,0,56718,0
82297,56718,0,57084,1
82297,57084,1,57114,1
82297,57114,1,73385,1
82297,73385,1,73405,1
82297,73405,1,48866,1
82297,48866,1,48867,0
82297,48867,0,48868,1
82297,48868,1,49033,1
82297,49033,1,49034,0
82297,49034,0,49035,1
82297,49035,1,56854,1
82297,56854,1,56855,0
82297,56855,0,56719,1
82299,49040,1,49076,1
82299,49076,1,49040,1
82299,49040,1,49076,1
82299,49076,1,91176,1
82299,91176,1,91122,1
82299,91122,1,73417,1
82299,73417,1,73385,1
82300,49020,1,48877,1
82300,48877,1,56844,0
82300,56844,0,56829,1
82300,56829,1,56883,1
82300,56883,1,49020,1
82300,49020,1,48877,1
82300,48877,1,91224,1
82300,91224,1,56844,0
82300,56844,0,56829,1
82300,56829,1,56883,1
82300,56883,1,92385,1
82300,92385,1,73417,1
82300,73417,1,73425,1
82300,73425,1,56845,1
82300,56845,1,56846,1
82301,49052,1,49004,1
82301,49004,1,56766,1
82301,56766,1,56889,0
82301,56889,0,56730,1
82301,56730,1,56718,0
82301,56718,0,57066,1
82301,57066,1,49052,1
82301,49052,1,49004,1
82301,49004,1,91243,1
82301,91243,1,56766,1
82301,56766,1,56889,0
82301,56889,0,56730,1
82301,56730,1,56718,0
82301,56718,0,57066,1
82301,57066,1,92381,1
82301,92381,1,73377,1
82301,73377,1,73449,0
82301,73449,0,73365,1
82301,73365,1,73445,1
82301,73445,1,73385,1
82301,73385,1,56890,1
82301,56890,1,56891,0
82301,56891,0,73450,1
82301,73450,1,73451,1
82301,73451,1,73452,1
82302,49004,1,49012,0
82302,49012,0,49008,1
82302,49008,1,48865,0
82302,48865,0,49004,1
82302,49004,1,49012,0
82302,49012,0,49008,1
82302,49008,1,48865,0
82302,48865,0,73397,1
82302,73397,1,73385,1
82302,73385,1,49013,1
82302,49013,1,49014,0
82302,49014,0,49015,0
82302,49015,0,48866,1
82302,48866,1,48868,0
82303,49008,1,49044,1
82303,49044,1,56880,1
82303,56880,1,56757,1
82303,56757,1,57099,1
82303,57099,1,57093,1
82303,57093,1,49008,1
82303,49008,1,49044,1
82303,49044,1,91119,1
82303,91119,1,91206,1
82303,91206,1,56880,1
82303,56880,1,56757,1
82303,56757,1,57099,1
82303,57099,1,57093,1
82303,57093,1,73453,1
82303,73453,1,73401,1
82304,48893,0,57051,1
82304,57051,1,57048,1
82304,57048,1,48893,0
82304,48893,0,57051,1
82304,57051,1,57048,1
82304,57048,1,73445,0
82304,73445,0,73449,0
82304,73449,0,73425,1
82304,73425,1,73441,1
82304,73441,1,73377,1
82304,73377,1,48894,1
82304,48894,1,48895,0
82304,48895,0,73446,1
82304,73446,1,73447,1
82304,73447,1,73448,0
82304,73448,0,73450,0
82304,73450,0,73451,1
82304,73451,1,73452,1
82305,48897,1,48881,1
82305,48881,1,48897,1
82305,48897,1,48881,1
82305,48881,1,91060,1
82305,91060,1,91156,1
82305,91156,1,91189,1
82305,91189,1,91203,1
82305,91203,1,92442,0
82305,92442,0,73357,1
82305,73357,1,73381,1
82306,49032,0,49032,0
82306,49032,0,73409,1
82306,73409,1,73381,1
82306,73381,1,49033,0
82306,49033,0,49034,0
82309,49052,1,48881,1
82309,48881,1,57096,1
82309,57096,1,57090,1
82309,57090,1,49052,1
82309,49052,1,48881,1
82309,48881,1,91519,1
82309,91519,1,91181,1
82309,91181,1,57096,1
82309,57096,1,57090,1
82309,57090,1,73457,1
82309,73457,1,73433,1
82310,48873,1,49048,1
82310,49048,1,56850,1
82310,56850,1,56775,1
82310,56775,1,57054,1
82310,57054,1,57129,1
82310,57129,1,48873,1
82310,48873,1,49048,1
82310,49048,1,91111,1
82310,91111,1,56850,1
82310,56850,1,56775,1
82310,56775,1,57054,1
82310,57054,1,57129,1
82310,57129,1,92439,1
82310,92439,1,73425,1
82310,73425,1,73429,1
82311,48873,0,48869,0
82311,48869,0,49076,1
82311,49076,1,48873,0
82311,48873,0,48869,0
82311,48869,0,49076,1
82311,49076,1,48874,1
82311,48874,1,48875,0
82311,48875,0,48876,1
82311,48876,1,48870,1
82311,48870,1,48871,1
82311,48871,1,48872,1
82312,49004,0,49040,0
82312,49040,0,49004,0
82312,49004,0,49040,0
82312,49040,0,49005,1
82312,49005,1,49006,1
82312,49006,1,49007,1
82312,49007,1,49041,1
82312,49041,1,49042,0
82312,49042,0,49043,0
82313,49052,0,48885,1
82313,48885,1,49024,1
82313,49024,1,49064,1
82313,49064,1,56880,1
82313,56880,1,49052,0
82313,49052,0,48885,1
82313,48885,1,49024,1
82313,49024,1,49064,1
82313,49064,1,91082,0
82313,91082,0,91208,1
82313,91208,1,56880,1
82313,56880,1,73409,1
82313,73409,1,73361,1
82313,73361,1,49053,1
82313,49053,1,49054,1
82313,49054,1,49055,1
82314,48881,0,49020,1
82314,49020,1,49028,1
82314,49028,1,49048,1
82314,49048,1,48881,0
82314,48881,0,49020,1
82314,49020,1,49028,1
82314,49028,1,49048,1
82314,49048,1,73385,1
82314,73385,1,73417,1
82314,73417,1,48882,0
82314,48882,0,48883,0
82314,48883,0,48884,1
82316,49048,1,49048,1
82316,49048,1,73373,0
82316,73373,0,73437,1
82316,73437,1,73401,1
82316,73401,1,73377,1
82316,73377,1,73374,0
82316,73374,0,73375,1
82316,73375,1,73376,1
82320,49056,0,49056,0
82320,49056,0,73449,0
82320,73449,0,73445,0
82320,73445,0,49057,1
82320,49057,1,49058,0
82320,49058,0,49059,1
82320,49059,1,73450,0
82320,73450,0,73451,0
82320,73451,0,73452,1
82320,73452,1,73446,0
82327,49044,1,49072,1
82327,49072,1,49044,1
82327,49044,1,49072,1
82327,49072,1,91074,1
82327,91074,1,91239,1
82327,91239,1,73373,1
82327,73373,1,73397,1
82328,49040,1,49000,1
82328,49000,1,49040,1
82328,49040,1,49000,1
82328,49000,1,91072,0
82328,91072,0,91526,0
82328,91526,0,91109,1
82328,91109,1,73381,0
82328,73381,0,73369,1
82328,73369,1,73449,1
82328,73449,1,73347,1
82328,73347,1,73382,0
82328,73382,0,73383,1
82328,73383,1,73384,1
82329,49040,1,49024,1
82329,49024,1,49028,1
82329,49028,1,56862,1
82329,56862,1,56886,1
82329,56886,1,57123,1
82329,57123,1,57042,1
82329,57042,1,49040,1
82329,49040,1,49024,1
82329,49024,1,49028,1
82329,49028,1,91151,1
82329,91151,1,56862,1
82329,56862,1,56886,1
82329,56886,1,57123,1
82329,57123,1,57042,1
82329,57042,1,92464,1
82329,92464,1,73393,1
82329,73393,1,73373,1
82330,49036,0,49036,0
82330,49036,0,73365,1
82330,73365,1,73397,1
82330,73397,1,49037,1
82330,49037,1,49038,0
82331,48865,1,48889,1
82331,48889,1,48865,1
82331,48865,1,48889,1
82331,48889,1,91527,0
82331,91527,0,91096,1
82332,49076,0,57063,1
82332,57063,1,57099,1
82332,57099,1,49076,0
82332,49076,0,57063,1
82332,57063,1,57099,1
82332,57099,1,73465,1
82332,73465,1,73409,0
82332,73409,0,73413,1
82332,73413,1,73429,1
82332,73429,1,73401,1
82332,73401,1,49077,1
82332,49077,1,49078,0
82332,49078,0,49079,0
82332,49079,0,73410,1
82332,73410,1,73411,1
82332,73411,1,73412,1
82333,49040,0,49020,1
82333,49020,1,57084,1
82333,57084,1,57108,1
82333,57108,1,56745,0
82333,56745,0,49068,1
82333,49068,1,49032,1
82333,49032,1,56775,1
82333,56775,1,56781,0
82333,56781,0,56748,1
82333,56748,1,49040,0
82333,49040,0,49020,1
82333,49020,1,49068,1
82333,49068,1,49032,1
82333,49032,1,91517,1
82333,91517,1,56745,0
82333,56745,0,91154,0
82333,91154,0,91142,0
82333,91142,0,91530,1
82333,91530,1,91192,1
82333,91192,1,56775,1
82333,56775,1,56781,0
82333,56781,0,56748,1
82333,56748,1,57084,1
82333,57084,1,57108,1
82333,57108,1,92365,1
82333,92365,1,73413,1
82333,73413,1,73389,1
82333,73389,1,49041,1
82333,49041,1,49042,0
82333,49042,0,49043,1
82333,49043,1,56746,1
82333,56746,1,56747,1
82333,56747,1,56782,1
82333,56782,1,56783,0
82334,49008,0,49008,0
82334,49008,0,73421,0
82334,73421,0,73425,1
82334,73425,1,73343,1
82334,73343,1,73449,1
82334,73449,1,49009,1
82334,49009,1,49010,0
82334,49010,0,73422,0
82334,73422,0,73423,1
82334,73423,1,73424,1
82335,56724,1,56772,1
82335,56772,1,57042,1
82335,57042,1,57102,1
82335,57102,1,91068,0
82335,91068,0,91084,0
82335,91084,0,91519,0
82335,91519,0,91059,0
82335,91059,0,56724,1
82335,56724,1,56772,1
82335,56772,1,91150,0
82335,91150,0,91107,1
82335,91107,1,91106,1
82335,91106,1,57042,1
82335,57042,1,57102,1
82335,57102,1,92463,1
82335,92463,1,92367,1
82335,92367,1,92381,1
82335,92381,1,73449,0
82335,73449,0,73397,1
82335,73397,1,73393,1
82335,73393,1,73450,0
82335,73450,0,73451,1
82335,73451,1,73452,1
82336,49012,1,48893,0
82336,48893,0,49008,0
82336,49008,0,49076,1
82336,49076,1,49024,1
82336,49024,1,49012,1
82336,49012,1,48893,0
82336,48893,0,49008,0
82336,49008,0,49076,1
82336,49076,1,49024,1
82336,49024,1,91078,0
82336,91078,0,91060,1
82336,91060,1,91102,1
82336,91102,1,91116,1
82336,91116,1,73357,0
82336,73357,0,73429,1
82336,73429,1,73437,1
82336,73437,1,73441,1
82336,73441,1,48894,1
82336,48894,1,48895,0
82336,48895,0,48896,1
82336,48896,1,49011,0
82336,49011,0,73358,0
82336,73358,0,73359,1
82336,73359,1,73360,0
82337,48885,0,48869,0
82337,48869,0,48885,0
82337,48885,0,48869,0
82337,48869,0,73441,0
82337,73441,0,73429,0
82337,73429,0,73343,0
82337,73343,0,73409,1
82337,73409,1,73381,1
82337,73381,1,73365,1
82337,73365,1,48886,1
82337,48886,1,48887,1
82337,48887,1,48888,1
82337,48888,1,48870,1
82337,48870,1,48871,1
82337,48871,1,48872,0
82337,48872,0,73442,0
82337,73442,0,73443,0
82337,73443,0,73444,1
82337,73444,1,73430,0
82337,73430,0,73431,1
82337,73431,1,73432,1
82337,73432,1,73344,1
82337,73344,1,73345,1
82337,73345,1,73346,1
82339,48897,0,48897,0
82339,48897,0,73417,1
82339,73417,1,73445,1
82339,73445,1,48898,1
82339,48898,1,48899,0
82340,49024,0,49024,0
82340,49024,0,91135,1
82340,91135,1,73461,1
82340,73461,1,73457,1
82340,73457,1,97755,0
82340,97755,0,97695,0
82340,97695,0,97675,0
82340,97675,0,97676,0
82340,97676,0,97677,0
82340,97677,0,97678,0
82340,97678,0,97743,0
82340,97743,0,97699,0
82340,97699,0,97700,0
82340,97700,0,97701,0
82340,97701,0,97702,0
82340,97702,0,49025,1
82340,49025,1,49026,0
82340,49026,0,49027,0
82341,49060,1,48873,1
82341,48873,1,49060,1
82341,49060,1,48873,1
82341,48873,1,91080,1
82341,91080,1,91162,0
82341,91162,0,91154,0
82341,91154,0,91142,0
82341,91142,0,91139,1
82341,91139,1,92357,1
82341,92357,1,73347,1
82341,73347,1,73453,1
82342,49048,1,49020,1
82342,49020,1,48881,1
82342,48881,1,56727,1
82342,56727,1,56820,1
82342,56820,1,57093,1
82342,57093,1,57126,1
82342,57126,1,49048,1
82342,49048,1,49020,1
82342,49020,1,48881,1
82342,48881,1,91056,1
82342,91056,1,91102,1
82342,91102,1,91137,1
82342,91137,1,91131,0
82342,91131,0,91522,1
82342,91522,1,91093,1
82342,91093,1,56727,1
82342,56727,1,56820,1
82342,56820,1,57093,1
82342,57093,1,57126,1
82342,57126,1,92357,0
82342,92357,0,92439,1
82342,92439,1,73421,1
82342,73421,1,73397,1
82343,49012,1,48881,1
82343,48881,1,49012,1
82343,49012,1,48881,1
82343,48881,1,91076,0
82343,91076,0,91068,1
82343,91068,1,92376,0
82343,92376,0,73397,1
82343,73397,1,73405,1
82344,49040,1,49028,1
82344,49028,1,57108,1
82344,57108,1,57117,1
82344,57117,1,49040,1
82344,49040,1,49028,1
82344,49028,1,91078,0
82344,91078,0,91521,1
82344,91521,1,91145,1
82344,91145,1,91139,0
82344,91139,0,91125,0
82344,91125,0,57108,1
82344,57108,1,57117,1
82344,57117,1,92361,0
82344,92361,0,73461,1
82344,73461,1,73465,1
82345,56709,0,56844,0
82345,56844,0,57099,1
82345,57099,1,57048,1
82345,57048,1,56709,0
82345,56709,0,56844,0
82345,56844,0,57099,1
82345,57099,1,57048,1
82345,57048,1,92365,1
82345,92365,1,73365,0
82345,73365,0,73457,1
82345,73457,1,73449,1
82345,73449,1,73361,1
82345,73361,1,56710,1
82345,56710,1,56711,1
82345,56711,1,73366,0
82345,73366,0,73367,0
82345,73367,0,73368,0
82346,49028,0,49028,0
82346,49028,0,73413,1
82346,73413,1,73445,1
82346,73445,1,49029,1
82346,49029,1,49030,0
82349,49012,1,49032,1
82349,49032,1,49012,1
82349,49012,1,49032,1
82349,49032,1,91140,1
82349,91140,1,73347,1
82349,73347,1,73453,1
82350,49024,0,49012,1
82350,49012,1,49024,0
82350,49024,0,49012,1
82350,49012,1,73397,0
82350,73397,0,73465,1
82350,73465,1,49025,1
82350,49025,1,49026,1
82350,49026,1,49027,1
82350,49027,1,73398,1
82350,73398,1,73399,1
82350,73399,1,73400,0
82359,58417,1,48082,1
82359,48082,1,58417,1
82359,58417,1,73381,1
82359,73381,1,73461,1
82359,73461,1,53286,1
82359,53286,1,66687,1
82359,66687,1,48082,1
82359,48082,1,86939,1
82359,86939,1,87889,1
82359,87889,1,87617,1
82359,87617,1,88179,1
82359,88179,1,88010,1
82359,88010,1,88339,1
82359,88339,1,107738,0
82359,107738,0,107739,0
82359,107739,0,107740,1
82359,107740,1,107741,1
82359,107741,1,107717,0
82359,107717,0,107721,1
82359,107721,1,107722,1
82359,107722,1,107723,1
82359,107723,1,107767,0
82359,107767,0,107771,1
82359,107771,1,107772,1
82359,107772,1,107773,1
82359,107773,1,107781,0
82359,107781,0,107782,0
82359,107782,0,107783,1
82359,107783,1,107784,1
82359,107784,1,107681,0
82359,107681,0,107685,1
82359,107685,1,107686,1
82359,107686,1,107687,1
82359,107687,1,107851,0
82359,107851,0,107852,0
82359,107852,0,107853,1
82359,107853,1,107854,1
82359,107854,1,107858,1
82359,107858,1,107865,1
82359,107865,1,107837,0
82359,107837,0,107841,1
82359,107841,1,107842,1
82359,107842,1,107843,1
82359,107843,1,107802,1
84518,57081,0,57108,1
84518,57108,1,57081,0
84518,57081,0,57108,1
84518,57108,1,85963,0
84518,85963,0,85975,0
84518,85975,0,86080,0
84518,86080,0,85948,0
84518,85948,0,86066,0
84518,86066,0,86047,0
84518,86047,0,86051,0
84518,86051,0,61101,0
84518,61101,0,61107,0
84518,61107,0,61106,0
84518,61106,0,61094,0
84518,61094,0,61097,1
84518,61097,1,61104,0
84518,61104,0,61093,1
84518,61093,1,85831,1
84518,85831,1,85811,1
84518,85811,1,85876,1
84518,85876,1,84965,1
84518,84965,1,84779,0
84518,84779,0,84783,1
84518,84783,1,84785,0
84518,84785,0,84911,1
84518,84911,1,84723,0
84518,84723,0,84970,1
84518,84970,1,57082,0
84518,57082,0,57083,1
84651,58382,1,58407,1
84651,58407,1,48150,1
84651,48150,1,48082,1
84651,48082,1,48054,1
84651,48054,1,58437,1
84651,58437,1,58507,1
84651,58507,1,48098,1
84651,48098,1,58382,1
84651,58382,1,58407,1
84651,58407,1,58437,1
84651,58437,1,58507,1
84651,58507,1,89037,0
84651,89037,0,86052,1
84651,86052,1,85701,1
84651,85701,1,85710,1
84651,85710,1,85694,0
84651,85694,0,85716,0
84651,85716,0,52858,1
84651,52858,1,52833,1
84651,52833,1,52818,1
84651,52818,1,52820,1
84651,52820,1,52843,1
84651,52843,1,52828,1
84651,52828,1,52825,1
84651,52825,1,52948,1
84651,52948,1,66127,0
84651,66127,0,65335,1
84651,65335,1,62730,1
84651,62730,1,62576,1
84651,62576,1,66049,1
84651,66049,1,66115,1
84651,66115,1,66139,1
84651,66139,1,65257,1
84651,65257,1,62508,1
84651,62508,1,66127,0
84651,66127,0,65335,1
84651,65335,1,62730,1
84651,62730,1,62576,1
84651,62576,1,66049,1
84651,66049,1,66115,1
84651,66115,1,66139,1
84651,66139,1,65257,1
84651,65257,1,62508,1
84651,62508,1,53701,1
84651,53701,1,53585,1
84651,53585,1,53609,1
84651,53609,1,53649,1
84651,53649,1,53601,1
84651,53601,1,53629,1
84651,53629,1,53625,1
84651,53625,1,53553,1
84651,53553,1,53593,1
84651,53593,1,53641,1
84651,53641,1,48150,1
84651,48150,1,48082,1
84651,48082,1,48054,1
84651,48054,1,48098,1
84651,48098,1,85671,1
84651,85671,1,84708,1
84651,84708,1,86116,1
84651,86116,1,86122,1
84651,86122,1,85686,1
84651,85686,1,84622,1
84651,84622,1,85104,1
84651,85104,1,85687,1
84651,85687,1,53725,0
84651,53725,0,53657,1
84651,53657,1,53681,1
84651,53681,1,53741,1
84651,53741,1,53769,1
84651,53769,1,58672,1
84651,58672,1,58695,1
84651,58695,1,58696,1
84651,58696,1,58707,1
84651,58707,1,58708,1
84651,58708,1,58679,1
84651,58679,1,58681,1
84651,58681,1,58673,1
84651,58673,1,58678,1
84651,58678,1,58682,1
84651,58682,1,53725,0
84651,53725,0,53701,1
84651,53701,1,53585,1
84651,53585,1,53609,1
84651,53609,1,53649,1
84651,53649,1,53601,1
84651,53601,1,53657,1
84651,53657,1,53629,1
84651,53629,1,53625,1
84651,53625,1,53553,1
84651,53553,1,53681,1
84651,53681,1,53741,1
84651,53741,1,53769,1
84651,53769,1,53593,1
84651,53593,1,53641,1
84651,53641,1,50995,1
84651,50995,1,51009,1
84651,51009,1,51005,1
84651,51005,1,50982,1
84651,50982,1,51002,1
84651,51002,1,50997,1
84651,50997,1,50994,1
84651,50994,1,51004,1
84651,51004,1,51010,1
84651,51010,1,50999,1
84651,50999,1,50993,1
84651,50993,1,51001,1
84651,51001,1,51011,1
84651,51011,1,50987,1
84651,50987,1,50983,1
84651,50983,1,88323,0
84651,88323,0,88367,1
84651,88367,1,88360,1
84651,88360,1,88294,1
84651,88294,1,88389,1
84651,88389,1,88352,1
84651,88352,1,88288,1
84651,88288,1,88362,1
84651,88362,1,88314,1
84651,88314,1,88334,1
84651,88334,1,88371,1
84651,88371,1,88382,1
84651,88382,1,88340,1
84651,88340,1,88388,1
84651,88388,1,88355,1
84651,88355,1,88328,1
84651,88328,1,87492,1
84651,87492,1,87549,1
84651,87549,1,87527,1
84651,87527,1,53726,0
84651,53726,0,53727,1
84651,53727,1,53728,1
84651,53728,1,66128,1
84651,66128,1,66129,1
84651,66129,1,66130,0
84651,66130,0,66131,1
84651,66131,1,66132,0
84999,48877,1,49028,1
84999,49028,1,91058,0
84999,91058,0,48877,1
84999,48877,1,49028,1
84999,49028,1,91113,0
84999,91113,0,91117,0
84999,91117,0,91121,0
84999,91121,0,92394,1
84999,92394,1,92366,1
84999,92366,1,92390,1
84999,92390,1,73417,1
84999,73417,1,73365,1
84999,73365,1,74000,0
84999,74000,0,74001,1
84999,74001,1,74003,1
84999,74003,1,74026,1
85000,49016,1,48869,1
85000,48869,1,91061,0
85000,91061,0,49016,1
85000,49016,1,48869,1
85000,48869,1,73401,1
85000,73401,1,73457,1
85000,73457,1,74010,1
85000,74010,1,74014,1
85000,74014,1,58783,1
85000,58783,1,89732,1
85000,89732,1,90203,1
85000,90203,1,90495,1
85000,90495,1,89980,1
85008,49004,0,48885,0
85008,48885,0,49008,1
85008,49008,1,49032,1
85008,49032,1,48889,1
85008,48889,1,91058,0
85008,91058,0,91076,0
85008,91076,0,49004,0
85008,49004,0,48885,0
85008,48885,0,49008,1
85008,49008,1,49032,1
85008,49032,1,48889,1
85008,48889,1,91534,0
85008,91534,0,91150,0
85008,91150,0,92371,0
85008,92371,0,92392,1
85008,92392,1,92376,1
85008,92376,1,73357,1
85008,73357,1,73377,1
85008,73377,1,74006,1
85008,74006,1,74029,1
85008,74029,1,49005,0
85008,49005,0,49006,1
85008,49006,1,49007,0
85008,49007,0,48886,1
85008,48886,1,48887,0
85008,48887,0,48888,1
86044,57120,1,57087,1
86044,57087,1,49032,1
86044,49032,1,48897,1
86044,48897,1,56868,1
86044,56868,1,56838,0
86044,56838,0,56718,1
86044,56718,1,56745,0
86044,56745,0,56823,1
86044,56823,1,56730,1
86044,56730,1,56859,1
86044,56859,1,49032,1
86044,49032,1,48897,1
86044,48897,1,56868,1
86044,56868,1,56838,0
86044,56838,0,56718,1
86044,56718,1,56745,0
86044,56745,0,56823,1
86044,56823,1,56730,1
86044,56730,1,56859,1
86044,56859,1,57120,1
86044,57120,1,57087,1
86044,57087,1,71661,0
86044,71661,0,71723,0
86044,71723,0,71692,0
86044,71692,0,71644,1
86044,71644,1,71726,1
86044,71726,1,80204,0
86044,80204,0,66636,1
86044,66636,1,107960,0
86044,107960,0,90575,1
86044,90575,1,58811,1
86044,58811,1,86315,1
86044,86315,1,66858,0
86044,66858,0,66859,0
86044,66859,0,87526,1
86044,87526,1,88174,1
86044,88174,1,87977,1
86044,87977,1,97751,1
86044,97751,1,108293,1
86044,108293,1,108137,1
86044,108137,1,56839,1
86044,56839,1,56840,1
86044,56840,1,56746,1
86044,56746,1,56747,0
86044,56747,0,107962,1
86044,107962,1,107963,1
86044,107963,1,107964,1
86510,48154,0,58377,0
86510,58377,0,48066,0
86510,48066,0,48082,0
86510,48082,0,58452,0
86510,58452,0,48086,0
86510,48086,0,58387,0
86510,58387,0,58472,0
86510,58472,0,48150,0
86510,48150,0,48130,0
86510,48130,0,48110,0
86510,48110,0,58462,0
86510,58462,0,48114,0
86510,48114,0,58382,0
86510,58382,0,58397,0
86510,58397,0,48118,0
86510,48118,0,48142,0
86510,48142,0,58457,0
86510,58457,0,48098,0
86510,48098,0,48134,0
86510,48134,0,48090,0
86510,48090,0,48126,0
86510,48126,0,48162,0
86510,48162,0,58377,0
86510,58377,0,58452,0
86510,58452,0,58387,0
86510,58387,0,58472,0
86510,58472,0,58462,0
86510,58462,0,58382,0
86510,58382,0,58397,0
86510,58397,0,58457,0
86510,58457,0,86054,0
86510,86054,0,85905,0
86510,85905,0,86065,0
86510,86065,0,85895,0
86510,85895,0,85894,0
86510,85894,0,85948,0
86510,85948,0,85963,0
86510,85963,0,85974,1
86510,85974,1,52836,0
86510,52836,0,52933,0
86510,52933,0,52825,0
86510,52825,0,52834,0
86510,52834,0,52813,0
86510,52813,0,52816,0
86510,52816,0,53002,0
86510,53002,0,52841,0
86510,52841,0,52829,0
86510,52829,0,52999,0
86510,52999,0,52978,0
86510,52978,0,52954,1
86510,52954,1,52819,0
86510,52819,0,52855,1
86510,52855,1,52915,1
86510,52915,1,53011,1
86510,53011,1,53017,1
86510,53017,1,52996,1
86510,52996,1,52876,1
86510,52876,1,52891,1
86510,52891,1,48154,0
86510,48154,0,48066,0
86510,48066,0,48082,0
86510,48082,0,48086,0
86510,48086,0,48150,0
86510,48150,0,48130,0
86510,48130,0,48110,0
86510,48110,0,48114,0
86510,48114,0,48118,0
86510,48118,0,48142,0
86510,48142,0,48098,0
86510,48098,0,48134,0
86510,48134,0,48090,0
86510,48090,0,48126,0
86510,48126,0,48162,0
86510,48162,0,48078,0
86510,48078,0,58693,1
86510,58693,1,58695,1
86510,58695,1,58700,0
86510,58700,0,58701,0
86510,58701,0,58692,0
86510,58692,0,58722,0
86510,58722,0,58718,0
86510,58718,0,58683,0
86510,58683,0,58706,0
86510,58706,0,58678,0
86510,58678,0,58674,0
86510,58674,0,58680,0
86510,58680,0,58725,0
86510,58725,0,58703,0
86510,58703,0,58702,0
86510,58702,0,58687,0
86510,58687,0,58686,0
86510,58686,0,58723,1
86510,58723,1,58696,0
86510,58696,0,58690,0
86510,58690,0,58672,0
86510,58672,0,58711,0
86510,58711,0,58676,0
86510,58676,0,58724,1
86510,58724,1,58699,1
86510,58699,1,58667,0
86510,58667,0,58704,1
86510,58704,1,58689,0
86510,58689,0,58675,0
86510,58675,0,58710,0
86510,58710,0,88606,0
86510,88606,0,88603,1
86510,88603,1,88506,1
86510,88506,1,88626,1
86510,88626,1,88553,1
86510,88553,1,88595,1
86510,88595,1,84900,0
86510,84900,0,89741,0
86510,89741,0,84890,0
86510,84890,0,89738,0
86510,89738,0,89750,0
86510,89750,0,89718,0
86510,89718,0,89723,0
86510,89723,0,84901,1
86510,84901,1,86312,0
86510,86312,0,86341,1
86510,86341,1,86519,0
86510,86519,0,86325,1
86510,86325,1,86444,1
86510,86444,1,86330,1
86510,86330,1,93012,0
86510,93012,0,92996,0
86510,92996,0,92991,0
86510,92991,0,93003,0
86510,93003,0,92994,0
86510,92994,0,93005,0
86510,93005,0,92995,0
86510,92995,0,93010,0
86510,93010,0,93001,0
86510,93001,0,93007,0
86510,93007,0,92985,0
86510,92985,0,93008,0
86510,93008,0,92990,0
86510,92990,0,92987,0
86510,92987,0,92988,0
86510,92988,0,92993,0
86510,92993,0,93043,0
86510,93043,0,93015,0
86510,93015,0,93039,0
86510,93039,0,93028,0
86510,93028,0,93031,0
86510,93031,0,93019,0
86510,93019,0,93030,0
86510,93030,0,93042,0
86510,93042,0,93041,0
86510,93041,0,93032,0
86510,93032,0,93044,0
86510,93044,0,93040,0
86510,93040,0,93017,0
86510,93017,0,92982,0
86510,92982,0,92955,0
86510,92955,0,92959,0
86510,92959,0,93019,0
86510,93019,0,92977,0
86510,92977,0,92963,0
86510,92963,0,92968,0
86510,92968,0,92962,0
86510,92962,0,92956,0
86510,92956,0,92973,0
86510,92973,0,66783,1
86510,66783,1,66813,0
86510,66813,0,66814,0
86510,66814,0,66815,0
86510,66815,0,48155,0
86510,48155,0,48156,0
86510,48156,0,48157,0
86510,48157,0,58378,1
86510,58378,1,58379,0
86510,58379,0,58380,0
86510,58380,0,58381,0
86510,58381,0,48067,0
86510,48067,0,48068,0
86510,48068,0,48069,0
86510,48069,0,48083,0
86510,48083,0,48084,0
86510,48084,0,48085,0
86510,48085,0,58453,1
86510,58453,1,58454,0
86510,58454,0,58455,0
86510,58455,0,58456,0
86510,58456,0,48087,0
86510,48087,0,48088,0
86510,48088,0,48089,0
86510,48089,0,58388,0
86510,58388,0,58389,0
86510,58389,0,58390,0
86510,58390,0,58391,0
86510,58391,0,58473,0
86510,58473,0,58474,0
86510,58474,0,58475,0
86510,58475,0,58476,0
86510,58476,0,48151,0
86510,48151,0,48152,0
86510,48152,0,48153,0
86510,48153,0,48131,0
86510,48131,0,48132,1
86510,48132,1,48133,0
86510,48133,0,48111,1
86510,48111,1,48112,0
86510,48112,0,48113,0
86510,48113,0,58463,0
86510,58463,0,58464,0
86510,58464,0,58465,1
86510,58465,1,58466,0
86510,58466,0,48115,0
86510,48115,0,48116,1
86510,48116,1,48117,0
86510,48117,0,58383,0
86510,58383,0,58384,0
86510,58384,0,58385,1
86510,58385,1,58386,0
86510,58386,0,58398,0
86510,58398,0,58399,1
86510,58399,1,58400,1
86510,58400,1,58401,0
86510,58401,0,48119,1
86510,48119,1,48120,1
86510,48120,1,48121,0
86510,48121,0,48079,1
86510,48079,1,48080,1
86510,48080,1,48081,0
86510,48081,0,48143,0
86510,48143,0,48144,1
86510,48144,1,48145,0
86510,48145,0,58458,1
86510,58458,1,58459,1
86510,58459,1,58460,1
86510,58460,1,58461,0
86510,58461,0,48099,1
86510,48099,1,48100,0
86510,48100,0,48101,0
86510,48101,0,48135,0
86510,48135,0,48136,0
86510,48136,0,48137,0
86510,48137,0,48091,0
86510,48091,0,48092,1
86510,48092,1,48093,0
86510,48093,0,48127,1
86510,48127,1,48128,1
86510,48128,1,48129,0
86510,48129,0,52934,0
86510,52934,0,52935,0
86510,52935,0,53003,0
86510,53003,0,53004,0
86510,53004,0,53000,0
86510,53000,0,53001,0
86510,53001,0,52979,0
86510,52979,0,52980,0
88476,49044,0,49072,0
88476,49072,0,49000,0
88476,49000,0,49060,0
88476,49060,0,49020,0
88476,49020,0,49076,1
88476,49076,1,49016,1
88476,49016,1,49040,1
88476,49040,1,57063,0
88476,57063,0,57123,1
88476,57123,1,57111,1
88476,57111,1,57066,1
88476,57066,1,49044,0
88476,49044,0,49072,0
88476,49072,0,49000,0
88476,49000,0,49060,0
88476,49060,0,49020,0
88476,49020,0,49076,1
88476,49076,1,49016,1
88476,49016,1,49040,1
88476,49040,1,57063,0
88476,57063,0,57123,1
88476,57123,1,57111,1
88476,57111,1,57066,1
88476,57066,1,119246,0
88476,119246,0,119252,0
88476,119252,0,88862,0
88476,88862,0,88896,0
88476,88896,0,84924,0
88476,84924,0,85855,0
88476,85855,0,84921,0
88476,84921,0,84830,0
88476,84830,0,84964,0
88476,84964,0,84934,0
88476,84934,0,84723,0
88476,84723,0,84971,0
88476,84971,0,85824,0
88476,85824,0,85806,0
88476,85806,0,85847,0
88476,85847,0,84725,0
88476,84725,0,84951,0
88476,84951,0,84786,0
88476,84786,0,84968,0
88476,84968,0,84938,0
88476,84938,0,84916,0
88476,84916,0,90774,0
88476,90774,0,94071,0
88476,94071,0,94938,0
88476,94938,0,90563,0
88476,90563,0,90685,0
88476,90685,0,94065,1
88476,94065,1,66789,0
88476,66789,0,66790,0
88476,66790,0,66791,0
88476,66791,0,84591,0
88476,84591,0,84595,0
88476,84595,0,84610,0
88476,84610,0,84979,0
88476,84979,0,84612,0
88476,84612,0,84609,0
88476,84609,0,84998,0
88476,84998,0,84632,0
88476,84632,0,85025,1
88476,85025,1,85043,0
88476,85043,0,87625,0
88476,87625,0,87511,0
88476,87511,0,87524,0
88476,87524,0,87821,0
88476,87821,0,49045,0
88476,49045,0,49046,1
88476,49046,1,49047,0
88476,49047,0,49073,0
88476,49073,0,49074,1
88476,49074,1,49075,0
88476,49075,0,49001,0
88476,49001,0,49002,0
88476,49002,0,49003,0
88476,49003,0,49061,1
88476,49061,1,49062,0
88476,49062,0,49063,0
88476,49063,0,49021,1
88476,49021,1,49022,0
88476,49022,0,49023,0
88476,49023,0,57064,1
88476,57064,1,57065,0
88478,48873,0,48901,0
88478,48901,0,49012,0
88478,49012,0,49044,0
88478,49044,0,49040,1
88478,49040,1,48885,1
88478,48885,1,57117,1
88478,57117,1,57102,1
88478,57102,1,57129,1
88478,57129,1,57120,1
88478,57120,1,48873,0
88478,48873,0,48901,0
88478,48901,0,49012,0
88478,49012,0,49044,0
88478,49044,0,49040,1
88478,49040,1,48885,1
88478,48885,1,57117,1
88478,57117,1,57102,1
88478,57102,1,57129,1
88478,57129,1,57120,1
88478,57120,1,119334,0
88478,119334,0,119366,1
88478,119366,1,119364,0
88478,119364,0,119257,0
88478,119257,0,119346,1
88478,119346,1,119387,0
88478,119387,0,119386,0
88478,119386,0,119326,1
88478,119326,1,119361,1
88478,119361,1,119308,0
88478,119308,0,119256,0
88478,119256,0,119382,0
88478,119382,0,119248,0
88478,119248,0,119244,1
88478,119244,1,119247,1
88478,119247,1,119338,0
88478,119338,0,119245,1
88478,119245,1,119246,1
88478,119246,1,119293,0
88478,119293,0,119294,1
88478,119294,1,119295,1
88478,119295,1,119296,1
88478,119296,1,119297,1
88478,119297,1,119322,1
88478,119322,1,119243,1
88478,119243,1,84833,1
88478,84833,1,84935,0
88478,84935,0,84836,1
88478,84836,1,84958,0
88478,84958,0,84952,0
88478,84952,0,84911,1
88478,84911,1,84949,0
88478,84949,0,85875,0
88478,85875,0,85863,0
88478,85863,0,85887,0
88478,85887,0,85814,0
88478,85814,0,85807,1
88478,85807,1,85862,0
88478,85862,0,85849,0
88478,85849,0,84742,0
88478,84742,0,84972,1
88478,84972,1,84719,1
88478,84719,1,84960,1
88478,84960,1,85852,0
88478,85852,0,85836,0
88478,85836,0,85883,1
88478,85883,1,85819,1
88478,85819,1,85815,1
88478,85815,1,49316,0
88478,49316,0,49317,0
88478,49317,0,49318,0
88478,49318,0,49295,0
88478,49295,0,49296,0
88478,49296,0,49297,0
88478,49297,0,49325,0
88478,49325,0,49326,0
88478,49326,0,49327,0
88478,49327,0,49343,0
88478,49343,0,49344,0
88478,49344,0,49345,0
88478,49345,0,49352,0
88478,49352,0,49353,0
88478,49353,0,49354,0
88478,49354,0,49310,0
88478,49310,0,49311,0
88478,49311,0,49312,0
88478,49312,0,49349,0
88478,49349,0,49350,0
88478,49350,0,49351,0
88478,49351,0,49346,0
88478,49346,0,49347,0
88478,49347,0,49348,0
88478,49348,0,49313,0
88478,49313,0,49314,0
88478,49314,0,49315,0
88478,49315,0,49304,0
88478,49304,0,49305,0
88478,49305,0,49306,0
88478,49306,0,49331,0
88478,49331,0,49332,0
88478,49332,0,49333,0
88478,49333,0,49373,0
88478,49373,0,49374,0
88478,49374,0,49375,0
88478,49375,0,49319,0
88478,49319,0,49320,0
88478,49320,0,49321,0
88478,49321,0,49310,0
88478,49310,0,49311,0
88478,49311,0,49312,0
88478,49312,0,49304,0
88478,49304,0,49305,0
88478,49305,0,49306,0
88478,49306,0,49337,0
88478,49337,0,49338,0
88478,49338,0,49339,0
88478,49339,0,49364,0
88478,49364,0,49365,0
88478,49365,0,49366,0
88478,49366,0,49361,0
88478,49361,0,49362,0
88478,49362,0,49363,0
88478,49363,0,49313,0
88478,49313,0,49314,0
88478,49314,0,49315,0
88478,49315,0,49295,0
88478,49295,0,49296,0
88478,49296,0,49297,0
88478,49297,0,49316,0
88478,49316,0,49317,0
88478,49317,0,49318,0
88478,49318,0,49295,0
88478,49295,0,49296,0
88478,49296,0,49297,0
88478,49297,0,49325,0
88478,49325,0,49326,0
88478,49326,0,49327,0
88478,49327,0,49343,0
88478,49343,0,49344,0
88478,49344,0,49345,0
88478,49345,0,49352,0
88478,49352,0,49353,0
88478,49353,0,49354,0
88478,49354,0,49310,0
88478,49310,0,49311,0
88478,49311,0,49312,0
88478,49312,0,49349,0
88478,49349,0,49350,0
88478,49350,0,49351,0
88478,49351,0,49346,0
88478,49346,0,49347,0
88478,49347,0,49348,0
88478,49348,0,49313,0
88478,49313,0,49314,0
88478,49314,0,49315,0
88478,49315,0,49304,0
88478,49304,0,49305,0
88478,49305,0,49306,0
88478,49306,0,49331,0
88478,49331,0,49332,0
88478,49332,0,49333,0
88478,49333,0,49373,0
88478,49373,0,49374,0
88478,49374,0,49375,0
88478,49375,0,49319,0
88478,49319,0,49320,0
88478,49320,0,49321,0
88478,49321,0,49310,0
88478,49310,0,49311,0
88478,49311,0,49312,0
88478,49312,0,49304,0
88478,49304,0,49305,0
88478,49305,0,49306,0
88478,49306,0,49337,0
88478,49337,0,49338,0
88478,49338,0,49339,0
88478,49339,0,49364,0
88478,49364,0,49365,0
88478,49365,0,49366,0
88478,49366,0,49361,0
88478,49361,0,49362,0
88478,49362,0,49363,0
88478,49363,0,49313,0
88478,49313,0,49314,0
88478,49314,0,49315,0
88478,49315,0,49295,0
88478,49295,0,49296,0
88478,49296,0,49297,0
88478,49297,0,91015,0
88478,91015,0,91577,0
88478,91577,0,90999,0
88478,90999,0,91033,0
88478,91033,0,91036,0
88478,91036,0,91002,0
88478,91002,0,91597,0
88478,91597,0,51141,1
88478,51141,1,84635,1
88478,84635,1,87577,0
88478,87577,0,87610,0
88478,87610,0,87472,0
88478,87472,0,87511,0
88478,87511,0,87490,0
88478,87490,0,87483,0
88478,87483,0,87487,1
88478,87487,1,87488,0
88478,87488,0,87481,0
88478,87481,0,87545,0
88478,87545,0,87580,1
88478,87580,1,87576,1
88478,87576,1,87611,1
88478,87611,1,87863,0
88478,87863,0,87813,0
88478,87813,0,87842,0
88478,87842,0,87833,0
88478,87833,0,87866,1
88478,87866,1,87819,0
88478,87819,0,87821,0
88478,87821,0,87700,0
88478,87700,0,119335,0
88478,119335,0,119336,0
88478,119336,0,119337,0
88478,119337,0,48874,1
88478,48874,1,48875,1
88478,48875,1,48876,0
88478,48876,0,48902,1
88478,48902,1,48903,1
88478,48903,1,48904,1
88478,48904,1,49013,1
88478,49013,1,49014,0
88478,49014,0,49015,0
88478,49015,0,49045,1
88478,49045,1,49046,0
88478,49046,0,49047,1
88478,49047,1,119339,0
88478,119339,0,119340,0
88478,119340,0,119341,1
88479,48610,0,48573,0
88479,48573,0,48682,0
88479,48682,0,48559,0
88479,48559,0,48630,0
88479,48630,0,48663,0
88479,48663,0,48708,0
88479,48708,0,49024,0
88479,49024,0,49048,0
88479,49048,0,48869,0
88479,48869,0,48893,0
88479,48893,0,48881,0
88479,48881,0,49024,0
88479,49024,0,49048,0
88479,49048,0,48869,0
88479,48869,0,48893,0
88479,48893,0,48881,0
88479,48881,0,84921,0
88479,84921,0,84881,0
88479,84881,0,84919,0
88479,84919,0,84909,0
88479,84909,0,84914,0
88479,84914,0,84832,0
88479,84832,0,84831,0
88479,84831,0,85837,0
88479,85837,0,85866,0
88479,85866,0,85799,1
88479,85799,1,85853,1
88479,85853,1,85796,1
88479,85796,1,84781,0
88479,84781,0,84936,0
88479,84936,0,84954,0
88479,84954,0,84726,0
88479,84726,0,84945,1
88479,84945,1,84922,0
88479,84922,0,84973,0
88479,84973,0,84946,0
88479,84946,0,84788,0
88479,84788,0,84977,0
88479,84977,0,84835,0
88479,84835,0,84719,0
88479,84719,0,84934,0
88479,84934,0,84958,0
88479,84958,0,84975,0
88479,84975,0,84970,1
88479,84970,1,84949,1
88479,84949,1,84929,0
88479,84929,0,84728,1
88479,84728,1,84937,0
88479,84937,0,48610,0
88479,48610,0,48573,0
88479,48573,0,48682,0
88479,48682,0,48559,0
88479,48559,0,48630,0
88479,48630,0,48663,0
88479,48663,0,48708,0
88479,48708,0,49373,0
88479,49373,0,49374,0
88479,49374,0,49375,0
88479,49375,0,49340,0
88479,49340,0,49341,0
88479,49341,0,49342,0
88479,49342,0,49346,0
88479,49346,0,49347,0
88479,49347,0,49348,0
88479,49348,0,49376,0
88479,49376,0,49377,0
88479,49377,0,49378,0
88479,49378,0,49358,0
88479,49358,0,49359,0
88479,49359,0,49360,0
88479,49360,0,49313,0
88479,49313,0,49314,0
88479,49314,0,49315,0
88479,49315,0,49379,0
88479,49379,0,49380,0
88479,49380,0,49381,0
88479,49381,0,49343,0
88479,49343,0,49344,0
88479,49344,0,49345,0
88479,49345,0,49307,0
88479,49307,0,49308,0
88479,49308,0,49309,0
88479,49309,0,49310,0
88479,49310,0,49311,0
88479,49311,0,49312,0
88479,49312,0,49292,0
88479,49292,0,49293,0
88479,49293,0,49294,0
88479,49294,0,49304,0
88479,49304,0,49305,0
88479,49305,0,49306,0
88479,49306,0,49301,0
88479,49301,0,49302,0
88479,49302,0,49303,0
88479,49303,0,49313,0
88479,49313,0,49314,0
88479,49314,0,49315,0
88479,49315,0,49352,0
88479,49352,0,49353,0
88479,49353,0,49354,0
88479,49354,0,49370,0
88479,49370,0,49371,0
88479,49371,0,49372,0
88479,49372,0,49328,0
88479,49328,0,49329,0
88479,49329,0,49330,0
88479,49330,0,49367,0
88479,49367,0,49368,0
88479,49368,0,49369,0
88479,49369,0,49373,0
88479,49373,0,49374,0
88479,49374,0,49375,0
88479,49375,0,49340,0
88479,49340,0,49341,0
88479,49341,0,49342,0
88479,49342,0,94927,0
88479,94927,0,94951,0
88479,94951,0,94067,0
88479,94067,0,90763,0
88479,90763,0,90614,0
88479,90614,0,94928,0
88479,94928,0,90757,0
88479,90757,0,49346,0
88479,49346,0,49347,0
88479,49347,0,49348,0
88479,49348,0,49376,0
88479,49376,0,49377,0
88479,49377,0,49378,0
88479,49378,0,49358,0
88479,49358,0,49359,0
88479,49359,0,49360,0
88479,49360,0,49313,0
88479,49313,0,49314,0
88479,49314,0,49315,0
88479,49315,0,49379,0
88479,49379,0,49380,0
88479,49380,0,49381,0
88479,49381,0,49343,0
88479,49343,0,49344,0
88479,49344,0,49345,0
88479,49345,0,49307,0
88479,49307,0,49308,0
88479,49308,0,49309,0
88479,49309,0,49310,0
88479,49310,0,49311,0
88479,49311,0,49312,0
88479,49312,0,49292,0
88479,49292,0,49293,0
88479,49293,0,49294,0
88479,49294,0,49304,0
88479,49304,0,49305,0
88479,49305,0,49306,0
88479,49306,0,49301,0
88479,49301,0,49302,0
88479,49302,0,49303,0
88479,49303,0,49313,0
88479,49313,0,49314,0
88479,49314,0,49315,0
88479,49315,0,49352,0
88479,49352,0,49353,0
88479,49353,0,49354,0
88479,49354,0,49370,0
88479,49370,0,49371,0
88479,49371,0,49372,0
88479,49372,0,49328,0
88479,49328,0,49329,0
88479,49329,0,49330,0
88479,49330,0,49367,0
88479,49367,0,49368,0
88479,49368,0,49369,0
88479,49369,0,90623,0
88479,90623,0,91493,0
88479,91493,0,90621,0
88479,90621,0,90691,0
88479,90691,0,91485,0
88479,91485,0,94099,0
88479,94099,0,91032,0
88479,91032,0,90989,0
88479,90989,0,91580,0
88479,91580,0,91043,0
88479,91043,0,90999,0
88479,90999,0,90998,0
88479,90998,0,90986,0
88479,90986,0,91035,0
88479,91035,0,91597,0
88479,91597,0,91014,0
88479,91014,0,91041,0
88479,91041,0,91600,0
88479,91600,0,91020,0
88479,91020,0,90213,0
88479,90213,0,90118,0
88479,90118,0,90119,0
88479,90119,0,90120,0
88479,90120,0,90230,0
88479,90230,0,90231,0
88479,90231,0,89995,0
88479,89995,0,90228,0
88479,90228,0,90203,0
88479,90203,0,90377,0
88479,90377,0,90335,0
88479,90335,0,90455,0
88479,90455,0,90489,0
88479,90489,0,90395,0
88479,90395,0,90709,0
88479,90709,0,90651,0
88479,90651,0,90202,0
88479,90202,0,90124,0
88479,90124,0,90125,0
88479,90125,0,90126,0
88479,90126,0,90103,0
88479,90103,0,90104,0
88479,90104,0,90105,0
88479,90105,0,90079,0
88479,90079,0,90080,0
88479,90080,0,90081,0
88479,90081,0,90187,0
88479,90187,0,90028,0
88479,90028,0,90575,0
88479,90575,0,90639,0
88479,90639,0,90359,0
88479,90359,0,90658,0
88479,90658,0,90578,0
88479,90578,0,90428,0
88479,90428,0,87618,0
88479,87618,0,87621,0
88479,87621,0,87483,0
88479,87483,0,87494,0
88479,87494,0,87501,0
88479,87501,0,87526,0
88479,87526,0,87887,0
88479,87887,0,87884,0
88479,87884,0,87737,0
88479,87737,0,87558,0
88479,87558,0,87493,0
88479,87493,0,87613,0
88479,87613,0,87525,0
88479,87525,0,87481,0
88479,87481,0,87605,0
88479,87605,0,87505,0
88479,87505,0,87490,0
88479,87490,0,87474,0
88479,87474,0,87606,0
88479,87606,0,87620,0
88479,87620,0,87524,0
88479,87524,0,87719,0
88479,87719,0,87510,0
88479,87510,0,87547,0
88479,87547,0,87572,0
88479,87572,0,87578,0
88479,87578,0,87574,0
88479,87574,0,87610,0
88479,87610,0,89996,0
88479,89996,0,89997,0
88479,89997,0,90378,0
88479,90378,0,90379,0
88479,90379,0,90336,0
88479,90336,0,90337,1
88479,90337,1,90456,0
88479,90456,0,90457,1
88479,90457,1,90490,0
88479,90490,0,90491,0
88479,90491,0,90396,0
88479,90396,0,90397,1
88479,90397,1,90710,0
88479,90710,0,90711,0
88479,90711,0,90652,0
88479,90652,0,90653,0
88479,90653,0,49025,0
88479,49025,0,49026,0
88479,49026,0,49027,0
88479,49027,0,49049,1
88479,49049,1,49050,1
88479,49050,1,49051,0
88479,49051,0,48870,1
88479,48870,1,48871,0
88479,48871,0,48872,0
88479,48872,0,48894,1
88479,48894,1,48895,0
88479,48895,0,48896,0
88479,48896,0,48882,1
88479,48882,1,48883,1
88479,48883,1,48884,1
88479,48884,1,90029,0
88479,90029,0,90030,0
88479,90030,0,90576,0
88479,90576,0,90577,0
88479,90577,0,90640,0
88479,90640,0,90641,0
88479,90641,0,90360,0
88479,90360,0,90361,0
88479,90361,0,90660,0
88479,90660,0,90661,0
88479,90661,0,90579,0
88479,90579,0,90580,0
88479,90580,0,90429,0
88479,90429,0,90430,0
88481,48873,1,49040,1
88481,49040,1,57096,1
88481,57096,1,57114,1
88481,57114,1,48873,1
88481,48873,1,49040,1
88481,49040,1,57096,1
88481,57096,1,57114,1
88481,57114,1,119288,0
88481,119288,0,119289,0
88481,119289,0,119290,1
88481,119290,1,119291,1
88481,119291,1,119292,0
88481,119292,0,119239,0
88481,119239,0,119358,0
88481,119358,0,119387,0
88481,119387,0,119273,0
88481,119273,0,119274,0
88481,119274,0,119275,1
88481,119275,1,119276,1
88481,119276,1,119277,0
88481,119277,0,119361,0
88481,119361,0,119263,0
88481,119263,0,119264,1
88481,119264,1,119265,1
88481,119265,1,119266,1
88481,119266,1,119267,1
88481,119267,1,119322,0
88481,119322,0,119382,0
88481,119382,0,119368,0
88481,119368,0,91273,0
88481,91273,0,84976,0
88481,84976,0,84970,1
88481,84970,1,84975,1
88481,84975,1,84943,1
88481,84943,1,85824,0
88481,85824,0,85806,1
88481,85806,1,85804,1
88481,85804,1,85884,1
88481,85884,1,85749,0
88481,85749,0,85726,0
88481,85726,0,85740,0
88481,85740,0,85747,0
88481,85747,0,85743,0
88481,85743,0,85727,1
88481,85727,1,85717,0
88481,85717,0,49349,0
88481,49349,0,49350,0
88481,49350,0,49351,0
88481,49351,0,49322,0
88481,49322,0,49323,0
88481,49323,0,49324,0
88481,49324,0,49328,0
88481,49328,0,49329,0
88481,49329,0,49330,0
88481,49330,0,49343,0
88481,49343,0,49344,0
88481,49344,0,49345,0
88481,49345,0,49367,0
88481,49367,0,49368,0
88481,49368,0,49369,0
88481,49369,0,49331,0
88481,49331,0,49332,0
88481,49332,0,49333,0
88481,49333,0,49313,0
88481,49313,0,49314,0
88481,49314,0,90739,0
88481,90739,0,90763,0
88481,90763,0,90606,0
88481,90606,0,90785,0
88481,90785,0,94064,0
88481,94064,0,90764,0
88481,90764,0,94069,0
88481,94069,0,49349,0
88481,49349,0,49350,0
88481,49350,0,49351,0
88481,49351,0,49322,0
88481,49322,0,49323,0
88481,49323,0,49324,0
88481,49324,0,49328,0
88481,49328,0,49329,0
88481,49329,0,49330,0
88481,49330,0,49343,0
88481,49343,0,49344,0
88481,49344,0,49345,0
88481,49345,0,49367,0
88481,49367,0,49368,0
88481,49368,0,49369,0
88481,49369,0,49331,0
88481,49331,0,49332,0
88481,49332,0,49333,0
88481,49333,0,49313,0
88481,49313,0,49314,0
88481,49314,0,51150,0
88481,51150,0,66834,0
88481,66834,0,66835,0
88481,66835,0,66836,0
88481,66836,0,51165,0
88481,51165,0,51153,0
88481,51153,0,51171,0
88481,51171,0,84592,0
88481,84592,0,84984,0
88481,84984,0,84612,0
88481,84612,0,84979,0
88481,84979,0,66819,0
88481,66819,0,66820,0
88481,66820,0,66821,1
88481,66821,1,51174,0
88481,51174,0,51132,1
88481,51132,1,85062,0
88481,85062,0,85077,0
88481,85077,0,85065,0
88481,85065,0,87630,0
88481,87630,0,87473,0
88481,87473,0,87523,0
88481,87523,0,87479,0
88481,87479,0,87575,0
88481,87575,0,87497,0
88481,87497,0,87605,0
88481,87605,0,119323,0
88481,119323,0,119324,0
88481,119324,0,119325,0
88483,49004,1,48897,0
88483,48897,0,49016,0
88483,49016,0,49064,1
88483,49064,1,49048,1
88483,49048,1,49028,1
88483,49028,1,49048,1
88483,49048,1,57087,0
88483,57087,0,57075,1
88483,57075,1,57060,1
88483,57060,1,57114,1
88483,57114,1,48706,1
88483,48706,1,49004,1
88483,49004,1,48897,0
88483,48897,0,49016,0
88483,49016,0,49064,1
88483,49064,1,49048,1
88483,49048,1,49028,1
88483,49028,1,49048,1
88483,49048,1,57087,0
88483,57087,0,57075,1
88483,57075,1,57060,1
88483,57060,1,57114,1
88483,57114,1,119241,1
88483,119241,1,119371,1
88483,119371,1,119387,0
88483,119387,0,119367,1
88483,119367,1,119374,1
88483,119374,1,119381,0
88483,119381,0,119247,1
88483,119247,1,119359,1
88483,119359,1,119288,1
88483,119288,1,119384,1
88483,119384,1,119380,1
88483,119380,1,88893,1
88483,88893,1,88930,1
88483,88930,1,91281,1
88483,91281,1,84964,0
88483,84964,0,84742,1
88483,84742,1,84751,1
88483,84751,1,84946,1
88483,84946,1,85862,0
88483,85862,0,85825,1
88483,85825,1,85833,0
88483,85833,0,85850,1
88483,85850,1,85853,1
88483,85853,1,85805,1
88483,85805,1,85749,1
88483,85749,1,48706,1
88483,48706,1,49328,0
88483,49328,0,49329,0
88483,49329,0,49330,1
88483,49330,1,49331,1
88483,49331,1,49307,1
88483,49307,1,49319,1
88483,49319,1,49358,1
88483,49358,1,49298,1
88483,49298,1,49373,1
88483,49373,1,49325,1
88483,49325,1,49367,1
88483,49367,1,49349,1
88483,49349,1,49379,1
88483,49379,1,94098,0
88483,94098,0,94923,1
88483,94923,1,49328,0
88483,49328,0,49329,0
88483,49329,0,49330,1
88483,49330,1,49331,1
88483,49331,1,49307,1
88483,49307,1,49319,1
88483,49319,1,49358,1
88483,49358,1,49298,1
88483,49298,1,90780,1
88483,90780,1,49373,1
88483,49373,1,49325,1
88483,49325,1,49367,1
88483,49367,1,49349,1
88483,49349,1,49379,1
88483,49379,1,91013,0
88483,91013,0,91022,0
88483,91022,0,91011,0
88483,91011,0,91015,0
88483,91015,0,90389,0
88483,90389,0,90658,0
88483,90658,0,90540,0
88483,90540,0,90600,1
88483,90600,1,90440,0
88483,90440,0,90524,1
88483,90524,1,90455,1
88483,90455,1,90055,0
88483,90055,0,90016,1
88483,90016,1,90019,1
88483,90019,1,90073,1
88483,90073,1,66870,1
88483,66870,1,84597,0
88483,84597,0,84605,0
88483,84605,0,84593,0
88483,84593,0,84616,1
88483,84616,1,84607,1
88483,84607,1,84591,1
88483,84591,1,87581,0
88483,87581,0,87617,0
88483,87617,0,87493,0
88483,87493,0,87610,0
88483,87610,0,87626,0
88483,87626,0,87509,0
88483,87509,0,87484,0
88483,87484,0,87473,1
88483,87473,1,87863,0
88483,87863,0,87806,0
88483,87806,0,87841,0
88483,87841,0,87700,0
88483,87700,0,87698,1
88483,87698,1,87735,1
88483,87735,1,87834,0
88483,87834,0,87741,1
88483,87741,1,97691,0
88483,97691,0,97692,0
88483,97692,0,97693,1
88483,97693,1,97694,0
88483,97694,0,55038,0
88483,55038,0,55037,0
88483,55037,0,90390,1
88483,90390,1,90391,1
88483,90391,1,90660,1
88483,90660,1,90661,0
88483,90661,0,90541,0
88483,90541,0,90542,1
88483,90542,1,90441,1
88483,90441,1,90442,1
88483,90442,1,90056,1
88483,90056,1,90057,1
88483,90057,1,48898,0
88483,48898,0,48899,0
88483,48899,0,48900,1
88483,48900,1,49017,1
88483,49017,1,49018,0
88483,49018,0,49019,1
88483,49019,1,57088,0
88483,57088,0,57089,1
88484,49012,0,49056,0
88484,49056,0,48885,1
88484,48885,1,49020,1
88484,49020,1,49036,1
88484,49036,1,57090,1
88484,57090,1,57087,1
88484,57087,1,49012,0
88484,49012,0,49056,0
88484,49056,0,48885,1
88484,48885,1,49020,1
88484,49020,1,49036,1
88484,49036,1,57090,1
88484,57090,1,57087,1
88484,57087,1,119367,0
88484,119367,0,119379,0
88484,119379,0,119268,0
88484,119268,0,119269,0
88484,119269,0,119270,0
88484,119270,0,119271,1
88484,119271,1,119272,0
88484,119272,0,119361,1
88484,119361,1,119254,0
88484,119254,0,84951,0
88484,84951,0,84880,0
88484,84880,0,84932,0
88484,84932,0,84972,1
88484,84972,1,84726,1
88484,84726,1,84958,0
88484,84958,0,84885,1
88484,84885,1,85871,0
88484,85871,0,85859,0
88484,85859,0,85864,0
88484,85864,0,85850,0
88484,85850,0,85809,0
88484,85809,0,85892,0
88484,85892,0,85820,0
88484,85820,0,85855,1
88484,85855,1,84941,1
88484,84941,1,84975,0
88484,84975,0,84948,1
88484,84948,1,84888,0
88484,84888,0,84829,1
88484,84829,1,84968,1
88484,84968,1,84782,0
88484,84782,0,84970,1
88484,84970,1,84916,0
88484,84916,0,84931,0
88484,84931,0,84784,0
88484,84784,0,84741,1
88484,84741,1,49370,0
88484,49370,0,49371,0
88484,49371,0,49372,0
88484,49372,0,90748,0
88484,90748,0,49370,0
88484,49370,0,49371,0
88484,49371,0,49372,0
88484,49372,0,90443,0
88484,90443,0,51186,0
88484,51186,0,51159,0
88484,51159,0,66858,0
88484,66858,0,66859,0
88484,66859,0,66860,0
88484,66860,0,66852,0
88484,66852,0,66853,0
88484,66853,0,66854,0
88484,66854,0,66861,0
88484,66861,0,66862,0
88484,66862,0,66863,0
88484,66863,0,84606,0
88484,84606,0,84994,0
88484,84994,0,84616,0
88484,84616,0,85043,0
88484,85043,0,85065,0
88484,85065,0,85077,0
88484,85077,0,85040,0
88484,85040,0,87608,0
88484,87608,0,87502,0
88484,87502,0,87627,0
88484,87627,0,87551,0
88484,87551,0,87580,0
88484,87580,0,87572,0
88484,87572,0,90444,0
88484,90444,0,90445,0
88484,90445,0,49013,0
88484,49013,0,49014,0
88484,49014,0,49015,1
88484,49015,1,49057,1
88484,49057,1,49058,0
88484,49058,0,49059,1
88516,48869,0,49056,0
88516,49056,0,49068,0
88516,49068,0,48897,0
88516,48897,0,49004,0
88516,49004,0,57066,0
88516,57066,0,57120,0
88516,57120,0,57057,0
88516,57057,0,57087,0
88516,57087,0,48869,0
88516,48869,0,49056,0
88516,49056,0,49068,0
88516,49068,0,48897,0
88516,48897,0,49004,0
88516,49004,0,57066,0
88516,57066,0,57120,0
88516,57120,0,57057,0
88516,57057,0,57087,0
88516,57087,0,119283,0
88516,119283,0,119284,0
88516,119284,0,119285,1
88516,119285,1,119286,0
88516,119286,0,119287,1
88516,119287,1,119288,1
88516,119288,1,119380,0
88516,119380,0,119243,0
88516,119243,0,119273,1
88516,119273,1,119362,0
88516,119362,0,119359,1
88516,119359,1,119342,0
88516,119342,0,119248,0
88516,119248,0,119373,0
88516,119373,0,88957,0
88516,88957,0,88906,0
88516,88906,0,88870,0
88516,88870,0,88898,0
88516,88898,0,88920,0
88516,88920,0,88914,0
88516,88914,0,89030,0
88516,89030,0,84968,0
88516,84968,0,84838,0
88516,84838,0,84783,0
88516,84783,0,84723,0
88516,84723,0,84925,0
88516,84925,0,84922,0
88516,84922,0,85847,0
88516,85847,0,85849,0
88516,85849,0,85831,0
88516,85831,0,85885,0
88516,85885,0,85806,0
88516,85806,0,85880,0
88516,85880,0,85854,0
88516,85854,0,84943,0
88516,84943,0,84836,0
88516,84836,0,84722,0
88516,84722,0,84944,0
88516,84944,0,84910,0
88516,84910,0,84920,0
88516,84920,0,85890,0
88516,85890,0,85868,0
88516,85868,0,85846,0
88516,85846,0,85881,0
88516,85881,0,85820,0
88516,85820,0,85844,0
88516,85844,0,84881,1
88516,84881,1,84960,1
88516,84960,1,84951,0
88516,84951,0,84788,1
88516,84788,1,84727,1
88516,84727,1,84971,1
88516,84971,1,85827,1
88516,85827,1,49367,0
88516,49367,0,49368,0
88516,49368,0,49369,0
88516,49369,0,49361,0
88516,49361,0,49362,0
88516,49362,0,49363,0
88516,49363,0,49310,0
88516,49310,0,49311,0
88516,49311,0,49312,0
88516,49312,0,49358,0
88516,49358,0,49359,0
88516,49359,0,49360,0
88516,49360,0,49373,0
88516,49373,0,49374,0
88516,49374,0,49375,0
88516,49375,0,49376,0
88516,49376,0,49377,0
88516,49377,0,49378,0
88516,49378,0,49304,0
88516,49304,0,49305,0
88516,49305,0,49306,0
88516,49306,0,49352,0
88516,49352,0,49353,0
88516,49353,0,49354,0
88516,49354,0,49349,0
88516,49349,0,49350,0
88516,49350,0,49351,0
88516,49351,0,49343,0
88516,49343,0,49344,0
88516,49344,0,49345,0
88516,49345,0,49337,0
88516,49337,0,49338,0
88516,49338,0,49339,0
88516,49339,0,49346,0
88516,49346,0,49347,0
88516,49347,0,49348,0
88516,49348,0,49331,0
88516,49331,0,49332,0
88516,49332,0,49333,0
88516,49333,0,49364,0
88516,49364,0,49365,0
88516,49365,0,49366,0
88516,49366,0,49334,0
88516,49334,0,49335,0
88516,49335,0,49336,0
88516,49336,0,49304,0
88516,49304,0,49305,0
88516,49305,0,49306,0
88516,49306,0,49358,0
88516,49358,0,49359,0
88516,49359,0,49360,0
88516,49360,0,49352,0
88516,49352,0,49353,0
88516,49353,0,49354,0
88516,49354,0,49307,0
88516,49307,0,49308,0
88516,49308,0,49309,0
88516,49309,0,49346,0
88516,49346,0,49347,0
88516,49347,0,49348,0
88516,49348,0,49316,0
88516,49316,0,49317,0
88516,49317,0,49318,0
88516,49318,0,49319,0
88516,49319,0,49320,0
88516,49320,0,49321,0
88516,49321,0,49295,0
88516,49295,0,49296,0
88516,49296,0,49297,0
88516,49297,0,49334,0
88516,49334,0,49335,0
88516,49335,0,49336,0
88516,49336,0,49325,0
88516,49325,0,49326,0
88516,49326,0,49327,0
88516,49327,0,48461,0
88516,48461,0,48462,0
88516,48462,0,48463,0
88516,48463,0,49367,0
88516,49367,0,49368,0
88516,49368,0,49369,0
88516,49369,0,49361,0
88516,49361,0,49362,0
88516,49362,0,49363,0
88516,49363,0,49310,0
88516,49310,0,49311,0
88516,49311,0,49312,0
88516,49312,0,49358,0
88516,49358,0,49359,0
88516,49359,0,49360,0
88516,49360,0,49373,0
88516,49373,0,49374,0
88516,49374,0,49375,0
88516,49375,0,49376,0
88516,49376,0,49377,0
88516,49377,0,49378,0
88516,49378,0,49304,0
88516,49304,0,49305,0
88516,49305,0,49306,0
88516,49306,0,49352,0
88516,49352,0,49353,0
88516,49353,0,49354,0
88516,49354,0,49349,0
88516,49349,0,49350,0
88516,49350,0,49351,0
88516,49351,0,49343,0
88516,49343,0,49344,0
88516,49344,0,49345,0
88516,49345,0,91496,0
88516,91496,0,91498,0
88516,91498,0,90564,0
88516,90564,0,94094,0
88516,94094,0,94066,0
88516,94066,0,90744,0
88516,90744,0,90771,1
88516,90771,1,49337,0
88516,49337,0,49338,0
88516,49338,0,49339,0
88516,49339,0,49346,0
88516,49346,0,49347,0
88516,49347,0,49348,0
88516,49348,0,49331,0
88516,49331,0,49332,0
88516,49332,0,49333,0
88516,49333,0,49364,0
88516,49364,0,49365,0
88516,49365,0,49366,0
88516,49366,0,49334,0
88516,49334,0,49335,0
88516,49335,0,49336,0
88516,49336,0,90671,0
88516,90671,0,94949,0
88516,94949,0,94950,0
88516,94950,0,90613,0
88516,90613,0,94933,0
88516,94933,0,91481,0
88516,91481,0,49304,0
88516,49304,0,49305,0
88516,49305,0,49306,0
88516,49306,0,49358,0
88516,49358,0,49359,0
88516,49359,0,49360,0
88516,49360,0,49352,0
88516,49352,0,49353,0
88516,49353,0,49354,0
88516,49354,0,49307,0
88516,49307,0,49308,0
88516,49308,0,49309,0
88516,49309,0,49346,0
88516,49346,0,49347,0
88516,49347,0,49348,0
88516,49348,0,49316,0
88516,49316,0,49317,0
88516,49317,0,49318,0
88516,49318,0,49319,0
88516,49319,0,49320,0
88516,49320,0,49321,0
88516,49321,0,49295,0
88516,49295,0,49296,0
88516,49296,0,49297,0
88516,49297,0,49334,0
88516,49334,0,49335,0
88516,49335,0,49336,0
88516,49336,0,49325,0
88516,49325,0,49326,0
88516,49326,0,49327,0
88516,49327,0,48461,0
88516,48461,0,48462,0
88516,48462,0,48463,0
88516,48463,0,91041,0
88516,91041,0,91573,0
88516,91573,0,90995,0
88516,90995,0,90978,0
88516,90978,0,91028,0
88516,91028,0,91009,0
88516,91009,0,91018,0
88516,91018,0,90999,0
88516,90999,0,91596,0
88516,91596,0,90987,0
88516,90987,0,90974,0
88516,90974,0,91575,0
88516,91575,0,91024,0
88516,91024,0,91008,0
88516,91008,0,91036,0
88516,91036,0,91025,0
88516,91025,0,90998,0
88516,90998,0,91044,0
88516,91044,0,90984,0
88516,90984,0,107930,0
88516,107930,0,90106,0
88516,90106,0,90107,0
88516,90107,0,90108,0
88516,90108,0,90175,0
88516,90175,0,90178,0
88516,90178,0,90210,0
88516,90210,0,89986,0
88516,89986,0,90174,0
88516,90174,0,90223,0
88516,90223,0,90407,1
88516,90407,1,51174,1
88516,51174,1,84993,0
88516,84993,0,84979,0
88516,84979,0,84981,1
88516,84981,1,84611,0
88516,84611,0,85113,0
88516,85113,0,84609,0
88516,84609,0,85037,1
88516,85037,1,85068,0
88516,85068,0,85086,1
88516,85086,1,87553,0
88516,87553,0,87578,0
88516,87578,0,87545,0
88516,87545,0,87472,0
88516,87472,0,87528,0
88516,87528,0,87611,0
88516,87611,0,87482,0
88516,87482,0,87721,0
88516,87721,0,87806,0
88516,87806,0,87693,0
88516,87693,0,87736,0
88516,87736,0,87720,0
88516,87720,0,87767,0
88516,87767,0,87838,0
88516,87838,0,87526,0
88516,87526,0,87488,0
88516,87488,0,87483,0
88516,87483,0,87511,0
88516,87511,0,87617,0
88516,87617,0,87612,0
88516,87612,0,87812,0
88516,87812,0,87713,0
88516,87713,0,87814,1
88516,87814,1,87808,0
88516,87808,0,87715,1
88516,87715,1,87818,1
88516,87818,1,87556,1
88516,87556,1,87734,0
88516,87734,0,87771,1
88516,87771,1,97583,0
88516,97583,0,97659,0
88516,97659,0,97743,0
88516,97743,0,97744,1
88516,97744,1,97745,0
88516,97745,0,97746,0
88516,97746,0,97535,0
88516,97535,0,89987,0
88516,89987,0,89988,0
88516,89988,0,119343,0
88516,119343,0,119344,0
88516,119344,0,119345,1
88516,119345,1,48870,0
88516,48870,0,48871,0
88516,48871,0,48872,0
88516,48872,0,49057,0
88516,49057,0,49058,0
88516,49058,0,49059,0
88516,49059,0,49069,0
88516,49069,0,49070,0
88516,49070,0,49071,0
88516,49071,0,48898,1
88516,48898,1,48899,0
88516,48899,0,48900,0
88516,48900,0,49005,1
88516,49005,1,49006,0
88516,49006,0,49007,0
88516,49007,0,57067,1
88516,57067,1,57068,0
88516,57068,0,57121,0
88516,57121,0,57122,0
88516,57122,0,57058,1
88516,57058,1,57059,0
88516,57059,0,57088,1
88516,57088,1,57089,0
88516,57089,0,107931,0
88517,49060,0,48897,0
88517,48897,0,48865,0
88517,48865,0,49036,0
88517,49036,0,49060,0
88517,49060,0,48897,0
88517,48897,0,48865,0
88517,48865,0,49036,0
88517,49036,0,119364,0
88517,119364,0,119298,0
88517,119298,0,119299,0
88517,119299,0,119300,0
88517,119300,0,119301,0
88517,119301,0,119302,0
88517,119302,0,119241,0
88517,119241,0,119367,0
88517,119367,0,119358,0
88517,119358,0,119238,0
88517,119238,0,119363,0
88517,119363,0,119362,0
88517,119362,0,119310,0
88517,119310,0,119253,0
88517,119253,0,88953,0
88517,88953,0,88877,0
88517,88877,0,89033,0
88517,89033,0,89025,0
88517,89025,0,88870,0
88517,88870,0,88923,0
88517,88923,0,88933,0
88517,88933,0,84970,0
88517,84970,0,84723,0
88517,84723,0,84784,0
88517,84784,0,84912,0
88517,84912,0,84925,0
88517,84925,0,84913,0
88517,84913,0,84746,0
88517,84746,0,85890,0
88517,85890,0,85872,0
88517,85872,0,85868,0
88517,85868,0,85822,0
88517,85822,0,85806,0
88517,85806,0,85814,0
88517,85814,0,85807,1
88517,85807,1,49301,0
88517,49301,0,49302,0
88517,49302,0,49303,0
88517,49303,0,49337,0
88517,49337,0,49338,1
88517,49338,1,49339,0
88517,49339,0,49307,0
88517,49307,0,49308,0
88517,49308,0,49309,0
88517,49309,0,49292,0
88517,49292,0,49293,0
88517,49293,0,49294,0
88517,49294,0,49334,0
88517,49334,0,49335,0
88517,49335,0,49336,0
88517,49336,0,49331,0
88517,49331,0,49332,0
88517,49332,0,49333,0
88517,49333,0,49379,0
88517,49379,0,49380,0
88517,49380,0,49381,0
88517,49381,0,49310,0
88517,49310,0,49311,0
88517,49311,0,49312,0
88517,49312,0,49304,0
88517,49304,0,49305,0
88517,49305,0,49306,0
88517,49306,0,49370,0
88517,49370,0,49371,0
88517,49371,0,49372,0
88517,49372,0,49301,0
88517,49301,0,49302,0
88517,49302,0,49303,0
88517,49303,0,49337,0
88517,49337,0,49338,1
88517,49338,1,49339,0
88517,49339,0,49307,0
88517,49307,0,49308,0
88517,49308,0,49309,0
88517,49309,0,49292,0
88517,49292,0,49293,0
88517,49293,0,49294,0
88517,49294,0,49334,0
88517,49334,0,49335,0
88517,49335,0,49336,0
88517,49336,0,49331,0
88517,49331,0,49332,0
88517,49332,0,49333,0
88517,49333,0,49379,0
88517,49379,0,49380,0
88517,49380,0,49381,0
88517,49381,0,49310,0
88517,49310,0,49311,0
88517,49311,0,49312,0
88517,49312,0,49304,0
88517,49304,0,49305,0
88517,49305,0,49306,0
88517,49306,0,49370,0
88517,49370,0,49371,0
88517,49371,0,49372,0
88517,49372,0,90564,0
88517,90564,0,90696,0
88517,90696,0,94093,0
88517,94093,0,94070,0
88517,94070,0,90687,0
88517,90687,0,94915,0
88517,94915,0,94077,0
88517,94077,0,90659,0
88517,90659,0,90651,0
88517,90651,0,90422,0
88517,90422,0,90498,0
88517,90498,0,90706,0
88517,90706,0,90362,0
88517,90362,0,90440,1
88517,90440,1,90019,0
88517,90019,0,90204,0
88517,90204,0,90225,1
88517,90225,1,90174,1
88517,90174,1,90230,0
88517,90230,0,90183,0
88517,90183,0,66789,0
88517,66789,0,66790,0
88517,66790,0,66791,0
88517,66791,0,66822,0
88517,66822,0,66823,0
88517,66823,0,66824,0
88517,66824,0,51144,1
88517,51144,1,51189,0
88517,51189,0,66795,0
88517,66795,0,66796,0
88517,66796,0,66797,0
88517,66797,0,84982,0
88517,84982,0,85110,0
88517,85110,0,84597,0
88517,84597,0,87478,0
88517,87478,0,87631,0
88517,87631,0,87493,0
88517,87493,0,87497,0
88517,87497,0,87485,0
88517,87485,0,87524,0
88517,87524,0,87472,0
88517,87472,0,87839,0
88517,87839,0,87738,0
88517,87738,0,87863,0
88517,87863,0,87734,0
88517,87734,0,87816,0
88517,87816,0,87805,0
88517,87805,0,87821,0
88517,87821,0,90652,0
88517,90652,0,90653,0
88517,90653,0,90423,1
88517,90423,1,90424,0
88517,90424,0,90499,0
88517,90499,0,90500,0
88517,90500,0,90707,1
88517,90707,1,90708,1
88517,90708,1,90363,0
88517,90363,0,90364,0
88517,90364,0,90020,0
88517,90020,0,90021,0
88517,90021,0,49061,0
88517,49061,0,49062,0
88517,49062,0,49063,0
88517,49063,0,48898,1
88517,48898,1,48899,0
88517,48899,0,48900,0
88517,48900,0,48866,0
88517,48866,0,48867,0
88517,48867,0,48868,0
88517,48868,0,49037,0
88517,49037,0,49038,0
88517,49038,0,49039,0
88518,48865,0,49064,1
88518,49064,1,48873,1
88518,48873,1,49032,1
88518,49032,1,57045,1
88518,57045,1,57111,1
88518,57111,1,48865,0
88518,48865,0,49064,1
88518,49064,1,48873,1
88518,48873,1,49032,1
88518,49032,1,57045,1
88518,57045,1,57111,1
88518,57111,1,119379,0
88518,119379,0,119247,0
88518,119247,0,119241,0
88518,119241,0,119359,0
88518,119359,0,119338,0
88518,119338,0,119273,0
88518,119273,0,119274,0
88518,119274,0,119275,0
88518,119275,0,119276,0
88518,119276,0,119277,0
88518,119277,0,88891,1
88518,88891,1,85741,0
88518,85741,0,85701,0
88518,85701,0,85704,0
88518,85704,0,85751,1
88518,85751,1,85702,0
88518,85702,0,85703,1
88518,85703,1,85710,1
88518,85710,1,49295,0
88518,49295,0,49296,0
88518,49296,0,49297,0
88518,49297,0,49319,0
88518,49319,0,49320,0
88518,49320,0,49321,0
88518,49321,0,49367,0
88518,49367,0,49368,0
88518,49368,0,49369,0
88518,49369,0,49340,0
88518,49340,0,49341,0
88518,49341,0,49342,0
88518,49342,0,49349,0
88518,49349,0,49350,0
88518,49350,0,49351,0
88518,49351,0,49379,0
88518,49379,0,49380,0
88518,49380,0,49381,0
88518,49381,0,49373,0
88518,49373,0,49374,0
88518,49374,0,49375,0
88518,49375,0,49358,0
88518,49358,0,49359,0
88518,49359,0,49360,0
88518,49360,0,49337,0
88518,49337,0,49338,0
88518,49338,0,49339,0
88518,49339,0,49331,0
88518,49331,0,49332,0
88518,49332,0,49333,0
88518,49333,0,90759,0
88518,90759,0,91502,0
88518,91502,0,94948,0
88518,94948,0,94071,0
88518,94071,0,90766,0
88518,90766,0,91486,0
88518,91486,0,94924,0
88518,94924,0,49295,0
88518,49295,0,49296,0
88518,49296,0,49297,0
88518,49297,0,49319,0
88518,49319,0,49320,0
88518,49320,0,49321,0
88518,49321,0,49367,0
88518,49367,0,49368,0
88518,49368,0,49369,0
88518,49369,0,49340,0
88518,49340,0,49341,0
88518,49341,0,49342,0
88518,49342,0,49349,0
88518,49349,0,49350,0
88518,49350,0,49351,0
88518,49351,0,49379,0
88518,49379,0,49380,0
88518,49380,0,49381,0
88518,49381,0,49373,0
88518,49373,0,49374,0
88518,49374,0,49375,0
88518,49375,0,49358,0
88518,49358,0,49359,0
88518,49359,0,49360,0
88518,49360,0,49337,0
88518,49337,0,49338,0
88518,49338,0,49339,0
88518,49339,0,49331,0
88518,49331,0,49332,0
88518,49332,0,49333,0
88518,49333,0,90055,0
88518,90055,0,90007,1
88518,90007,1,90139,1
88518,90139,1,90187,0
88518,90187,0,90176,1
88518,90176,1,90158,1
88518,90158,1,90082,0
88518,90082,0,90083,0
88518,90083,0,90084,1
88518,90084,1,90356,0
88518,90356,0,90578,0
88518,90578,0,90633,0
88518,90633,0,90492,1
88518,90492,1,90531,1
88518,90531,1,90645,1
88518,90645,1,66828,1
88518,66828,1,84994,0
88518,84994,0,84997,0
88518,84997,0,84983,0
88518,84983,0,84616,0
88518,84616,0,85119,0
88518,85119,0,85071,0
88518,85071,0,85031,1
88518,85031,1,97675,0
88518,97675,0,90056,1
88518,90056,1,90057,1
88518,90057,1,90357,0
88518,90357,0,90358,1
88518,90358,1,90579,0
88518,90579,0,90580,0
88518,90580,0,90634,0
88518,90634,0,90635,1
88518,90635,1,119339,0
88518,119339,0,119340,0
88518,119340,0,119341,0
88518,119341,0,48866,0
88518,48866,0,48867,0
88518,48867,0,48868,0
88589,49012,0,48865,0
88589,48865,0,49036,0
88589,49036,0,49064,0
88589,49064,0,57069,0
88589,57069,0,57057,0
88589,57057,0,57048,0
88589,57048,0,57066,0
88589,57066,0,57114,0
88589,57114,0,48600,0
88589,48600,0,48571,0
88589,48571,0,48605,0
88589,48605,0,48596,0
88589,48596,0,48576,0
88589,48576,0,48597,0
88589,48597,0,49056,0
88589,49056,0,48881,0
88589,48881,0,48877,0
88589,48877,0,48885,0
88589,48885,0,49060,0
88589,49060,0,49020,0
88589,49020,0,49000,0
88589,49000,0,49012,0
88589,49012,0,48865,0
88589,48865,0,49036,0
88589,49036,0,49064,0
88589,49064,0,49056,0
88589,49056,0,48881,0
88589,48881,0,48877,0
88589,48877,0,48885,0
88589,48885,0,49060,0
88589,49060,0,49020,0
88589,49020,0,49000,0
88589,49000,0,57069,0
88589,57069,0,57057,0
88589,57057,0,57048,0
88589,57048,0,57066,0
88589,57066,0,57114,0
88589,57114,0,119254,0
88589,119254,0,119374,0
88589,119374,0,119346,0
88589,119346,0,119362,0
88589,119362,0,119242,0
88589,119242,0,119322,0
88589,119322,0,119372,0
88589,119372,0,119256,0
88589,119256,0,119367,0
88589,119367,0,119373,0
88589,119373,0,119238,0
88589,119238,0,119273,0
88589,119273,0,119274,0
88589,119274,0,119275,0
88589,119275,0,119276,0
88589,119276,0,119277,0
88589,119277,0,119318,0
88589,119318,0,119342,0
88589,119342,0,119371,0
88589,119371,0,119250,0
88589,119250,0,119249,0
88589,119249,0,119303,0
88589,119303,0,119304,0
88589,119304,0,119305,0
88589,119305,0,119306,0
88589,119306,0,119307,0
88589,119307,0,119310,0
88589,119310,0,119370,0
88589,119370,0,84971,0
88589,84971,0,84913,0
88589,84913,0,84742,0
88589,84742,0,84916,0
88589,84916,0,84954,0
88589,84954,0,84728,0
88589,84728,0,84883,0
88589,84883,0,85847,0
88589,85847,0,85857,1
88589,85857,1,85815,1
88589,85815,1,85802,1
88589,85802,1,84837,0
88589,84837,0,84740,0
88589,84740,0,84959,0
88589,84959,0,84911,0
88589,84911,0,48600,0
88589,48600,0,48571,0
88589,48571,0,48605,0
88589,48605,0,48596,0
88589,48596,0,48576,0
88589,48576,0,48597,0
88589,48597,0,49343,0
88589,49343,0,49344,0
88589,49344,0,49345,0
88589,49345,0,49376,0
88589,49376,0,49377,0
88589,49377,0,49378,0
88589,49378,0,49319,0
88589,49319,0,49320,0
88589,49320,0,49321,0
88589,49321,0,49361,0
88589,49361,0,49362,0
88589,49362,0,49363,0
88589,49363,0,49367,0
88589,49367,0,49368,0
88589,49368,0,49369,0
88589,49369,0,49313,0
88589,49313,0,49314,0
88589,49314,0,49315,0
88589,49315,0,49322,0
88589,49322,0,49323,0
88589,49323,0,49324,0
88589,49324,0,49337,0
88589,49337,0,49338,0
88589,49338,0,49339,0
88589,49339,0,49349,0
88589,49349,0,49350,0
88589,49350,0,49351,0
88589,49351,0,49292,0
88589,49292,0,49293,0
88589,49293,0,49294,0
88589,49294,0,49364,0
88589,49364,0,49365,0
88589,49365,0,49366,0
88589,49366,0,49313,0
88589,49313,0,49314,0
88589,49314,0,49315,0
88589,49315,0,49316,0
88589,49316,0,49317,0
88589,49317,0,49318,0
88589,49318,0,49376,0
88589,49376,0,49377,0
88589,49377,0,49378,0
88589,49378,0,49340,0
88589,49340,0,49341,0
88589,49341,0,49342,0
88589,49342,0,49373,0
88589,49373,0,49374,0
88589,49374,0,49375,0
88589,49375,0,49307,0
88589,49307,0,49308,0
88589,49308,0,49309,0
88589,49309,0,49358,0
88589,49358,0,49359,0
88589,49359,0,49360,0
88589,49360,0,49334,0
88589,49334,0,49335,0
88589,49335,0,49336,0
88589,49336,0,48494,0
88589,48494,0,48495,0
88589,48495,0,48496,0
88589,48496,0,94918,0
88589,94918,0,90687,0
88589,90687,0,94938,0
88589,94938,0,91496,0
88589,91496,0,94949,0
88589,94949,0,94067,0
88589,94067,0,90765,0
88589,90765,0,49343,0
88589,49343,0,49344,0
88589,49344,0,49345,0
88589,49345,0,49376,0
88589,49376,0,49377,0
88589,49377,0,49378,0
88589,49378,0,49319,0
88589,49319,0,49320,0
88589,49320,0,49321,0
88589,49321,0,49361,0
88589,49361,0,49362,0
88589,49362,0,49363,0
88589,49363,0,49367,0
88589,49367,0,49368,0
88589,49368,0,49369,0
88589,49369,0,49313,0
88589,49313,0,49314,0
88589,49314,0,49315,0
88589,49315,0,49322,0
88589,49322,0,49323,0
88589,49323,0,49324,0
88589,49324,0,49337,0
88589,49337,0,49338,0
88589,49338,0,49339,0
88589,49339,0,49349,0
88589,49349,0,49350,0
88589,49350,0,49351,0
88589,49351,0,49292,0
88589,49292,0,49293,0
88589,49293,0,49294,0
88589,49294,0,55819,0
88589,55819,0,55820,0
88589,55820,0,55821,0
88589,55821,0,55783,0
88589,55783,0,55784,0
88589,55784,0,55785,0
88589,55785,0,55921,0
88589,55921,0,55922,0
88589,55922,0,55923,0
88589,55923,0,55792,0
88589,55792,0,55793,0
88589,55793,0,55794,0
88589,55794,0,55963,0
88589,55963,0,55964,0
88589,55964,0,55965,0
88589,55965,0,49364,0
88589,49364,0,49365,0
88589,49365,0,49366,0
88589,49366,0,49313,0
88589,49313,0,49314,0
88589,49314,0,49315,0
88589,49315,0,49316,0
88589,49316,0,49317,0
88589,49317,0,49318,0
88589,49318,0,49376,0
88589,49376,0,49377,0
88589,49377,0,49378,0
88589,49378,0,49340,0
88589,49340,0,49341,0
88589,49341,0,49342,0
88589,49342,0,49373,0
88589,49373,0,49374,0
88589,49374,0,49375,0
88589,49375,0,49307,0
88589,49307,0,49308,0
88589,49308,0,49309,0
88589,49309,0,49358,0
88589,49358,0,49359,0
88589,49359,0,49360,0
88589,49360,0,49334,0
88589,49334,0,49335,0
88589,49335,0,49336,0
88589,49336,0,48494,0
88589,48494,0,48495,0
88589,48495,0,48496,0
88589,48496,0,90073,0
88589,90073,0,90074,0
88589,90074,0,90075,0
88589,90075,0,90206,0
88589,90206,0,90229,0
88589,90229,0,90234,0
88589,90234,0,90001,0
88589,90001,0,90228,0
88589,90228,0,90013,0
88589,90013,0,90377,0
88589,90377,0,90314,0
88589,90314,0,90344,0
88589,90344,0,90479,0
88589,90479,0,90588,0
88589,90588,0,90434,0
88589,90434,0,90425,0
88589,90425,0,90159,0
88589,90159,0,90152,0
88589,90152,0,90210,0
88589,90210,0,90103,0
88589,90103,0,90104,0
88589,90104,0,90105,0
88589,90105,0,89971,0
88589,89971,0,90145,0
88589,90145,0,90146,0
88589,90146,0,90147,0
88589,90147,0,89989,0
88589,89989,0,90389,0
88589,90389,0,90603,0
88589,90603,0,90395,0
88589,90395,0,90377,0
88589,90377,0,90636,0
88589,90636,0,90440,0
88589,90440,0,90374,0
88589,90374,0,66825,0
88589,66825,0,66826,0
88589,66826,0,66827,0
88589,66827,0,66801,0
88589,66801,0,66802,0
88589,66802,0,66803,0
88589,66803,0,51174,0
88589,51174,0,66816,0
88589,66816,0,66817,0
88589,66817,0,66818,0
88589,66818,0,51207,0
88589,51207,0,84609,0
88589,84609,0,84600,0
88589,84600,0,84617,0
88589,84617,0,84979,0
88589,84979,0,84616,0
88589,84616,0,84985,0
88589,84985,0,51201,0
88589,51201,0,51180,0
88589,51180,0,66792,0
88589,66792,0,66793,0
88589,66793,0,66794,0
88589,66794,0,51210,0
88589,51210,0,66834,0
88589,66834,0,66835,0
88589,66835,0,66836,0
88589,66836,0,66810,0
88589,66810,0,66811,0
88589,66811,0,66812,0
88589,66812,0,51171,0
88589,51171,0,84992,0
88589,84992,0,84599,0
88589,84599,0,84611,0
88589,84611,0,66840,0
88589,66840,0,66841,0
88589,66841,0,66842,0
88589,66842,0,85034,0
88589,85034,0,84641,0
88589,84641,0,85028,0
88589,85028,0,87615,0
88589,87615,0,87499,0
88589,87499,0,87491,0
88589,87491,0,87496,0
88589,87496,0,87607,0
88589,87607,0,87580,0
88589,87580,0,87545,0
88589,87545,0,87699,0
88589,87699,0,87868,0
88589,87868,0,87772,0
88589,87772,0,87771,0
88589,87771,0,87733,0
88589,87733,0,87792,0
88589,87792,0,97595,0
88589,97595,0,97659,0
88589,97659,0,97667,0
88589,97667,0,97668,0
88589,97668,0,97669,0
88589,97669,0,97670,0
88589,97670,0,97671,0
88589,97671,0,97672,0
88589,97672,0,97673,1
88589,97673,1,97674,0
88589,97674,0,107681,0
88589,107681,0,55819,0
88589,55819,0,55820,0
88589,55820,0,55821,0
88589,55821,0,55783,0
88589,55783,0,55784,0
88589,55784,0,55785,0
88589,55785,0,55921,0
88589,55921,0,55922,0
88589,55922,0,55923,0
88589,55923,0,55792,0
88589,55792,0,55793,0
88589,55793,0,55794,0
88589,55794,0,55963,0
88589,55963,0,55964,0
88589,55964,0,55965,0
88589,55965,0,90002,0
88589,90002,0,90003,0
88589,90003,0,90014,0
88589,90014,0,90015,0
88589,90015,0,90378,0
88589,90378,0,90379,0
88589,90379,0,90315,0
88589,90315,0,90316,0
88589,90316,0,90345,0
88589,90345,0,90346,0
88589,90346,0,90480,0
88589,90480,0,90482,0
88589,90482,0,90589,0
88589,90589,0,90590,0
88589,90590,0,90435,0
88589,90435,0,90436,0
88589,90436,0,90426,0
88589,90426,0,90427,0
88589,90427,0,89972,0
88589,89972,0,89973,0
88589,89973,0,89990,0
88589,89990,0,89991,0
88589,89991,0,90390,0
88589,90390,0,90391,0
88589,90391,0,90604,0
88589,90604,0,90605,0
88589,90605,0,90396,0
88589,90396,0,90397,0
88589,90397,0,90378,0
88589,90378,0,90379,0
88589,90379,0,90637,0
88589,90637,0,90638,0
88589,90638,0,90441,0
88589,90441,0,90442,0
88589,90442,0,90375,0
88589,90375,0,90376,0
88589,90376,0,119347,0
88589,119347,0,119348,0
88589,119348,0,119349,0
88589,119349,0,119323,0
88589,119323,0,119324,0
88589,119324,0,119325,0
88589,119325,0,49013,0
88589,49013,0,49014,0
88589,49014,0,49015,0
88589,49015,0,48866,0
88589,48866,0,48867,0
88589,48867,0,48868,0
88589,48868,0,49037,0
88589,49037,0,49038,0
88589,49038,0,49039,0
88589,49039,0,49065,0
88589,49065,0,49066,0
88589,49066,0,49067,0
88589,49067,0,57070,0
88589,57070,0,57071,0
88589,57071,0,57058,1
88589,57058,1,57059,0
88589,57059,0,57049,0
88589,57049,0,57050,0
88589,57050,0,57067,0
88589,57067,0,57068,0
88589,57068,0,57115,0
88589,57115,0,57116,0
88589,57116,0,119319,0
88589,119319,0,119320,0
88589,119320,0,119321,0
88589,119321,0,119343,0
88589,119343,0,119344,0
88589,119344,0,119345,0
88589,119345,0,49057,0
88589,49057,0,49058,0
88589,49058,0,49059,0
88589,49059,0,48882,0
88589,48882,0,48883,0
88589,48883,0,48884,0
88589,48884,0,48878,0
88589,48878,0,48879,0
88589,48879,0,48880,0
88589,48880,0,48886,0
88589,48886,0,48887,0
88589,48887,0,48888,0
88589,48888,0,49061,0
88589,49061,0,49062,0
88589,49062,0,49063,0
88589,49063,0,49021,0
88589,49021,0,49022,0
88589,49022,0,49023,0
88589,49023,0,49001,0
88589,49001,0,49002,0
88589,49002,0,49003,0
88643,48893,1,49060,1
88643,49060,1,57120,1
88643,57120,1,57117,1
88643,57117,1,48638,1
88643,48638,1,48893,1
88643,48893,1,49060,1
88643,49060,1,57120,1
88643,57120,1,57117,1
88643,57117,1,119370,0
88643,119370,0,119378,0
88643,119378,0,119338,1
88643,119338,1,119360,0
88643,119360,0,119248,0
88643,119248,0,119334,1
88643,119334,1,119383,0
88643,119383,0,119318,1
88643,119318,1,119263,0
88643,119263,0,119264,0
88643,119264,0,119265,1
88643,119265,1,119266,0
88643,119266,0,119267,1
88643,119267,1,119309,1
88643,119309,1,119247,1
88643,119247,1,119373,0
88643,119373,0,119380,0
88643,119380,0,119293,1
88643,119293,1,119386,1
88643,119386,1,119298,1
88643,119298,1,119361,1
88643,119361,1,119288,1
88643,119288,1,84954,0
88643,84954,0,84928,1
88643,84928,1,84838,0
88643,84838,0,84881,1
88643,84881,1,84722,1
88643,84722,1,84918,1
88643,84918,1,85890,0
88643,85890,0,85794,0
88643,85794,0,85867,0
88643,85867,0,85884,1
88643,85884,1,85841,1
88643,85841,1,85848,1
88643,85848,1,48638,1
88643,48638,1,49352,0
88643,49352,0,49353,0
88643,49353,0,49354,0
88643,49354,0,49292,0
88643,49292,0,49293,0
88643,49293,0,49294,0
88643,49294,0,49361,0
88643,49361,0,49362,0
88643,49362,0,49367,0
88643,49367,0,49368,0
88643,49368,0,49369,0
88643,49369,0,49325,0
88643,49325,0,49326,0
88643,49326,0,49327,0
88643,49327,0,49376,0
88643,49376,0,49377,0
88643,49377,0,49378,0
88643,49378,0,49352,0
88643,49352,0,49353,0
88643,49353,0,49354,0
88643,49354,0,49292,0
88643,49292,0,49293,0
88643,49293,0,49294,0
88643,49294,0,49361,0
88643,49361,0,49362,0
88643,49362,0,91501,0
88643,91501,0,94096,0
88643,94096,0,90614,0
88643,90614,0,49367,0
88643,49367,0,49368,0
88643,49368,0,49369,0
88643,49369,0,49325,0
88643,49325,0,49326,0
88643,49326,0,49327,0
88643,49327,0,49376,0
88643,49376,0,49377,0
88643,49377,0,49378,0
88643,49378,0,66825,0
88643,66825,0,66826,0
88643,66826,0,66827,0
88643,66827,0,51213,1
88643,51213,1,51186,1
88643,51186,1,51153,1
88643,51153,1,84632,1
88643,84632,1,87498,0
88643,87498,0,87558,1
88643,87558,1,87502,0
88643,87502,0,87631,0
88643,87631,0,97687,0
88643,97687,0,97623,0
88643,97623,0,97624,0
88644,48873,0,49016,1
88644,49016,1,49060,0
88644,49060,0,48893,0
88644,48893,0,49044,0
88644,49044,0,48889,1
88644,48889,1,49056,1
88644,49056,1,48873,0
88644,48873,0,49016,1
88644,49016,1,49060,0
88644,49060,0,48893,0
88644,48893,0,49044,0
88644,49044,0,48889,1
88644,48889,1,49056,1
88644,49056,1,119239,1
88644,119239,1,119371,1
88644,119371,1,119372,1
88644,119372,1,119360,0
88644,119360,0,119376,1
88644,119376,1,119358,1
88644,119358,1,119311,1
88644,119311,1,119326,0
88644,119326,0,119251,0
88644,119251,0,119309,0
88644,119309,0,119361,1
88644,119361,1,119386,0
88644,119386,0,119257,0
88644,119257,0,119322,0
88644,119322,0,119377,1
88644,119377,1,119298,0
88644,119298,0,119299,0
88644,119299,0,119300,1
88644,119300,1,119301,1
88644,119301,1,119302,0
88644,119302,0,119342,0
88644,119342,0,88900,0
88644,88900,0,89030,0
88644,89030,0,88915,0
88644,88915,0,88920,1
88644,88920,1,88911,1
88644,88911,1,88870,1
88644,88870,1,88913,0
88644,88913,0,89037,0
88644,89037,0,88921,0
88644,88921,0,89038,1
88644,89038,1,88890,1
88644,88890,1,88932,1
88644,88932,1,91303,0
88644,91303,0,91341,0
88644,91341,0,91248,0
88644,91248,0,91281,0
88644,91281,0,91262,0
88644,91262,0,84884,0
88644,84884,0,84961,0
88644,84961,0,84929,0
88644,84929,0,84788,0
88644,84788,0,84918,0
88644,84918,0,84922,0
88644,84922,0,84728,0
88644,84728,0,85824,0
88644,85824,0,85879,0
88644,85879,0,85876,0
88644,85876,0,85822,1
88644,85822,1,85867,0
88644,85867,0,85886,1
88644,85886,1,85823,1
88644,85823,1,84834,1
88644,84834,1,84912,0
88644,84912,0,84925,0
88644,84925,0,84781,0
88644,84781,0,84780,0
88644,84780,0,84975,0
88644,84975,0,85816,1
88644,85816,1,84746,1
88644,84746,1,84944,0
88644,84944,0,84963,1
88644,84963,1,84926,0
88644,84926,0,85697,0
88644,85697,0,85729,1
88644,85729,1,85734,0
88644,85734,0,85712,0
88644,85712,0,85699,1
88644,85699,1,85749,0
88644,85749,0,85710,1
88644,85710,1,49373,0
88644,49373,0,49374,1
88644,49374,1,49375,0
88644,49375,0,49343,0
88644,49343,0,49344,1
88644,49344,1,49345,0
88644,49345,0,49313,0
88644,49313,0,90702,0
88644,90702,0,90742,0
88644,90742,0,91488,0
88644,91488,0,90697,0
88644,90697,0,94933,0
88644,94933,0,94091,0
88644,94091,0,90570,0
88644,90570,0,94093,1
88644,94093,1,49373,0
88644,49373,0,49374,1
88644,49374,1,49375,0
88644,49375,0,49343,0
88644,49343,0,49344,1
88644,49344,1,49345,0
88644,49345,0,49313,0
88644,49313,0,90772,0
88644,90772,0,94065,0
88644,94065,0,90788,0
88644,90788,0,91499,0
88644,91499,0,90701,0
88644,90701,0,90669,0
88644,90669,0,94061,0
88644,94061,0,90747,0
88644,90747,0,90744,0
88644,90744,0,94931,0
88644,94931,0,91510,1
88644,91510,1,91575,0
88644,91575,0,91009,0
88644,91009,0,90996,0
88644,90996,0,91041,0
88644,91041,0,90999,0
88644,90999,0,91003,0
88644,91003,0,90326,0
88644,90326,0,90329,0
88644,90329,0,90588,0
88644,90588,0,90688,1
88644,90688,1,90434,1
88644,90434,1,90431,1
88644,90431,1,90186,0
88644,90186,0,90094,0
88644,90094,0,90095,1
88644,90095,1,90096,1
88644,90096,1,90049,1
88644,90049,1,90182,0
88644,90182,0,90118,0
88644,90118,0,90119,1
88644,90119,1,90120,1
88644,90120,1,90233,1
88644,90233,1,90210,1
88644,90210,1,51138,0
88644,51138,0,51213,0
88644,51213,0,51171,0
88644,51171,0,51162,1
88644,51162,1,51159,1
88644,51159,1,66831,0
88644,66831,0,66832,0
88644,66832,0,66833,0
88644,66833,0,51177,1
88644,51177,1,85077,1
88644,85077,1,87477,1
88644,87477,1,87837,1
88644,87837,1,90327,0
88644,90327,0,90328,0
88644,90328,0,90330,1
88644,90330,1,90331,1
88644,90331,1,90589,0
88644,90589,0,90590,0
88644,90590,0,119327,0
88644,119327,0,119328,0
88644,119328,0,119329,0
88644,119329,0,48874,0
88644,48874,0,48875,1
88644,48875,1,48876,0
88644,48876,0,49061,1
88644,49061,1,49062,0
88644,49062,0,49063,1
88644,49063,1,48894,1
88644,48894,1,48895,0
88644,48895,0,48896,0
88644,48896,0,49045,1
88644,49045,1,49046,0
88644,49046,0,49047,1
88644,49047,1,119323,0
88644,119323,0,119324,0
88644,119324,0,119325,1
88688,57063,0,57099,0
88688,57099,0,57102,0
88688,57102,0,57117,0
88688,57117,0,57108,0
88688,57108,0,49024,0
88688,49024,0,48897,0
88688,48897,0,48893,0
88688,48893,0,48712,0
88688,48712,0,48659,0
88688,48659,0,48622,0
88688,48622,0,48576,0
88688,48576,0,48537,0
88688,48537,0,48703,0
88688,48703,0,48623,0
88688,48623,0,49024,0
88688,49024,0,48897,0
88688,48897,0,48893,0
88688,48893,0,57063,0
88688,57063,0,57099,0
88688,57099,0,57102,0
88688,57102,0,57117,0
88688,57117,0,57108,0
88688,57108,0,119308,0
88688,119308,0,119364,0
88688,119364,0,119288,0
88688,119288,0,119289,0
88688,119289,0,119290,0
88688,119290,0,119291,0
88688,119291,0,119292,0
88688,119292,0,119283,0
88688,119283,0,119284,1
88688,119284,1,119285,0
88688,119285,0,119286,0
88688,119286,0,119287,0
88688,119287,0,119375,0
88688,119375,0,119254,0
88688,119254,0,119241,0
88688,119241,0,119311,0
88688,119311,0,119246,0
88688,119246,0,119268,0
88688,119268,0,119269,0
88688,119269,0,119270,0
88688,119270,0,119271,0
88688,119271,0,119272,0
88688,119272,0,48712,0
88688,48712,0,48659,0
88688,48659,0,48622,0
88688,48622,0,48576,0
88688,48576,0,48537,0
88688,48537,0,48703,0
88688,48703,0,48623,0
88688,48623,0,49343,0
88688,49343,0,49344,0
88688,49344,0,49345,0
88688,49345,0,49328,0
88688,49328,0,49329,0
88688,49329,0,49330,0
88688,49330,0,49376,0
88688,49376,0,49377,0
88688,49377,0,49378,0
88688,49378,0,49319,0
88688,49319,0,49320,0
88688,49320,0,49321,0
88688,49321,0,49361,0
88688,49361,0,49362,0
88688,49362,0,49363,0
88688,49363,0,49325,0
88688,49325,0,49326,0
88688,49326,0,49327,0
88688,49327,0,49316,0
88688,49316,0,49317,0
88688,49317,0,49318,0
88688,49318,0,49322,0
88688,49322,0,49323,0
88688,49323,0,49324,0
88688,49324,0,49358,0
88688,49358,0,49359,0
88688,49359,0,49360,0
88688,49360,0,49313,0
88688,49313,0,49314,0
88688,49314,0,49315,0
88688,49315,0,49373,0
88688,49373,0,49374,0
88688,49374,0,49375,0
88688,49375,0,49361,0
88688,49361,0,49362,0
88688,49362,0,49363,0
88688,49363,0,49301,0
88688,49301,0,49302,0
88688,49302,0,49303,0
88688,49303,0,49352,0
88688,49352,0,49353,0
88688,49353,0,49354,0
88688,49354,0,49319,0
88688,49319,0,49320,0
88688,49320,0,49321,0
88688,49321,0,49376,0
88688,49376,0,49377,0
88688,49377,0,49378,0
88688,49378,0,49304,0
88688,49304,0,49305,0
88688,49305,0,49306,0
88688,49306,0,49328,0
88688,49328,0,49329,0
88688,49329,0,49330,0
88688,49330,0,49298,0
88688,49298,0,49299,0
88688,49299,0,49300,0
88688,49300,0,49307,0
88688,49307,0,49308,0
88688,49308,0,49309,0
88688,49309,0,94932,0
88688,94932,0,94078,0
88688,94078,0,90771,0
88688,90771,0,90613,0
88688,90613,0,94934,0
88688,94934,0,91491,0
88688,91491,0,90607,0
88688,90607,0,49343,0
88688,49343,0,49344,0
88688,49344,0,49345,0
88688,49345,0,49328,0
88688,49328,0,49329,0
88688,49329,0,49330,0
88688,49330,0,49376,0
88688,49376,0,49377,0
88688,49377,0,49378,0
88688,49378,0,49319,0
88688,49319,0,49320,0
88688,49320,0,49321,0
88688,49321,0,49361,0
88688,49361,0,49362,0
88688,49362,0,49363,0
88688,49363,0,49325,0
88688,49325,0,49326,0
88688,49326,0,49327,0
88688,49327,0,49316,0
88688,49316,0,49317,0
88688,49317,0,49318,0
88688,49318,0,49322,0
88688,49322,0,49323,0
88688,49323,0,49324,0
88688,49324,0,49358,0
88688,49358,0,49359,0
88688,49359,0,49360,0
88688,49360,0,49313,0
88688,49313,0,49314,0
88688,49314,0,49315,0
88688,49315,0,55825,0
88688,55825,0,55826,0
88688,55826,0,55827,0
88688,55827,0,55921,0
88688,55921,0,55922,0
88688,55922,0,55923,0
88688,55923,0,55639,0
88688,55639,0,55640,0
88688,55640,0,55641,0
88688,55641,0,55816,0
88688,55816,0,55817,0
88688,55817,0,55818,0
88688,55818,0,55924,0
88688,55924,0,55925,0
88688,55925,0,55926,0
88688,55926,0,49373,0
88688,49373,0,49374,0
88688,49374,0,49375,0
88688,49375,0,49361,0
88688,49361,0,49362,0
88688,49362,0,49363,0
88688,49363,0,49301,0
88688,49301,0,49302,0
88688,49302,0,49303,0
88688,49303,0,49352,0
88688,49352,0,49353,0
88688,49353,0,49354,0
88688,49354,0,49319,0
88688,49319,0,49320,0
88688,49320,0,49321,0
88688,49321,0,49376,0
88688,49376,0,49377,0
88688,49377,0,49378,0
88688,49378,0,49304,0
88688,49304,0,49305,0
88688,49305,0,49306,0
88688,49306,0,49328,0
88688,49328,0,49329,0
88688,49329,0,49330,0
88688,49330,0,49298,0
88688,49298,0,49299,0
88688,49299,0,49300,0
88688,49300,0,49307,0
88688,49307,0,49308,0
88688,49308,0,49309,0
88688,49309,0,108147,0
88688,108147,0,90153,0
88688,90153,0,90004,0
88688,90004,0,90007,0
88688,90007,0,90040,0
88688,90040,0,90225,0
88688,90225,0,90010,0
88688,90010,0,90136,0
88688,90136,0,90137,0
88688,90137,0,90138,1
88688,90138,1,90413,0
88688,90413,0,90537,0
88688,90537,0,90353,0
88688,90353,0,90389,0
88688,90389,0,90703,0
88688,90703,0,90540,0
88688,90540,0,90512,0
88688,90512,0,51159,0
88688,51159,0,66864,0
88688,66864,0,66865,0
88688,66865,0,66866,0
88688,66866,0,51216,0
88688,51216,0,51153,0
88688,51153,0,66846,0
88688,66846,0,66847,0
88688,66847,0,66848,0
88688,66848,0,84613,0
88688,84613,0,84979,0
88688,84979,0,85111,0
88688,85111,0,84992,0
88688,84992,0,84981,0
88688,84981,0,84604,0
88688,84604,0,85065,0
88688,85065,0,97611,0
88688,97611,0,97667,0
88688,97667,0,97767,0
88688,97767,0,97768,1
88688,97768,1,97769,1
88688,97769,1,97770,0
88688,97770,0,97691,0
88688,97691,0,97692,0
88688,97692,0,97693,1
88688,97693,1,97694,0
88688,97694,0,97699,0
88688,97699,0,97700,0
88688,97700,0,97701,1
88688,97701,1,97702,0
88688,97702,0,107788,0
88688,107788,0,107789,0
88688,107789,0,107790,1
88688,107790,1,107791,1
88688,107791,1,107872,0
88688,107872,0,107876,1
88688,107876,1,107877,1
88688,107877,1,107878,1
88688,107878,1,107851,0
88688,107851,0,107855,1
88688,107855,1,107856,1
88688,107856,1,107857,1
88688,107857,1,107837,0
88688,107837,0,107838,0
88688,107838,0,107839,0
88688,107839,0,107840,0
88688,107840,0,107844,0
88688,107844,0,107845,0
88688,107845,0,107846,1
88688,107846,1,107847,0
88688,107847,0,107865,0
88688,107865,0,107869,1
88688,107869,1,107870,1
88688,107870,1,107871,1
88688,107871,1,107674,0
88688,107674,0,107678,1
88688,107678,1,107679,1
88688,107679,1,107680,1
88688,107680,1,107724,0
88688,107724,0,107725,0
88688,107725,0,107726,1
88688,107726,1,107727,0
88688,107727,0,107745,0
88688,107745,0,107746,0
88688,107746,0,107747,1
88688,107747,1,107748,0
88688,107748,0,107816,0
88688,107816,0,107817,0
88688,107817,0,107818,1
88688,107818,1,107819,1
88688,107819,1,108237,0
88688,108237,0,108239,1
88688,108239,1,108240,1
88688,108240,1,108241,1
88688,108241,1,108232,0
88688,108232,0,108234,1
88688,108234,1,108235,1
88688,108235,1,108236,1
88688,108236,1,108025,0
88688,108025,0,108026,1
88688,108026,1,108077,0
88688,108077,0,108079,1
88688,108079,1,108080,1
88688,108080,1,108081,1
88688,108081,1,108217,0
88688,108217,0,108219,1
88688,108219,1,108220,1
88688,108220,1,108221,1
88688,108221,1,108248,0
88688,108248,0,108249,1
88688,108249,1,108268,0
88688,108268,0,108270,1
88688,108270,1,108271,1
88688,108271,1,108272,1
88688,108272,1,107995,0
88688,107995,0,107997,1
88688,107997,1,107998,1
88688,107998,1,107999,1
88688,107999,1,108102,0
88688,108102,0,108104,1
88688,108104,1,108105,0
88688,108105,0,108106,1
88688,108106,1,108112,0
88688,108112,0,108114,1
88688,108114,1,108115,1
88688,108115,1,108116,1
88688,108116,1,108253,0
88688,108253,0,108254,1
88688,108254,1,55825,0
88688,55825,0,55826,0
88688,55826,0,55827,0
88688,55827,0,55921,0
88688,55921,0,55922,0
88688,55922,0,55923,0
88688,55923,0,55639,0
88688,55639,0,55640,0
88688,55640,0,55641,0
88688,55641,0,55816,0
88688,55816,0,55817,0
88688,55817,0,55818,0
88688,55818,0,55924,0
88688,55924,0,55925,0
88688,55925,0,55926,0
88688,55926,0,90005,0
88688,90005,0,90006,0
88688,90006,0,90008,0
88688,90008,0,90009,0
88688,90009,0,90041,0
88688,90041,0,90042,0
88688,90042,0,90011,0
88688,90011,0,90012,0
88688,90012,0,90414,0
88688,90414,0,90415,0
88688,90415,0,90538,0
88688,90538,0,90539,0
88688,90539,0,90354,0
88688,90354,0,90355,0
88688,90355,0,90390,0
88688,90390,0,90391,0
88688,90391,0,90704,0
88688,90704,0,90705,0
88688,90705,0,90541,0
88688,90541,0,90542,0
88688,90542,0,90513,0
88688,90513,0,90514,0
88688,90514,0,57064,0
88688,57064,0,57065,0
88688,57065,0,57100,0
88688,57100,0,57101,0
88688,57101,0,57103,1
88688,57103,1,57104,0
88688,57104,0,57118,1
88688,57118,1,57119,0
88688,57119,0,57109,1
88688,57109,1,57110,0
88688,57110,0,49025,1
88688,49025,1,49026,0
88688,49026,0,49027,0
88688,49027,0,48898,1
88688,48898,1,48899,0
88688,48899,0,48900,0
88688,48900,0,48894,1
88688,48894,1,48895,0
88688,48895,0,108148,0
88799,49024,1,49036,1
88799,49036,1,56796,0
88799,56796,0,49024,1
88799,49024,1,49036,1
88799,49036,1,56796,0
88799,56796,0,84883,1
88799,84883,1,84937,0
88799,84937,0,84958,1
88799,84958,1,84969,0
88799,84969,0,84917,1
88799,84917,1,84788,1
88799,84788,1,84971,1
88799,84971,1,87062,0
88799,87062,0,87092,0
88799,87092,0,87025,1
88799,87025,1,87058,1
88799,87058,1,87118,0
88799,87118,0,87068,1
88799,87068,1,86903,0
88799,86903,0,86789,0
88799,86789,0,86842,0
88799,86842,0,85089,0
88799,85089,0,86099,0
88799,86099,0,89760,1
88799,89760,1,89926,1
88799,89926,1,53788,0
88799,53788,0,58801,1
88799,58801,1,53792,1
88799,53792,1,58806,1
88799,58806,1,56797,1
88799,56797,1,56798,0
88800,57093,0,57102,1
88800,57102,1,57096,1
88800,57096,1,57051,1
88800,57051,1,56964,0
88800,56964,0,56979,0
88800,56979,0,56949,0
88800,56949,0,56934,1
88800,56934,1,56913,1
88800,56913,1,57093,0
88800,57093,0,57102,1
88800,57102,1,57096,1
88800,57096,1,57051,1
88800,57051,1,56964,0
88800,56964,0,56979,0
88800,56979,0,56949,0
88800,56949,0,56934,1
88800,56934,1,56913,1
88800,56913,1,84935,0
88800,84935,0,84924,0
88800,84924,0,84921,1
88800,84921,1,84938,0
88800,84938,0,84973,0
88800,84973,0,84923,1
88800,84923,1,84942,0
88800,84942,0,86802,1
88800,86802,1,58673,0
88800,58673,0,58682,0
88800,58682,0,58715,0
88800,58715,0,58699,0
88800,58699,0,86712,1
88800,86712,1,89711,0
88800,89711,0,84904,1
88800,84904,1,89703,1
88800,89703,1,89732,0
88800,89732,0,84903,0
88800,84903,0,89705,0
88800,89705,0,84896,0
88800,84896,0,58805,0
88800,58805,0,53777,0
88800,53777,0,58806,0
88800,58806,0,53792,0
88800,53792,0,58802,0
88800,58802,0,57094,1
88800,57094,1,57095,1
88800,57095,1,56965,1
88800,56965,1,56966,1
88800,56966,1,56980,1
88800,56980,1,56981,0
88800,56981,0,56950,1
88800,56950,1,56951,0
88989,48618,0,48667,0
88989,48667,0,48632,0
88989,48632,0,48605,0
88989,48605,0,48645,0
88989,48645,0,48544,0
88989,48544,0,48596,0
88989,48596,0,48618,0
88989,48618,0,48667,0
88989,48667,0,48632,0
88989,48632,0,48605,0
88989,48605,0,48645,0
88989,48645,0,48544,0
88989,48544,0,48596,0
88989,48596,0,90568,0
88989,90568,0,94920,0
88989,94920,0,90767,0
88989,90767,0,90763,0
88989,90763,0,90783,0
88989,90783,0,90610,0
88989,90610,0,94927,1
89016,49004,0,48889,0
89016,48889,0,49012,0
89016,49012,0,57060,0
89016,57060,0,57093,0
89016,57093,0,57057,0
89016,57057,0,57087,0
89016,57087,0,57084,0
89016,57084,0,48869,0
89016,48869,0,49008,0
89016,49008,0,48885,0
89016,48885,0,48881,0
89016,48881,0,48897,0
89016,48897,0,49032,0
89016,49032,0,49004,0
89016,49004,0,48889,0
89016,48889,0,49012,0
89016,49012,0,48869,0
89016,48869,0,49008,0
89016,49008,0,48885,0
89016,48885,0,48881,0
89016,48881,0,48897,0
89016,48897,0,49032,0
89016,49032,0,57060,0
89016,57060,0,57093,0
89016,57093,0,57057,0
89016,57057,0,57087,0
89016,57087,0,57084,0
89016,57084,0,119310,0
89016,119310,0,119362,0
89016,119362,0,119383,0
89016,119383,0,119240,0
89016,119240,0,119373,0
89016,119373,0,119379,0
89016,119379,0,119250,0
89016,119250,0,119251,0
89016,119251,0,119239,0
89016,119239,0,119254,1
89016,119254,1,119346,0
89016,119346,0,119366,0
89016,119366,0,119374,0
89016,119374,0,119298,0
89016,119298,0,88877,0
89016,88877,0,88883,0
89016,88883,0,88935,0
89016,88935,0,91247,0
89016,91247,0,91266,0
89016,91266,0,84950,0
89016,84950,0,84948,0
89016,84948,0,84964,0
89016,84964,0,84887,0
89016,84887,0,84969,0
89016,84969,0,84888,0
89016,84888,0,84909,0
89016,84909,0,85831,0
89016,85831,0,85864,0
89016,85864,0,49325,0
89016,49325,0,49326,0
89016,49326,0,49327,0
89016,49327,0,49370,0
89016,49370,0,49371,0
89016,49371,0,49372,0
89016,49372,0,49307,0
89016,49307,0,49308,0
89016,49308,0,49309,0
89016,49309,0,49310,0
89016,49310,0,49311,0
89016,49311,0,49312,0
89016,49312,0,49349,0
89016,49349,0,49350,0
89016,49350,0,49325,0
89016,49325,0,49326,0
89016,49326,0,49327,0
89016,49327,0,49370,0
89016,49370,0,49371,0
89016,49371,0,49372,0
89016,49372,0,49307,0
89016,49307,0,49308,0
89016,49308,0,49309,0
89016,49309,0,94939,0
89016,94939,0,90746,0
89016,90746,0,94077,0
89016,94077,0,49310,0
89016,49310,0,49311,0
89016,49311,0,49312,0
89016,49312,0,49349,0
89016,49349,0,49350,0
89016,49350,0,90749,0
89016,90749,0,94062,0
89016,94062,0,90781,0
89016,90781,0,91484,0
89016,91484,0,90563,0
89016,90563,0,94932,0
89016,94932,0,94079,0
89016,94079,0,90183,0
89016,90183,0,90207,0
89016,90207,0,90082,0
89016,90082,0,90083,1
89016,90083,1,90084,0
89016,90084,0,66858,0
89016,66858,0,66859,0
89016,66859,0,66860,0
89016,66860,0,84981,1
89016,84981,1,49005,0
89016,49005,0,49006,0
89016,49006,0,49007,0
89016,49007,0,48890,0
89016,48890,0,48891,0
89016,48891,0,48892,0
89016,48892,0,119347,0
89016,119347,0,119348,0
89016,119348,0,119349,0
89016,119349,0,57061,0
89016,57061,0,57062,0
89016,57062,0,57094,1
89016,57094,1,57095,0
89016,57095,0,57058,0
89016,57058,0,57059,0
89016,57059,0,57088,1
89016,57088,1,57089,0
89016,57089,0,57085,1
89016,57085,1,49013,0
89016,49013,0,49014,0
89016,49014,0,49015,0
89016,49015,0,48870,1
89016,48870,1,48871,0
89016,48871,0,48872,0
89016,48872,0,49009,1
89016,49009,1,49010,0
89016,49010,0,49011,0
89016,49011,0,48886,1
89016,48886,1,48887,0
89016,48887,0,48888,0
89016,48888,0,48882,1
89016,48882,1,48883,0
89016,48883,0,48884,0
89016,48884,0,48898,1
89016,48898,1,48899,0
89016,48899,0,48900,0
89016,48900,0,49033,0
89016,49033,0,49034,0
89016,49034,0,49035,0
89160,49072,0,48893,1
89160,48893,1,49056,0
89160,49056,0,48869,0
89160,48869,0,48881,0
89160,48881,0,48698,0
89160,48698,0,48583,0
89160,48583,0,49072,0
89160,49072,0,48893,1
89160,48893,1,49056,0
89160,49056,0,48869,0
89160,48869,0,48881,0
89160,48881,0,91067,1
89160,91067,1,93742,0
89160,93742,0,93735,0
89160,93735,0,93725,0
89160,93725,0,93790,0
89160,93790,0,93730,1
89160,93730,1,93761,1
89160,93761,1,93737,1
89160,93737,1,74562,0
89160,74562,0,74568,0
89160,74568,0,74564,0
89160,74564,0,119374,1
89160,119374,1,119250,0
89160,119250,0,119268,1
89160,119268,1,119385,0
89160,119385,0,119363,1
89160,119363,1,119311,0
89160,119311,0,119242,1
89160,119242,1,119387,0
89160,119387,0,119243,1
89160,119243,1,119310,1
89160,119310,1,85427,0
89160,85427,0,85378,1
89160,85378,1,53621,0
89160,53621,0,53617,1
89160,53617,1,53589,1
89160,53589,1,48698,0
89160,48698,0,48583,0
89160,48583,0,85522,0
89160,85522,0,85295,0
89160,85295,0,84767,0
89160,84767,0,53757,0
89160,53757,0,53705,1
89160,53705,1,85427,0
89160,85427,0,85522,0
89160,85522,0,85295,0
89160,85295,0,85378,1
89160,85378,1,85343,1
89160,85343,1,84767,0
89160,84767,0,85341,1
89160,85341,1,53757,0
89160,53757,0,53621,0
89160,53621,0,53705,1
89160,53705,1,53617,1
89160,53617,1,53589,1
89160,53589,1,89752,1
89160,89752,1,54043,1
89160,54043,1,86350,0
89160,86350,0,86554,0
89160,86554,0,85428,0
89160,85428,0,85429,0
89160,85429,0,85430,1
89160,85430,1,85523,1
89160,85523,1,85524,1
89160,85524,1,85525,1
89160,85525,1,85296,0
89160,85296,0,85297,0
89160,85297,0,84768,0
89160,84768,0,84769,1
89160,84769,1,53758,1
89160,53758,1,53759,1
89160,53759,1,53760,1
89160,53760,1,53622,1
89160,53622,1,53623,1
89160,53623,1,53624,1
89160,53624,1,49073,1
89160,49073,1,49074,0
89160,49074,0,49075,0
89160,49075,0,49057,1
89160,49057,1,49058,0
89160,49058,0,49059,1
89160,49059,1,48870,1
89160,48870,1,48871,0
89160,48871,0,48872,1
89160,48872,1,48882,1
89160,48882,1,48883,1
89160,48883,1,48884,1
89163,49032,0,49032,0
89163,49032,0,93766,1
89163,93766,1,74561,0
89163,74561,0,74562,0
89163,74562,0,74572,0
89163,74572,0,74576,1
89163,74576,1,74565,1
89163,74565,1,119368,0
89163,119368,0,119251,0
89163,119251,0,119249,0
89163,119249,0,119361,1
89163,119361,1,119263,1
89163,119263,1,119370,1
89163,119370,1,53701,0
89163,53701,0,53621,1
89163,53621,1,53637,1
89163,53637,1,53681,0
89163,53681,0,53725,0
89163,53725,0,85340,1
89163,85340,1,53681,0
89163,53681,0,53725,0
89163,53725,0,53701,0
89163,53701,0,53621,1
89163,53621,1,53637,1
89163,53637,1,89746,0
89163,89746,0,84894,0
89163,84894,0,84907,0
89163,84907,0,89735,0
89163,89735,0,89736,1
89163,89736,1,89710,0
89163,89710,0,84906,0
89163,84906,0,54063,0
89163,54063,0,54059,0
89163,54059,0,53682,1
89163,53682,1,53683,1
89163,53683,1,53684,0
89163,53684,0,53726,1
89163,53726,1,53727,1
89163,53727,1,53728,0
89163,53728,0,53702,1
89163,53702,1,53703,1
89163,53703,1,53704,0
89163,53704,0,54064,0
89163,54064,0,54065,0
89163,54065,0,54066,0
89163,54066,0,54060,0
89163,54060,0,49033,1
89163,49033,1,49034,0
89165,48881,0,49052,0
89165,49052,0,49032,0
89165,49032,0,49016,0
89165,49016,0,48865,0
89165,48865,0,48873,1
89165,48873,1,49068,1
89165,49068,1,48881,0
89165,48881,0,49052,0
89165,49052,0,49032,0
89165,49032,0,49016,0
89165,49016,0,48865,0
89165,48865,0,48873,1
89165,48873,1,49068,1
89165,49068,1,93773,0
89165,93773,0,93745,0
89165,93745,0,93750,0
89165,93750,0,93790,0
89165,93790,0,93751,0
89165,93751,0,93732,0
89165,93732,0,93775,1
89165,93775,1,74576,0
89165,74576,0,74568,0
89165,74568,0,74561,0
89165,74561,0,74556,0
89165,74556,0,74552,0
89165,74552,0,119263,0
89165,119263,0,119264,0
89165,119264,0,119265,0
89165,119265,0,119266,0
89165,119266,0,119267,0
89165,119267,0,119308,0
89165,119308,0,119311,1
89165,119311,1,119247,1
89165,119247,1,119366,1
89165,119366,1,119303,1
89165,119303,1,119364,1
89165,119364,1,84801,1
89165,84801,1,53697,0
89165,53697,0,53549,0
89165,53549,0,53565,0
89165,53565,0,53541,1
89165,53541,1,53597,1
89165,53597,1,84801,1
89165,84801,1,53697,0
89165,53697,0,53549,0
89165,53549,0,53565,0
89165,53565,0,53541,1
89165,53541,1,53597,1
89165,53597,1,84898,0
89165,84898,0,84908,0
89165,84908,0,89661,0
89165,89661,0,89716,0
89165,89716,0,84892,1
89165,84892,1,89749,0
89165,89749,0,89714,0
89165,89714,0,54031,0
89165,54031,0,54083,0
89165,54083,0,54003,0
89165,54003,0,53995,0
89165,53995,0,54027,0
89165,54027,0,86529,0
89165,86529,0,53698,0
89165,53698,0,53699,1
89165,53699,1,53700,0
89165,53700,0,53550,1
89165,53550,1,53551,1
89165,53551,1,53552,1
89165,53552,1,53566,1
89165,53566,1,53567,1
89165,53567,1,53568,1
89165,53568,1,54032,0
89165,54032,0,54033,0
89165,54033,0,54034,0
89165,54034,0,54084,0
89165,54084,0,54085,0
89165,54085,0,54086,0
89165,54086,0,54004,0
89165,54004,0,54005,0
89165,54005,0,54006,0
89165,54006,0,53996,0
89165,53996,0,53997,0
89165,53997,0,53998,0
89165,53998,0,54028,0
89165,54028,0,54029,0
89165,54029,0,54030,0
89165,54030,0,48882,0
89165,48882,0,48883,0
89165,48883,0,48884,0
89165,48884,0,49053,0
89165,49053,0,49054,0
89165,49054,0,49055,0
89165,49055,0,49033,0
89165,49033,0,49034,0
89165,49034,0,49035,0
89165,49035,0,49017,1
89165,49017,1,49018,0
89165,49018,0,49019,0
89165,49019,0,48866,0
89165,48866,0,48867,1
89165,48867,1,48868,0
89168,49020,0,49004,1
89168,49004,1,49052,1
89168,49052,1,49064,1
89168,49064,1,93236,0
89168,93236,0,93239,1
89168,93239,1,93212,1
89168,93212,1,93182,0
89168,93182,0,93229,1
89168,93229,1,93170,1
89168,93170,1,93181,1
89168,93181,1,49020,0
89168,49020,0,49004,1
89168,49004,1,49052,1
89168,49052,1,49064,1
89168,49064,1,91123,0
89168,91123,0,91129,0
89168,91129,0,119263,0
89168,119263,0,119264,0
89168,119264,0,119265,1
89168,119265,1,119266,0
89168,119266,0,119267,0
89168,119267,0,119248,0
89168,119248,0,119367,1
89168,119367,1,119253,0
89168,119253,0,119243,1
89168,119243,1,119241,1
89168,119241,1,119273,1
89168,119273,1,119311,1
89168,119311,1,119309,1
89168,119309,1,84793,0
89168,84793,0,85415,1
89168,85415,1,84801,0
89168,84801,0,85403,1
89168,85403,1,85374,1
89168,85374,1,53625,0
89168,53625,0,53629,1
89168,53629,1,53565,0
89168,53565,0,53537,1
89168,53537,1,85482,0
89168,85482,0,85289,1
89168,85289,1,53709,0
89168,53709,0,85482,0
89168,85482,0,85289,1
89168,85289,1,84793,0
89168,84793,0,85415,1
89168,85415,1,84801,0
89168,84801,0,85403,1
89168,85403,1,85374,1
89168,85374,1,53625,0
89168,53625,0,53629,1
89168,53629,1,53565,0
89168,53565,0,53537,1
89168,53537,1,53709,0
89168,53709,0,84891,0
89168,84891,0,89661,1
89168,89661,1,84889,1
89168,84889,1,85483,0
89168,85483,0,85484,1
89168,85484,1,85485,0
89168,85485,0,84794,0
89168,84794,0,84795,1
89168,84795,1,84796,1
89168,84796,1,84802,1
89168,84802,1,84803,1
89168,84803,1,84804,1
89168,84804,1,53626,1
89168,53626,1,53627,1
89168,53627,1,53628,0
89168,53628,0,53566,1
89168,53566,1,53567,1
89168,53567,1,53568,1
89168,53568,1,53710,1
89168,53710,1,53711,1
89168,53711,1,53712,0
89168,53712,0,49021,1
89168,49021,1,49022,0
89168,49022,0,49023,1
89452,57081,1,57102,1
89452,57102,1,56907,1
89452,56907,1,56973,1
89452,56973,1,56889,0
89452,56889,0,56781,0
89452,56781,0,56889,0
89452,56889,0,56781,0
89452,56781,0,57081,1
89452,57081,1,57102,1
89452,57102,1,56907,1
89452,56907,1,56973,1
89452,56973,1,84954,0
89452,84954,0,84930,0
89452,84930,0,84959,0
89452,84959,0,84951,0
89452,84951,0,84722,0
89452,84722,0,84880,0
89452,84880,0,84970,0
89452,84970,0,89752,0
89452,89752,0,89708,0
89452,89708,0,89747,0
89452,89747,0,89760,0
89452,89760,0,89742,0
89452,89742,0,84899,0
89452,84899,0,84892,0
89452,84892,0,89755,0
89452,89755,0,89730,0
89452,89730,0,84889,0
89452,84889,0,89706,0
89452,89706,0,89732,0
89452,89732,0,84903,0
89452,84903,0,53795,0
89452,53795,0,53773,0
89452,53773,0,58824,0
89452,58824,0,58816,0
89452,58816,0,58800,0
89452,58800,0,53800,0
89452,53800,0,58809,0
89452,58809,0,58825,0
89452,58825,0,53802,0
89452,53802,0,53779,0
89452,53779,0,53797,0
89452,53797,0,56890,0
89452,56890,0,56891,0
89452,56891,0,56782,1
89454,48869,1,48893,0
89454,48893,0,49060,1
89454,49060,1,49032,1
89454,49032,1,49072,1
89454,49072,1,57129,1
89454,57129,1,57048,1
89454,57048,1,48869,1
89454,48869,1,48893,0
89454,48893,0,49060,1
89454,49060,1,49032,1
89454,49032,1,49072,1
89454,49072,1,57129,1
89454,57129,1,57048,1
89454,57048,1,84915,1
89454,84915,1,84926,1
89454,84926,1,84946,1
89454,84946,1,53324,1
89454,53324,1,88474,1
89454,88474,1,87031,1
89454,87031,1,86905,0
89454,86905,0,86891,1
89454,86891,1,86906,1
89454,86906,1,86790,0
89454,86790,0,86785,1
89454,86785,1,86792,1
89454,86792,1,86854,0
89454,86854,0,86120,0
89454,86120,0,84622,1
89454,84622,1,86123,1
89454,86123,1,84626,1
89454,84626,1,58721,0
89454,58721,0,58671,0
89454,58671,0,58719,0
89454,58719,0,58713,0
89454,58713,0,58714,1
89454,58714,1,86594,0
89454,86594,0,86637,1
89454,86637,1,86700,1
89454,86700,1,86687,1
89454,86687,1,89730,1
89454,89730,1,89854,1
89454,89854,1,53780,1
89454,53780,1,85086,1
89454,85086,1,48894,0
89454,48894,0,48895,0
89454,48895,0,48896,1
90652,49004,0,48877,0
90652,48877,0,49044,0
90652,49044,0,48885,0
90652,48885,0,48865,0
90652,48865,0,48881,0
90652,48881,0,49016,0
90652,49016,0,48897,0
90652,48897,0,48893,0
90652,48893,0,48873,0
90652,48873,0,49060,0
90652,49060,0,49004,0
90652,49004,0,48877,0
90652,48877,0,49044,0
90652,49044,0,48885,0
90652,48885,0,48865,0
90652,48865,0,48881,0
90652,48881,0,49016,0
90652,49016,0,48897,0
90652,48897,0,48893,0
90652,48893,0,48873,0
90652,48873,0,49060,0
90652,49060,0,119366,0
90652,119366,0,119254,0
90652,119254,0,119365,0
90652,119365,0,119244,0
90652,119244,0,119293,0
90652,119293,0,119294,0
90652,119294,0,119295,0
90652,119295,0,119296,0
90652,119296,0,119297,0
90652,119297,0,119310,0
90652,119310,0,119369,0
90652,119369,0,119248,0
90652,119248,0,84835,0
90652,84835,0,84925,0
90652,84925,0,84968,0
90652,84968,0,84949,0
90652,84949,0,84781,0
90652,84781,0,84780,1
90652,84780,1,84830,1
90652,84830,1,85829,0
90652,85829,0,85856,0
90652,85856,0,85851,0
90652,85851,0,85867,0
90652,85867,0,85801,0
90652,85801,0,85879,1
90652,85879,1,85819,0
90652,85819,0,84951,0
90652,84951,0,84945,0
90652,84945,0,84958,1
90652,84958,1,84746,0
90652,84746,0,84836,1
90652,84836,1,84936,0
90652,84936,0,85855,0
90652,85855,0,85841,0
90652,85841,0,85833,0
90652,85833,0,85891,0
90652,85891,0,85871,1
90652,85871,1,85846,1
90652,85846,1,84953,0
90652,84953,0,84948,1
90652,84948,1,84947,1
90652,84947,1,84910,0
90652,84910,0,84964,0
90652,84964,0,84962,1
90652,84962,1,84937,0
90652,84937,0,84975,1
90652,84975,1,84829,0
90652,84829,0,84922,0
90652,84922,0,84782,0
90652,84782,0,84783,0
90652,84783,0,84832,1
90652,84832,1,84939,1
90652,84939,1,84977,0
90652,84977,0,84955,0
90652,84955,0,85849,0
90652,85849,0,85843,1
90652,85843,1,49337,0
90652,49337,0,49338,0
90652,49338,0,49339,0
90652,49339,0,49379,0
90652,49379,0,49380,0
90652,49380,0,49381,0
90652,49381,0,49319,0
90652,49319,0,49320,0
90652,49320,0,49321,0
90652,49321,0,49331,0
90652,49331,0,49332,0
90652,49332,0,49333,0
90652,49333,0,49310,0
90652,49310,0,49311,0
90652,49311,0,49312,0
90652,49312,0,49364,0
90652,49364,0,49365,0
90652,49365,0,49366,0
90652,49366,0,49343,0
90652,49343,0,49344,0
90652,49344,0,49345,0
90652,49345,0,49295,0
90652,49295,0,49296,0
90652,49296,0,49297,0
90652,49297,0,49322,0
90652,49322,0,49323,0
90652,49323,0,49324,0
90652,49324,0,49313,0
90652,49313,0,49314,0
90652,49314,0,49315,0
90652,49315,0,49358,0
90652,49358,0,49359,0
90652,49359,0,49360,0
90652,49360,0,49292,0
90652,49292,0,49293,0
90652,49293,0,49294,0
90652,49294,0,49304,0
90652,49304,0,49305,0
90652,49305,0,49306,0
90652,49306,0,49301,0
90652,49301,0,49302,0
90652,49302,0,49303,0
90652,49303,0,49349,0
90652,49349,0,49350,0
90652,49350,0,49351,0
90652,49351,0,49298,0
90652,49298,0,49299,1
90652,49299,1,49300,0
90652,49300,0,49337,0
90652,49337,0,49338,0
90652,49338,0,49339,0
90652,49339,0,49379,0
90652,49379,0,49380,0
90652,49380,0,49381,0
90652,49381,0,49319,0
90652,49319,0,49320,0
90652,49320,0,49321,0
90652,49321,0,49331,0
90652,49331,0,49332,0
90652,49332,0,49333,0
90652,49333,0,49310,0
90652,49310,0,49311,0
90652,49311,0,49312,0
90652,49312,0,49364,0
90652,49364,0,49365,0
90652,49365,0,49366,0
90652,49366,0,49343,0
90652,49343,0,49344,0
90652,49344,0,49345,0
90652,49345,0,49295,0
90652,49295,0,49296,0
90652,49296,0,49297,0
90652,49297,0,49322,0
90652,49322,0,49323,0
90652,49323,0,49324,0
90652,49324,0,49313,0
90652,49313,0,49314,0
90652,49314,0,49315,0
90652,49315,0,90562,0
90652,90562,0,90610,0
90652,90610,0,94094,0
90652,94094,0,90691,0
90652,90691,0,49358,0
90652,49358,0,49359,0
90652,49359,0,49360,0
90652,49360,0,49292,0
90652,49292,0,49293,0
90652,49293,0,49294,0
90652,49294,0,49304,0
90652,49304,0,49305,0
90652,49305,0,49306,0
90652,49306,0,49301,0
90652,49301,0,49302,0
90652,49302,0,49303,0
90652,49303,0,49349,0
90652,49349,0,49350,0
90652,49350,0,49351,0
90652,49351,0,49298,0
90652,49298,0,49299,1
90652,49299,1,49300,0
90652,49300,0,91019,0
90652,91019,0,91006,0
90652,91006,0,91003,0
90652,91003,0,90981,0
90652,90981,0,91018,0
90652,91018,0,91020,0
90652,91020,0,90980,0
90652,90980,0,91027,0
90652,91027,0,90997,0
90652,90997,0,91009,0
90652,91009,0,91008,0
90652,91008,0,91004,0
90652,91004,0,91594,1
90652,91594,1,89946,0
90652,89946,0,90654,0
90652,90654,0,90362,0
90652,90362,0,90314,0
90652,90314,0,51204,0
90652,51204,0,51162,0
90652,51162,0,66870,0
90652,66870,0,66871,0
90652,66871,0,66872,1
90652,66872,1,66819,0
90652,66819,0,66820,0
90652,66820,0,66821,0
90652,66821,0,66843,0
90652,66843,0,66844,0
90652,66844,0,66845,0
90652,66845,0,87473,1
90652,87473,1,87715,1
90652,87715,1,49005,0
90652,49005,0,49006,0
90652,49006,0,49007,0
90652,49007,0,48878,0
90652,48878,0,48879,0
90652,48879,0,48880,0
90652,48880,0,49045,0
90652,49045,0,49046,0
90652,49046,0,49047,0
90652,49047,0,48886,1
90652,48886,1,48887,0
90652,48887,0,48888,0
90652,48888,0,48866,0
90652,48866,0,48867,0
90652,48867,0,48868,0
90652,48868,0,48882,0
90652,48882,0,48883,0
90652,48883,0,48884,0
90652,48884,0,49017,0
90652,49017,0,49018,0
90652,49018,0,49019,0
90652,49019,0,48898,0
90652,48898,0,48899,0
90652,48899,0,48900,0
90652,48900,0,48894,0
90652,48894,0,48895,0
90652,48895,0,48896,0
90652,48896,0,48874,0
90652,48874,0,48875,0
90652,48875,0,48876,0
90652,48876,0,49061,0
90652,49061,0,49062,0
90652,49062,0,49063,0
90652,49063,0,90655,0
90652,90655,0,90656,1
90652,90656,1,90363,0
90652,90363,0,90364,0
90652,90364,0,90315,0
90652,90315,0,90316,0
90813,48869,0,49028,0
90813,49028,0,49020,0
90813,49020,0,48889,0
90813,48889,0,49024,0
90813,49024,0,48596,0
90813,48596,0,48569,0
90813,48569,0,48626,0
90813,48626,0,48580,0
90813,48580,0,48702,0
90813,48702,0,48869,0
90813,48869,0,49028,0
90813,49028,0,49020,0
90813,49020,0,48889,0
90813,48889,0,49024,0
90813,49024,0,119387,0
90813,119387,0,119247,0
90813,119247,0,119338,0
90813,119338,0,119380,0
90813,119380,0,119322,0
90813,119322,0,119256,0
90813,119256,0,119243,0
90813,119243,0,119379,0
90813,119379,0,119358,0
90813,119358,0,119367,0
90813,119367,0,88865,0
90813,88865,0,88913,0
90813,88913,0,88912,0
90813,88912,0,89026,0
90813,89026,0,88896,0
90813,88896,0,89025,0
90813,89025,0,88866,0
90813,88866,0,91294,0
90813,91294,0,91293,0
90813,91293,0,91314,0
90813,91314,0,91256,0
90813,91256,0,91303,0
90813,91303,0,91288,0
90813,91288,0,91312,0
90813,91312,0,84950,0
90813,84950,0,84831,0
90813,84831,0,84836,0
90813,84836,0,84741,0
90813,84741,0,84945,0
90813,84945,0,84918,0
90813,84918,0,84783,0
90813,84783,0,85888,0
90813,85888,0,85845,0
90813,85845,0,85828,0
90813,85828,0,84884,0
90813,84884,0,84912,0
90813,84912,0,84934,0
90813,84934,0,48596,0
90813,48596,0,48569,0
90813,48569,0,48626,0
90813,48626,0,48580,0
90813,48580,0,48702,0
90813,48702,0,49304,0
90813,49304,0,49305,0
90813,49305,0,49306,0
90813,49306,0,49337,0
90813,49337,0,49338,0
90813,49338,0,49339,0
90813,49339,0,49358,0
90813,49358,0,49359,0
90813,49359,0,49360,0
90813,49360,0,49379,0
90813,49379,0,49380,0
90813,49380,0,49381,0
90813,49381,0,49367,0
90813,49367,0,49368,0
90813,49368,0,49369,0
90813,49369,0,49322,0
90813,49322,0,49323,0
90813,49323,0,49324,0
90813,49324,0,49343,0
90813,49343,0,49344,0
90813,49344,0,49345,0
90813,49345,0,49364,0
90813,49364,0,49365,0
90813,49365,0,49366,0
90813,49366,0,49370,0
90813,49370,0,49371,0
90813,49371,0,49372,0
90813,49372,0,49319,0
90813,49319,0,49320,0
90813,49320,0,49321,0
90813,49321,0,48458,0
90813,48458,0,48459,0
90813,48459,0,48460,0
90813,48460,0,48473,0
90813,48473,0,48474,0
90813,48474,0,48475,0
90813,48475,0,49304,0
90813,49304,0,49305,0
90813,49305,0,49306,0
90813,49306,0,49337,0
90813,49337,0,49338,0
90813,49338,0,49339,0
90813,49339,0,49358,0
90813,49358,0,49359,0
90813,49359,0,49360,0
90813,49360,0,49379,0
90813,49379,0,49380,0
90813,49380,0,49381,0
90813,49381,0,49367,0
90813,49367,0,49368,0
90813,49368,0,49369,0
90813,49369,0,49322,0
90813,49322,0,49323,0
90813,49323,0,49324,0
90813,49324,0,49343,0
90813,49343,0,49344,0
90813,49344,0,49345,0
90813,49345,0,49364,0
90813,49364,0,49365,0
90813,49365,0,49366,0
90813,49366,0,49370,0
90813,49370,0,49371,0
90813,49371,0,49372,0
90813,49372,0,49319,0
90813,49319,0,49320,0
90813,49320,0,49321,0
90813,49321,0,48458,0
90813,48458,0,48459,0
90813,48459,0,48460,0
90813,48460,0,48473,0
90813,48473,0,48474,0
90813,48474,0,48475,0
90813,48475,0,51171,0
90813,51171,0,51192,1
90813,51192,1,66813,0
90813,66813,0,66814,0
90813,66814,0,66815,0
90813,66815,0,66786,0
90813,66786,0,66787,0
90813,66787,0,66788,0
90813,66788,0,66792,0
90813,66792,0,66793,0
90813,66793,0,66794,0
90813,66794,0,84993,0
90813,84993,0,85112,0
90813,85112,0,84997,0
90813,84997,0,85110,0
90813,85110,0,85111,0
90813,85111,0,84610,0
90813,84610,0,85074,1
90813,85074,1,48870,0
90813,48870,0,48871,0
90813,48871,0,48872,0
90813,48872,0,49029,0
90813,49029,0,49030,0
90813,49030,0,49031,0
90813,49031,0,49021,0
90813,49021,0,49022,0
90813,49022,0,49023,0
90813,49023,0,48890,1
90813,48890,1,48891,0
90813,48891,0,48892,0
90813,48892,0,49025,1
90813,49025,1,49026,0
90813,49026,0,49027,0
90813,49027,0,119339,0
90813,119339,0,119340,0
90813,119340,0,119341,0
90813,119341,0,119323,0
90813,119323,0,119324,0
90813,119324,0,119325,0
90815,49008,1,49028,1
90815,49028,1,57120,1
90815,57120,1,57054,1
90815,57054,1,49008,1
90815,49008,1,49028,1
90815,49028,1,57120,1
90815,57120,1,57054,1
90815,57054,1,119361,1
90815,119361,1,119368,1
90815,119368,1,119334,1
90815,119334,1,119387,0
90815,119387,0,119242,1
90815,119242,1,119251,0
90815,119251,0,119273,1
90815,119273,1,119367,1
90815,119367,1,119318,1
90815,119318,1,119243,1
90815,119243,1,84968,1
90815,84968,1,84723,1
90815,84723,1,84788,1
90815,84788,1,85803,0
90815,85803,0,85801,1
90815,85801,1,85866,0
90815,85866,0,85811,1
90815,85811,1,85796,1
90815,85796,1,85864,1
90815,85864,1,49313,1
90815,49313,1,49334,1
90815,49334,1,49364,1
90815,49364,1,49346,0
90815,49346,0,49347,1
90815,49347,1,49348,1
90815,49348,1,49337,1
90815,49337,1,49370,1
90815,49370,1,49325,1
90815,49325,1,49328,1
90815,49328,1,49295,1
90815,49295,1,49373,0
90815,49373,0,49374,1
90815,49374,1,49375,1
90815,49375,1,49349,1
90815,49349,1,49307,1
90815,49307,1,49325,1
90815,49325,1,49313,1
90815,49313,1,90742,1
90815,90742,1,49313,1
90815,49313,1,49334,1
90815,49334,1,49364,1
90815,49364,1,49346,0
90815,49346,0,49347,1
90815,49347,1,49348,1
90815,49348,1,49337,1
90815,49337,1,49370,1
90815,49370,1,49325,1
90815,49325,1,49328,1
90815,49328,1,49295,1
90815,49295,1,49373,0
90815,49373,0,49374,1
90815,49374,1,49375,1
90815,49375,1,49349,1
90815,49349,1,49307,1
90815,49307,1,49325,1
90815,49325,1,49313,1
90815,49313,1,91014,0
90815,91014,0,90994,0
90815,90994,0,91045,0
90815,91045,0,91578,0
90815,91578,0,90968,1
90815,90968,1,91035,0
90815,91035,0,90999,0
90815,90999,0,51201,1
90815,51201,1,84607,0
90815,84607,0,84589,0
90815,84589,0,84612,1
90815,84612,1,84981,1
90815,84981,1,85065,1
90815,85065,1,85056,1
90815,85056,1,87527,0
90815,87527,0,87629,0
90815,87629,0,87549,1
90815,87549,1,87626,1
90815,87626,1,87603,1
90815,87603,1,87693,1
90817,49008,1,49048,1
90817,49048,1,57057,1
90817,57057,1,57075,1
90817,57075,1,49008,1
90817,49008,1,49048,1
90817,49048,1,57057,1
90817,57057,1,57075,1
90817,57075,1,119288,0
90817,119288,0,119289,0
90817,119289,0,119290,1
90817,119290,1,119291,1
90817,119291,1,119292,0
90817,119292,0,119382,0
90817,119382,0,119381,1
90817,119381,1,119350,1
90817,119350,1,119245,1
90817,119245,1,119283,0
90817,119283,0,119284,0
90817,119284,0,119285,1
90817,119285,1,119286,1
90817,119286,1,119287,1
90817,119287,1,119386,1
90817,119386,1,119346,1
90817,119346,1,119268,1
90817,119268,1,119362,1
90817,119362,1,119364,1
90817,119364,1,84916,1
90817,84916,1,84958,0
90817,84958,0,84751,0
90817,84751,0,84836,0
90817,84836,0,84879,0
90817,84879,0,84945,0
90817,84945,0,84725,0
90817,84725,0,85795,0
90817,85795,0,85808,1
90817,85808,1,85856,0
90817,85856,0,85805,1
90817,85805,1,85871,0
90817,85871,0,85884,1
90817,85884,1,85873,1
90817,85873,1,49370,0
90817,49370,0,49371,1
90817,49371,1,49370,0
90817,49370,0,49371,1
90817,49371,1,91036,0
90817,91036,0,90359,0
90817,90359,0,90374,0
90817,90374,0,51138,0
90817,51138,0,51186,1
90817,51186,1,66810,0
90817,66810,0,66811,0
90817,66811,0,66812,1
90817,66812,1,51204,1
90817,51204,1,51147,1
90817,51147,1,84618,1
90817,84618,1,51192,1
90817,51192,1,87741,0
90817,87741,0,87577,0
90817,87577,0,90360,0
90817,90360,0,90361,0
90817,90361,0,90375,0
90817,90375,0,90376,0
90822,49016,0,49040,1
90822,49040,1,57099,1
90822,57099,1,57096,0
90822,57096,0,57084,1
90822,57084,1,57105,1
90822,57105,1,57060,1
90822,57060,1,48561,1
90822,48561,1,49016,0
90822,49016,0,49040,1
90822,49040,1,57099,1
90822,57099,1,57096,0
90822,57096,0,57084,1
90822,57084,1,57105,1
90822,57105,1,57060,1
90822,57060,1,119253,0
90822,119253,0,119239,1
90822,119239,1,119380,0
90822,119380,0,119360,1
90822,119360,1,119369,1
90822,119369,1,119368,1
90822,119368,1,119384,0
90822,119384,0,119362,1
90822,119362,1,119374,1
90822,119374,1,119242,1
90822,119242,1,119377,1
90822,119377,1,119338,0
90822,119338,0,119365,1
90822,119365,1,119255,0
90822,119255,0,119303,1
90822,119303,1,119322,1
90822,119322,1,119288,1
90822,119288,1,119311,1
90822,119311,1,119252,1
90822,119252,1,48561,1
90822,48561,1,49331,0
90822,49331,0,49332,1
90822,49332,1,49333,0
90822,49333,0,49373,0
90822,49373,0,49374,0
90822,49374,0,49375,0
90822,49375,0,49376,0
90822,49376,0,49377,0
90822,49377,0,49378,1
90822,49378,1,49292,0
90822,49292,0,49293,1
90822,49293,1,49294,0
90822,49294,0,49319,0
90822,49319,0,49320,1
90822,49320,1,49321,0
90822,49321,0,49325,0
90822,49325,0,49326,0
90822,49326,0,49327,0
90822,49327,0,49298,1
90822,49298,1,49373,0
90822,49373,0,49374,0
90822,49374,0,49375,0
90822,49375,0,49376,0
90822,49376,0,49377,0
90822,49377,0,49378,0
90822,49378,0,49349,0
90822,49349,0,49350,0
90822,49350,0,49351,0
90822,49351,0,49301,0
90822,49301,0,49302,1
90822,49302,1,49303,0
90822,49303,0,49331,0
90822,49331,0,49332,1
90822,49332,1,49333,0
90822,49333,0,49373,0
90822,49373,0,49374,0
90822,49374,0,49375,0
90822,49375,0,49376,0
90822,49376,0,49377,0
90822,49377,0,49378,1
90822,49378,1,49292,0
90822,49292,0,49293,1
90822,49293,1,49294,0
90822,49294,0,49319,0
90822,49319,0,49320,1
90822,49320,1,49321,0
90822,49321,0,49325,0
90822,49325,0,49326,0
90822,49326,0,49327,0
90822,49327,0,49298,1
90822,49298,1,49373,0
90822,49373,0,49374,0
90822,49374,0,49375,0
90822,49375,0,49376,0
90822,49376,0,49377,0
90822,49377,0,49378,0
90822,49378,0,49349,0
90822,49349,0,49350,0
90822,49350,0,49351,0
90822,49351,0,49301,0
90822,49301,0,49302,1
90822,49302,1,49303,0
90822,49303,0,66822,0
90822,66822,0,66823,0
90822,66823,0,66824,0
90822,66824,0,51171,1
90822,51171,1,51189,1
90822,51189,1,51183,1
90822,51183,1,85043,1
90822,85043,1,97619,0
90822,97619,0,97620,0
90822,97620,0,97621,0
90822,97621,0,97622,0
90822,97622,0,97695,1
90822,97695,1,97747,0
90822,97747,0,97748,0
90822,97748,0,97749,0
90822,97749,0,97750,0
90822,97750,0,97707,1
90822,97707,1,97591,0
90822,97591,0,97592,0
90822,97592,0,108217,0
90822,108217,0,108219,1
90822,108219,1,108220,1
90822,108220,1,108221,1
90822,108221,1,108107,0
90822,108107,0,108109,1
90822,108109,1,108110,1
90822,108110,1,108111,1
90822,108111,1,49017,0
90822,49017,0,49018,0
90822,49018,0,49019,1
90822,49019,1,57097,1
90822,57097,1,57098,1
90822,57098,1,119339,0
90822,119339,0,119340,0
90822,119340,0,119341,0
90828,49068,0,48897,0
90828,48897,0,48901,0
90828,48901,0,48873,0
90828,48873,0,57081,0
90828,57081,0,57066,0
90828,57066,0,57120,0
90828,57120,0,57129,0
90828,57129,0,57051,0
90828,57051,0,48572,0
90828,48572,0,48557,0
90828,48557,0,48696,0
90828,48696,0,48680,0
90828,48680,0,48708,0
90828,48708,0,48595,0
90828,48595,0,48630,0
90828,48630,0,49068,0
90828,49068,0,48897,0
90828,48897,0,48901,0
90828,48901,0,48873,0
90828,48873,0,57081,0
90828,57081,0,57066,0
90828,57066,0,57120,0
90828,57120,0,57129,0
90828,57129,0,57051,0
90828,57051,0,119372,0
90828,119372,0,119374,0
90828,119374,0,119246,0
90828,119246,0,119257,0
90828,119257,0,119384,0
90828,119384,0,119273,0
90828,119273,0,119274,0
90828,119274,0,119275,0
90828,119275,0,119276,0
90828,119276,0,119277,0
90828,119277,0,119245,0
90828,119245,0,119366,0
90828,119366,0,119383,0
90828,119383,0,48572,0
90828,48572,0,48557,0
90828,48557,0,48696,0
90828,48696,0,48680,0
90828,48680,0,48708,0
90828,48708,0,48595,0
90828,48595,0,48630,0
90828,48630,0,49301,0
90828,49301,0,49302,0
90828,49302,0,49303,0
90828,49303,0,49322,0
90828,49322,0,49323,0
90828,49323,0,49324,0
90828,49324,0,49343,0
90828,49343,0,49344,0
90828,49344,0,49345,0
90828,49345,0,49373,0
90828,49373,0,49374,0
90828,49374,0,49375,0
90828,49375,0,49325,0
90828,49325,0,49326,0
90828,49326,0,49327,0
90828,49327,0,49364,0
90828,49364,0,49365,0
90828,49365,0,49366,0
90828,49366,0,49298,0
90828,49298,0,49299,0
90828,49299,0,49300,0
90828,49300,0,49352,0
90828,49352,0,49353,0
90828,49353,0,49354,0
90828,49354,0,49376,0
90828,49376,0,49377,0
90828,49377,0,49378,0
90828,49378,0,49292,0
90828,49292,0,49293,0
90828,49293,0,49294,0
90828,49294,0,49328,0
90828,49328,0,49329,0
90828,49329,0,49330,0
90828,49330,0,49310,0
90828,49310,0,49311,0
90828,49311,0,49312,0
90828,49312,0,49331,0
90828,49331,0,49332,0
90828,49332,0,49333,0
90828,49333,0,49379,0
90828,49379,0,49380,0
90828,49380,0,49381,0
90828,49381,0,49313,0
90828,49313,0,49314,0
90828,49314,0,49315,0
90828,49315,0,49373,0
90828,49373,0,49374,0
90828,49374,0,49375,0
90828,49375,0,49349,0
90828,49349,0,49350,0
90828,49350,0,49351,0
90828,49351,0,49376,0
90828,49376,0,49377,0
90828,49377,0,49378,0
90828,49378,0,49343,0
90828,49343,0,49344,0
90828,49344,0,49345,0
90828,49345,0,49352,0
90828,49352,0,49353,0
90828,49353,0,49354,0
90828,49354,0,94919,0
90828,94919,0,90776,0
90828,90776,0,94916,0
90828,94916,0,94923,0
90828,94923,0,90629,0
90828,90629,0,94077,0
90828,94077,0,90621,0
90828,90621,0,49301,0
90828,49301,0,49302,0
90828,49302,0,49303,0
90828,49303,0,49322,0
90828,49322,0,49323,0
90828,49323,0,49324,0
90828,49324,0,49343,0
90828,49343,0,49344,0
90828,49344,0,49345,0
90828,49345,0,49373,0
90828,49373,0,49374,0
90828,49374,0,49375,0
90828,49375,0,49325,0
90828,49325,0,49326,0
90828,49326,0,49327,0
90828,49327,0,49364,0
90828,49364,0,49365,0
90828,49365,0,49366,0
90828,49366,0,49298,0
90828,49298,0,49299,0
90828,49299,0,49300,0
90828,49300,0,49352,0
90828,49352,0,49353,0
90828,49353,0,49354,0
90828,49354,0,49376,0
90828,49376,0,49377,0
90828,49377,0,49378,0
90828,49378,0,49292,0
90828,49292,0,49293,0
90828,49293,0,49294,0
90828,49294,0,55756,0
90828,55756,0,55757,0
90828,55757,0,55758,0
90828,55758,0,55885,0
90828,55885,0,55886,0
90828,55886,0,55887,0
90828,55887,0,55966,0
90828,55966,0,55967,0
90828,55967,0,55968,0
90828,55968,0,55738,0
90828,55738,0,55739,0
90828,55739,0,55740,0
90828,55740,0,55618,0
90828,55618,0,55619,0
90828,55619,0,55620,0
90828,55620,0,49328,0
90828,49328,0,49329,0
90828,49329,0,49330,0
90828,49330,0,49310,0
90828,49310,0,49311,0
90828,49311,0,49312,0
90828,49312,0,49331,0
90828,49331,0,49332,0
90828,49332,0,49333,0
90828,49333,0,49379,0
90828,49379,0,49380,0
90828,49380,0,49381,0
90828,49381,0,49313,0
90828,49313,0,49314,0
90828,49314,0,49315,0
90828,49315,0,49373,0
90828,49373,0,49374,0
90828,49374,0,49375,0
90828,49375,0,49349,0
90828,49349,0,49350,0
90828,49350,0,49351,0
90828,49351,0,49376,0
90828,49376,0,49377,0
90828,49377,0,49378,0
90828,49378,0,49343,0
90828,49343,0,49344,0
90828,49344,0,49345,0
90828,49345,0,49352,0
90828,49352,0,49353,0
90828,49353,0,49354,0
90828,49354,0,108172,0
90828,108172,0,107975,0
90828,107975,0,108192,0
90828,108192,0,90115,0
90828,90115,0,90116,0
90828,90116,0,90117,0
90828,90117,0,90127,0
90828,90127,0,90128,0
90828,90128,0,90129,0
90828,90129,0,90121,0
90828,90121,0,90122,0
90828,90122,0,90123,0
90828,90123,0,90231,0
90828,90231,0,90136,0
90828,90136,0,90137,0
90828,90137,0,90138,0
90828,90138,0,90085,0
90828,90085,0,90086,0
90828,90086,0,90087,0
90828,90087,0,89974,0
90828,89974,0,90407,0
90828,90407,0,90534,0
90828,90534,0,90537,0
90828,90537,0,90597,0
90828,90597,0,90455,0
90828,90455,0,90395,0
90828,90395,0,90688,0
90828,90688,0,51186,0
90828,51186,0,66801,0
90828,66801,0,66802,0
90828,66802,0,66803,0
90828,66803,0,66858,0
90828,66858,0,66859,0
90828,66859,0,66860,0
90828,66860,0,66786,0
90828,66786,0,66787,0
90828,66787,0,66788,0
90828,66788,0,51162,0
90828,51162,0,84998,0
90828,84998,0,85110,0
90828,85110,0,84594,0
90828,84594,0,85119,0
90828,85119,0,84635,0
90828,84635,0,85043,0
90828,85043,0,84656,0
90828,84656,0,97767,0
90828,97767,0,97768,0
90828,97768,0,97769,0
90828,97769,0,97770,0
90828,97770,0,97623,0
90828,97623,0,97624,0
90828,97624,0,97625,1
90828,97625,1,97626,0
90828,97626,0,97671,0
90828,97671,0,97551,0
90828,97551,0,97552,0
90828,97552,0,97553,1
90828,97553,1,97554,0
90828,97554,0,97555,0
90828,97555,0,107689,0
90828,107689,0,107690,0
90828,107690,0,107691,0
90828,107691,0,107692,0
90828,107692,0,107681,0
90828,107681,0,107685,1
90828,107685,1,107686,1
90828,107686,1,107687,1
90828,107687,1,107703,0
90828,107703,0,107704,0
90828,107704,0,107705,0
90828,107705,0,107706,0
90828,107706,0,107696,0
90828,107696,0,107697,0
90828,107697,0,107698,0
90828,107698,0,107699,0
90828,107699,0,107724,0
90828,107724,0,107725,0
90828,107725,0,107726,1
90828,107726,1,107727,1
90828,107727,1,107781,0
90828,107781,0,107782,0
90828,107782,0,107783,1
90828,107783,1,107784,1
90828,107784,1,107753,0
90828,107753,0,107757,1
90828,107757,1,107758,1
90828,107758,1,107759,1
90828,107759,1,107760,0
90828,107760,0,107761,0
90828,107761,0,107762,1
90828,107762,1,107763,1
90828,107763,1,107774,0
90828,107774,0,107778,1
90828,107778,1,107779,1
90828,107779,1,107780,1
90828,107780,1,107823,0
90828,107823,0,107824,0
90828,107824,0,107825,1
90828,107825,1,107826,1
90828,107826,1,108227,0
90828,108227,0,108229,1
90828,108229,1,108230,1
90828,108230,1,108231,1
90828,108231,1,108207,0
90828,108207,0,108209,1
90828,108209,1,108210,1
90828,108210,1,108211,1
90828,108211,1,108268,0
90828,108268,0,108269,1
90828,108269,1,108010,0
90828,108010,0,108011,1
90828,108011,1,108047,0
90828,108047,0,108048,1
90828,108048,1,108062,0
90828,108062,0,108064,1
90828,108064,1,108065,1
90828,108065,1,108066,1
90828,108066,1,108112,0
90828,108112,0,108114,1
90828,108114,1,108115,1
90828,108115,1,108116,1
90828,108116,1,107900,0
90828,107900,0,107901,0
90828,107901,0,107990,0
90828,107990,0,107992,1
90828,107992,1,107993,1
90828,107993,1,107994,1
90828,107994,1,55756,0
90828,55756,0,55757,0
90828,55757,0,55758,0
90828,55758,0,55885,0
90828,55885,0,55886,0
90828,55886,0,55887,0
90828,55887,0,55966,0
90828,55966,0,55967,0
90828,55967,0,55968,0
90828,55968,0,55738,0
90828,55738,0,55739,0
90828,55739,0,55740,0
90828,55740,0,55618,0
90828,55618,0,55619,0
90828,55619,0,55620,0
90828,55620,0,89975,0
90828,89975,0,89976,0
90828,89976,0,90408,0
90828,90408,0,90409,0
90828,90409,0,90535,0
90828,90535,0,90536,0
90828,90536,0,90538,0
90828,90538,0,90539,0
90828,90539,0,90598,0
90828,90598,0,90599,0
90828,90599,0,90456,0
90828,90456,0,90457,0
90828,90457,0,90396,0
90828,90396,0,90397,0
90828,90397,0,90689,0
90828,90689,0,90690,0
90828,90690,0,49069,0
90828,49069,0,49070,0
90828,49070,0,49071,0
90828,49071,0,48898,0
90828,48898,0,48899,0
90828,48899,0,48900,0
90828,48900,0,48902,0
90828,48902,0,48903,0
90828,48903,0,48904,0
90828,48904,0,48874,0
90828,48874,0,48875,0
90828,48875,0,48876,0
90828,48876,0,57082,0
90828,57082,0,57083,0
90828,57083,0,57067,1
90828,57067,1,57068,0
90828,57068,0,57121,0
90828,57121,0,57122,0
90828,57122,0,57130,1
90828,57130,1,57131,0
90828,57131,0,57052,1
90828,57052,1,57053,0
90828,57053,0,108174,1
90828,108174,1,108175,0
90828,108175,0,108176,1
90828,108176,1,107977,1
90828,107977,1,107978,0
90828,107978,0,107979,1
90828,107979,1,108194,1
90828,108194,1,108195,1
90828,108195,1,108196,1
91158,48881,0,48881,0
91158,48881,0,119338,0
91158,119338,0,119378,0
91158,119378,0,119381,1
91158,119381,1,119387,1
91158,119387,1,119367,1
91158,119367,1,119309,0
91158,119309,0,119369,1
91158,119369,1,119363,1
91158,119363,1,119350,1
91158,119350,1,119384,1
91158,119384,1,85715,1
91158,85715,1,66801,0
91158,66801,0,66802,0
91158,66802,0,66803,0
91158,66803,0,51174,0
91158,51174,0,51198,1
91158,51198,1,51216,1
91158,51216,1,51156,1
91158,51156,1,85119,1
91158,85119,1,119339,0
91158,119339,0,119340,0
91158,119340,0,119341,0
91158,119341,0,48882,0
91265,48873,0,48901,0
91265,48901,0,49032,0
91265,49032,0,49000,0
91265,49000,0,49008,0
91265,49008,0,48873,0
91265,48873,0,48901,0
91265,48901,0,49032,0
91265,49032,0,49000,0
91265,49000,0,49008,0
91265,49008,0,119368,1
91265,119368,1,119293,0
91265,119293,0,119294,0
91265,119294,0,119295,0
91265,119295,0,119296,0
91265,119296,0,119297,0
91265,119297,0,119375,0
91265,119375,0,119365,0
91265,119365,0,119308,0
91265,119308,0,119373,0
91265,119373,0,119278,0
91265,119278,0,119279,0
91265,119279,0,119280,1
91265,119280,1,119281,0
91265,119281,0,119282,0
91265,119282,0,119334,0
91265,119334,0,119330,0
91265,119330,0,119366,0
91265,119366,0,88889,0
91265,88889,0,89026,0
91265,89026,0,51168,1
91265,51168,1,84982,0
91265,84982,0,84991,0
91265,84991,0,84606,0
91265,84606,0,84988,0
91265,84988,0,85117,0
91265,85117,0,85077,0
91265,85077,0,85034,0
91265,85034,0,119335,0
91265,119335,0,119336,0
91265,119336,0,119337,0
91265,119337,0,119331,0
91265,119331,0,119332,0
91265,119332,0,119333,0
91265,119333,0,48874,0
91265,48874,0,48875,0
91265,48875,0,48876,0
91265,48876,0,48902,0
91265,48902,0,48903,0
91265,48903,0,48904,0
91265,48904,0,49033,0
91265,49033,0,49034,0
91265,49034,0,49035,0
91265,49035,0,49001,0
91265,49001,0,49002,0
91265,49002,0,49003,0
91265,49003,0,49009,0
91265,49009,0,49010,0
91265,49010,0,49011,0
91268,49028,0,49028,0
91268,49028,0,119350,0
91268,119350,0,88864,1
91268,88864,1,91291,0
91268,91291,0,91331,0
91268,91331,0,91312,0
91268,91312,0,91315,0
91268,91315,0,91266,0
91268,91266,0,91268,0
91268,91268,0,91292,0
91268,91292,0,91326,0
91268,91326,0,91328,0
91268,91328,0,91289,0
91268,91289,0,91258,0
91268,91258,0,91318,0
91268,91318,0,91343,0
91268,91343,0,51189,0
91268,51189,0,51165,0
91268,51165,0,66828,0
91268,66828,0,66829,0
91268,66829,0,66830,0
91268,66830,0,51183,0
91268,51183,0,51141,0
91268,51141,0,84992,0
91268,84992,0,85119,0
91268,85119,0,85110,0
91268,85110,0,84997,0
91268,84997,0,84604,0
91268,84604,0,84603,0
91268,84603,0,84981,0
91268,84981,0,66864,0
91268,66864,0,66865,0
91268,66865,0,49029,0
91268,49029,0,49030,0
91268,49030,0,49031,0
91285,57054,0,57117,0
91285,57117,0,57051,0
91285,57051,0,57096,1
91285,57096,1,57105,0
91285,57105,0,57054,0
91285,57054,0,57117,0
91285,57117,0,57051,0
91285,57051,0,57096,1
91285,57096,1,57105,0
91285,57105,0,85731,0
91285,85731,0,85694,0
91285,85694,0,57055,0
91285,57055,0,57056,0
91285,57056,0,57118,0
91285,57118,0,57119,0
91285,57119,0,57052,0
91285,57052,0,57053,0
91285,57053,0,57106,1
91285,57106,1,57107,0
91451,57060,1,57078,1
91451,57078,1,57060,1
91451,57060,1,57078,1
91451,57078,1,119367,1
91451,119367,1,119369,1
91451,119369,1,119310,1
91451,119310,1,119377,1
91451,119377,1,119365,1
91451,119365,1,119247,1
91451,119247,1,97663,0
91454,57087,0,56964,0
91454,56964,0,56934,1
91454,56934,1,56952,1
91454,56952,1,57087,0
91454,57087,0,56964,0
91454,56964,0,56934,1
91454,56934,1,56952,1
91454,56952,1,56965,1
91454,56965,1,56966,1
92021,50835,0,49028,0
92021,49028,0,49068,0
92021,49068,0,50835,0
92021,50835,0,49028,0
92021,49028,0,49068,0
92021,49068,0,50836,0
92021,50836,0,50837,0
92021,50837,0,50838,0
92021,50838,0,49029,0
92021,49029,0,49030,0
92021,49030,0,49031,0
92021,49031,0,49069,1
92021,49069,1,49070,0
92021,49070,0,49071,0
71873,57575,1,57572,1
71873,57572,1,46842,0
71873,46842,0,71792,1
71873,71792,1,71791,1
71873,71791,1,88883,1
71873,88883,1,79132,1
71873,79132,1,79105,1
71873,79105,1,75300,1
71873,75300,1,87635,1
71873,87635,1,91258,1
71873,91258,1,84923,1
71873,84923,1,84911,1
71873,84911,1,84957,0
71873,84957,0,84909,1
71873,84909,1,84742,1
71873,84742,1,84781,1
71873,84781,1,85841,1
71873,85841,1,85940,0
71873,85940,0,85895,1
71873,85895,1,85904,1
71873,85904,1,85964,1
71873,85964,1,61106,0
71873,61106,0,61110,0
71873,61110,0,61100,1
71873,61100,1,61089,1
71873,61089,1,61090,1
71873,61090,1,85732,1
71873,85732,1,62514,1
71873,62514,1,52867,1
71873,52867,1,66475,1
71873,66475,1,62514,1
71873,62514,1,97772,1
71873,97772,1,97808,1
71873,97808,1,97876,1
71873,97876,1,97788,1
71873,97788,1,97920,1
71873,97920,1,66222,1
71873,66222,1,53270,1
71873,53270,1,66700,1
71873,66700,1,79066,1
71873,79066,1,78907,1
71873,78907,1,79011,1
71873,79011,1,79076,1
71873,79076,1,79059,0
71873,79059,0,79025,1
71873,79025,1,79034,1
71873,79034,1,79005,1
71873,79005,1,79039,0
71873,79039,0,78969,1
71873,78969,1,79068,1
71873,79068,1,78926,1
71873,78926,1,79001,1
71873,79001,1,79049,1
71873,79049,1,79066,1
71873,79066,1,78907,1
71873,78907,1,79011,1
71873,79011,1,79076,1
71873,79076,1,79059,0
71873,79059,0,79025,1
71873,79025,1,79034,1
71873,79034,1,79005,1
71873,79005,1,79039,0
71873,79039,0,78969,1
71873,78969,1,79068,1
71873,79068,1,78926,1
71873,78926,1,79001,1
71873,79001,1,79049,1
71873,79049,1,59985,1
71873,59985,1,88406,1
71873,88406,1,49262,0
71873,49262,0,49281,1
71873,49281,1,49283,1
71873,49283,1,49272,1
71873,49272,1,85419,1
71873,85419,1,49280,1
71873,49280,1,49275,0
71873,49275,0,49282,1
71873,49282,1,49271,1
71873,49271,1,49277,1
71873,49277,1,49285,1
71873,49285,1,49274,1
71873,49274,1,87042,1
71873,87042,1,80484,1
71873,80484,1,80436,1
71873,80436,1,80370,1
71873,80370,1,80454,1
71873,80454,1,80448,1
71873,80448,1,86201,0
71873,86201,0,86165,0
71873,86165,0,86157,1
71873,86157,1,86143,1
71873,86143,1,86147,1
71873,86147,1,86196,1
71873,86196,1,86216,1
71873,86216,1,54108,1
71873,54108,1,54136,1
71873,54136,1,86780,1
71873,86780,1,87635,1
71873,87635,1,46842,0
71873,46842,0,85089,0
71873,85089,0,85103,0
71873,85103,0,84701,1
71873,84701,1,71349,1
71873,71349,1,94891,1
71873,94891,1,94867,1
71873,94867,1,94877,1
71873,94877,1,53761,1
71873,53761,1,79066,1
71873,79066,1,78907,1
71873,78907,1,79011,1
71873,79011,1,79076,1
71873,79076,1,79059,0
71873,79059,0,79025,1
71873,79025,1,79034,1
71873,79034,1,79005,1
71873,79005,1,79039,0
71873,79039,0,78969,1
71873,78969,1,79068,1
71873,79068,1,78926,1
71873,78926,1,79001,1
71873,79001,1,79049,1
71873,79049,1,89659,1
71873,89659,1,80484,1
71873,80484,1,80436,1
71873,80436,1,80370,1
71873,80370,1,80454,1
71873,80454,1,80448,1
71873,80448,1,60065,0
71873,60065,0,60131,1
71873,60131,1,60110,1
71873,60110,1,60039,0
71873,60039,0,60143,1
71873,60143,1,60077,0
71873,60077,0,60044,1
71873,60044,1,108921,1
71873,108921,1,108933,1
71873,108933,1,108990,1
71873,108990,1,71382,1
71873,71382,1,58675,1
71873,58675,1,58678,1
71873,58678,1,58705,1
71873,58705,1,87333,1
71873,87333,1,87344,1
71873,87344,1,87365,1
71873,87365,1,87277,1
71873,87277,1,87331,1
71873,87331,1,86591,1
71873,86591,1,86994,1
71873,86994,1,86277,1
71873,86277,1,87160,1
71873,87160,1,61538,1
71873,61538,1,128638,1
71873,128638,1,85585,1
71873,85585,1,85592,1
71873,85592,1,128666,1
71873,128666,1,128647,1
71873,128647,1,87599,0
71873,87599,0,87550,1
71873,87550,1,87434,1
71873,87434,1,87444,1
71873,87444,1,87463,0
71873,87463,0,87469,1
71873,87469,1,87443,1
71873,87443,1,87540,1
71873,87540,1,87427,1
71873,87427,1,87436,1
71873,87436,1,87956,1
71873,87956,1,85419,1
71873,85419,1,53761,1
71873,53761,1,51634,1
71873,51634,1,88217,1
71873,88217,1,75238,0
71873,75238,0,75246,1
71873,75246,1,75221,0
71873,75221,0,75219,1
71873,75219,1,75243,1
71873,75243,1,88595,1
71873,88595,1,53876,1
71873,53876,1,89934,1
71873,89934,1,89666,1
71873,89666,1,89667,1
71873,89667,1,89922,0
71873,89922,0,89882,1
71873,89882,1,89893,1
71873,89893,1,89956,1
71873,89956,1,53871,1
71873,53871,1,54059,0
71873,54059,0,54071,0
71873,54071,0,54031,0
71873,54031,0,54027,1
71873,54027,1,53999,1
71873,53999,1,54039,1
71873,54039,1,53983,0
71873,53983,0,54027,1
71873,54027,1,54095,1
71873,54095,1,54039,1
71873,54039,1,54373,1
71873,54373,1,54586,1
71873,54586,1,90575,1
71873,90575,1,90172,1
71873,90172,1,54455,1
71873,54455,1,54556,1
71873,54556,1,90229,1
71873,90229,1,90353,1
71873,90353,1,54190,1
71873,54190,1,58815,1
71873,58815,1,53802,1
71873,53802,1,86312,1
71873,86312,1,53790,1
71873,53790,1,86610,1
71873,86610,1,84612,1
71873,84612,1,66849,0
71873,66849,0,66850,0
71873,66850,0,66851,1
71873,66851,1,51156,1
71873,51156,1,51171,1
71873,51171,1,51180,1
71873,51180,1,51001,0
71873,51001,0,50999,1
71873,50999,1,50990,0
71873,50990,0,50998,0
71873,50998,0,50992,1
71873,50992,1,51088,0
71873,51088,0,54060,1
71873,54060,1,54061,1
71873,54061,1,54062,1
71873,54062,1,54072,1
71873,54072,1,54073,0
71873,54073,0,54074,0
71873,54074,0,54032,1
71873,54032,1,54033,1
71873,54033,1,54034,1
71873,54034,1,53984,0
71873,53984,0,53985,1
71873,53985,1,53986,0
77402,46893,0,46905,1
77402,46905,1,46944,0
77402,46944,0,46908,1
77402,46908,1,46893,0
77402,46893,0,46905,1
77402,46905,1,46944,0
77402,46944,0,46908,1
77402,46908,1,51630,1
77402,51630,1,66822,1
77402,66822,1,51008,1
77402,51008,1,51084,1
77402,51084,1,46945,1
77402,46945,1,46946,1
77402,46946,1,46913,1
78492,93218,0,93218,0
78492,93218,0,93218,0
78492,93218,0,93218,0
78492,93218,0,93218,0
78492,93218,0,93218,0
78492,93218,0,93218,0
78492,93218,0,93218,0
78492,93218,0,93218,0
78492,93218,0,93218,0
78492,93218,0,93218,0
78492,93218,0,93218,0
78492,93218,0,93218,0
78492,93218,0,93218,0
78492,93218,0,93218,0
78492,93218,0,93218,0
78492,93218,0,93218,0
78492,93218,0,93218,0
78492,93218,0,93218,0
78492,93218,0,93218,0
78492,93218,0,93218,0
78492,93218,0,93218,0
78492,93218,0,93218,0
78492,93218,0,93218,0
78492,93218,0,93218,0
78492,93218,0,93218,0
78492,93218,0,93164,1
78492,93164,1,93164,1
78492,93164,1,93164,1
78492,93164,1,93164,1
78492,93164,1,93164,1
78492,93164,1,93164,1
78492,93164,1,93164,1
78492,93164,1,93164,1
78492,93164,1,93164,1
78492,93164,1,93164,1
78492,93164,1,93164,1
78492,93164,1,93164,1
78492,93164,1,93164,1
78492,93164,1,93164,1
78492,93164,1,93164,1
78492,93164,1,93164,1
78492,93164,1,93164,1
78492,93164,1,93164,1
78492,93164,1,93164,1
78492,93164,1,93164,1
78492,93164,1,93164,1
78492,93164,1,93164,1
78492,93164,1,93164,1
78492,93164,1,93164,1
78492,93164,1,93164,1
78492,93164,1,93164,1
78492,93164,1,93223,1
78492,93223,1,93223,1
78492,93223,1,93223,1
78492,93223,1,93223,1
78492,93223,1,93223,1
78492,93223,1,93223,1
78492,93223,1,93223,1
78492,93223,1,93223,1
78492,93223,1,93223,1
78492,93223,1,93223,1
78492,93223,1,93223,1
78492,93223,1,93223,1
78492,93223,1,93223,1
78492,93223,1,93223,1
78492,93223,1,93223,1
78492,93223,1,93223,1
78492,93223,1,93223,1
78492,93223,1,93223,1
78492,93223,1,93223,1
78492,93223,1,93223,1
78492,93223,1,93223,1
78492,93223,1,93223,1
78492,93223,1,93223,1
78492,93223,1,93223,1
78492,93223,1,93223,1
78492,93223,1,93223,1
78492,93223,1,93237,1
78492,93237,1,93237,1
78492,93237,1,93237,1
78492,93237,1,93237,1
78492,93237,1,93237,1
78492,93237,1,93237,1
78492,93237,1,93237,1
78492,93237,1,93237,1
78492,93237,1,93237,1
78492,93237,1,93237,1
78492,93237,1,93237,1
78492,93237,1,93237,1
78492,93237,1,93237,1
78492,93237,1,93237,1
78492,93237,1,93237,1
78492,93237,1,93237,1
78492,93237,1,93237,1
78492,93237,1,93237,1
78492,93237,1,93237,1
78492,93237,1,93237,1
78492,93237,1,93237,1
78492,93237,1,93237,1
78492,93237,1,93237,1
78492,93237,1,93237,1
78492,93237,1,93237,1
78492,93237,1,93237,1
78492,93237,1,93205,1
78492,93205,1,93205,1
78492,93205,1,93205,1
78492,93205,1,93205,1
78492,93205,1,93205,1
78492,93205,1,93205,1
78492,93205,1,93205,1
78492,93205,1,93205,1
78492,93205,1,93205,1
78492,93205,1,93205,1
78492,93205,1,93205,1
78492,93205,1,93205,1
78492,93205,1,93205,1
78492,93205,1,93205,1
78492,93205,1,85099,1
78492,85099,1,85099,1
78492,85099,1,85099,1
78492,85099,1,85099,1
78492,85099,1,85099,1
78492,85099,1,85099,1
78492,85099,1,85099,1
78492,85099,1,85099,1
78492,85099,1,85099,1
78492,85099,1,85099,1
78492,85099,1,85099,1
78492,85099,1,85099,1
78492,85099,1,85099,1
78492,85099,1,85099,1
78492,85099,1,85099,1
78492,85099,1,85099,1
78492,85099,1,85099,1
78492,85099,1,85099,1
78492,85099,1,85099,1
78492,85099,1,85099,1
78492,85099,1,86119,1
78492,86119,1,86119,1
78492,86119,1,86119,1
78492,86119,1,86119,1
78492,86119,1,86119,1
78492,86119,1,86119,1
78492,86119,1,86119,1
78492,86119,1,86119,1
78492,86119,1,86119,1
78492,86119,1,86119,1
78492,86119,1,86119,1
78492,86119,1,86119,1
78492,86119,1,86119,1
78492,86119,1,86119,1
78492,86119,1,86119,1
78492,86119,1,86119,1
78492,86119,1,86119,1
78492,86119,1,86119,1
78492,86119,1,86119,1
78492,86119,1,86119,1
78492,86119,1,85676,1
78492,85676,1,85676,1
78492,85676,1,85676,1
78492,85676,1,85676,1
78492,85676,1,85676,1
78492,85676,1,85676,1
78492,85676,1,85676,1
78492,85676,1,85676,1
78492,85676,1,85676,1
78492,85676,1,85676,1
78492,85676,1,89264,1
78492,89264,1,89264,1
78492,89264,1,89264,1
78492,89264,1,89264,1
78492,89264,1,89264,1
78492,89264,1,89264,1
78492,89264,1,89264,1
78492,89264,1,89264,1
78492,89264,1,89264,1
78492,89264,1,89264,1
78492,89264,1,89264,1
78492,89264,1,89264,1
78492,89264,1,89264,1
78492,89264,1,89264,1
78492,89264,1,89264,1
78492,89264,1,89264,1
78492,89264,1,89264,1
78492,89264,1,89264,1
78492,89264,1,89264,1
78492,89264,1,89264,1
78492,89264,1,89264,1
78492,89264,1,89264,1
78492,89264,1,89264,1
78492,89264,1,89264,1
78492,89264,1,89264,1
78492,89264,1,89264,1
78492,89264,1,89264,1
78492,89264,1,89264,1
78492,89264,1,89264,1
78492,89264,1,89264,1
78492,89264,1,89264,1
78492,89264,1,89264,1
78492,89264,1,89264,1
78492,89264,1,89264,1
78492,89264,1,89264,1
78492,89264,1,89264,1
78492,89264,1,89264,1
78492,89264,1,89264,1
78492,89264,1,89264,1
78492,89264,1,89264,1
78492,89264,1,89264,1
78492,89264,1,89264,1
78492,89264,1,89264,1
78492,89264,1,89264,1
78492,89264,1,89264,1
78492,89264,1,89264,1
78492,89264,1,89264,1
78492,89264,1,89264,1
78492,89264,1,89264,1
78492,89264,1,89264,1
78492,89264,1,89264,1
78492,89264,1,89264,1
78492,89264,1,89264,1
78492,89264,1,89264,1
78492,89264,1,89264,1
78492,89264,1,89264,1
78492,89264,1,89264,1
78492,89264,1,89264,1
78492,89264,1,89264,1
78492,89264,1,89264,1
78492,89264,1,89263,1
78492,89263,1,89263,1
78492,89263,1,89263,1
78492,89263,1,89263,1
78492,89263,1,89263,1
78492,89263,1,89263,1
78492,89263,1,89263,1
78492,89263,1,89263,1
78492,89263,1,89263,1
78492,89263,1,89263,1
78492,89263,1,89263,1
78492,89263,1,89263,1
78492,89263,1,89263,1
78492,89263,1,89263,1
78492,89263,1,89263,1
78492,89263,1,89263,1
78492,89263,1,89263,1
78492,89263,1,89263,1
78492,89263,1,89263,1
78492,89263,1,89263,1
78492,89263,1,89263,1
78492,89263,1,89263,1
78492,89263,1,89263,1
78492,89263,1,89263,1
78492,89263,1,89263,1
78492,89263,1,89263,1
78492,89263,1,89263,1
78492,89263,1,89263,1
78492,89263,1,89263,1
78492,89263,1,89263,1
78492,89263,1,89263,1
78492,89263,1,89263,1
78492,89263,1,89263,1
78492,89263,1,89263,1
78492,89263,1,89263,1
78492,89263,1,89263,1
78492,89263,1,89263,1
78492,89263,1,89263,1
78492,89263,1,89263,1
78492,89263,1,89263,1
78492,89263,1,89263,1
78492,89263,1,89263,1
78492,89263,1,89263,1
78492,89263,1,89263,1
78492,89263,1,89263,1
78492,89263,1,89263,1
78492,89263,1,89263,1
78492,89263,1,89263,1
78492,89263,1,89263,1
78492,89263,1,89263,1
78492,89263,1,89263,1
78492,89263,1,89263,1
78492,89263,1,89263,1
78492,89263,1,89263,1
78492,89263,1,89263,1
78492,89263,1,89263,1
78492,89263,1,89263,1
78492,89263,1,89263,1
78492,89263,1,89263,1
78492,89263,1,89263,1
78492,89263,1,91378,0
78492,91378,0,91378,0
78492,91378,0,91378,0
78492,91378,0,91378,0
78492,91378,0,91378,0
78492,91378,0,91378,0
78492,91378,0,91378,0
78492,91378,0,91378,0
78492,91378,0,91378,0
78492,91378,0,91378,0
78492,91378,0,91378,0
78492,91378,0,91378,0
78492,91378,0,91378,0
78492,91378,0,91378,0
78492,91378,0,91378,0
78492,91378,0,91378,0
78492,91378,0,91378,0
78492,91378,0,91378,0
78492,91378,0,91378,0
78492,91378,0,91378,0
78492,91378,0,89275,1
78492,89275,1,89275,1
78492,89275,1,89275,1
78492,89275,1,89275,1
78492,89275,1,89275,1
78492,89275,1,89275,1
78492,89275,1,89275,1
78492,89275,1,89275,1
78492,89275,1,89275,1
78492,89275,1,89275,1
78492,89275,1,89275,1
78492,89275,1,89275,1
78492,89275,1,89275,1
78492,89275,1,89275,1
78492,89275,1,89275,1
78492,89275,1,89275,1
78492,89275,1,89275,1
78492,89275,1,89275,1
78492,89275,1,89275,1
78492,89275,1,89275,1
78492,89275,1,91379,1
78492,91379,1,91379,1
78492,91379,1,91379,1
78492,91379,1,91379,1
78492,91379,1,91379,1
78492,91379,1,91379,1
78492,91379,1,91379,1
78492,91379,1,91379,1
78492,91379,1,91379,1
78492,91379,1,91379,1
78492,91379,1,91379,1
78492,91379,1,91379,1
78492,91379,1,91379,1
78492,91379,1,91379,1
78492,91379,1,91379,1
78492,91379,1,91379,1
78492,91379,1,91379,1
78492,91379,1,91379,1
78492,91379,1,91379,1
78492,91379,1,91379,1
78492,91379,1,89280,1
78492,89280,1,89280,1
78492,89280,1,89280,1
78492,89280,1,89280,1
78492,89280,1,89280,1
78492,89280,1,89280,1
78492,89280,1,89280,1
78492,89280,1,89280,1
78492,89280,1,89280,1
78492,89280,1,89280,1
78492,89280,1,89280,1
78492,89280,1,89280,1
78492,89280,1,89280,1
78492,89280,1,89280,1
78492,89280,1,89280,1
78492,89280,1,89280,1
78492,89280,1,89280,1
78492,89280,1,89280,1
78492,89280,1,89280,1
78492,89280,1,89280,1
78492,89280,1,91638,0
78492,91638,0,91638,0
78492,91638,0,91638,0
78492,91638,0,91638,0
78492,91638,0,91638,0
78492,91638,0,91638,0
78492,91638,0,91638,0
78492,91638,0,91638,0
78492,91638,0,91638,0
78492,91638,0,91638,0
78492,91638,0,91638,0
78492,91638,0,91638,0
78492,91638,0,91638,0
78492,91638,0,91638,0
78492,91638,0,91638,0
78492,91638,0,91638,0
78492,91638,0,91638,0
78492,91638,0,91638,0
78492,91638,0,91638,0
78492,91638,0,91638,0
78492,91638,0,91638,0
78492,91638,0,91638,0
78492,91638,0,91638,0
78492,91638,0,91638,0
78492,91638,0,91638,0
78492,91638,0,91638,0
78492,91638,0,91638,0
78492,91638,0,91638,0
78492,91638,0,91638,0
78492,91638,0,91638,0
78492,91638,0,91638,0
78492,91638,0,91638,0
78492,91638,0,91638,0
78492,91638,0,91638,0
78492,91638,0,91638,0
78492,91638,0,91638,0
78492,91638,0,91638,0
78492,91638,0,91638,0
78492,91638,0,91638,0
78492,91638,0,91638,0
78492,91638,0,91638,0
78492,91638,0,91638,0
78492,91638,0,91638,0
78492,91638,0,91638,0
78492,91638,0,91638,0
78492,91638,0,91638,0
78492,91638,0,91638,0
78492,91638,0,91638,0
78492,91638,0,91638,0
78492,91638,0,91638,0
78492,91638,0,91638,0
78492,91638,0,91638,0
78492,91638,0,91638,0
78492,91638,0,91638,0
78492,91638,0,91638,0
78492,91638,0,91638,0
78492,91638,0,91638,0
78492,91638,0,91638,0
78492,91638,0,91638,0
78492,91638,0,91638,0
78492,91638,0,91638,0
78492,91638,0,91638,0
78492,91638,0,91646,1
78492,91646,1,91646,1
78492,91646,1,91646,1
78492,91646,1,91646,1
78492,91646,1,91646,1
78492,91646,1,91646,1
78492,91646,1,91646,1
78492,91646,1,91646,1
78492,91646,1,91646,1
78492,91646,1,91646,1
78492,91646,1,91646,1
78492,91646,1,91646,1
78492,91646,1,91646,1
78492,91646,1,91646,1
78492,91646,1,91646,1
78492,91646,1,91646,1
78492,91646,1,91646,1
78492,91646,1,91646,1
78492,91646,1,91646,1
78492,91646,1,91646,1
78492,91646,1,91646,1
78492,91646,1,91646,1
78492,91646,1,91646,1
78492,91646,1,91646,1
78492,91646,1,91646,1
78492,91646,1,91646,1
78492,91646,1,91646,1
78492,91646,1,91646,1
78492,91646,1,91646,1
78492,91646,1,91646,1
78492,91646,1,91646,1
78492,91646,1,91646,1
78492,91646,1,91646,1
78492,91646,1,91646,1
78492,91646,1,91646,1
78492,91646,1,91646,1
78492,91646,1,91646,1
78492,91646,1,91646,1
78492,91646,1,91646,1
78492,91646,1,91646,1
78492,91646,1,91646,1
78492,91646,1,91646,1
78492,91646,1,91646,1
78492,91646,1,91646,1
78492,91646,1,91646,1
78492,91646,1,91646,1
78492,91646,1,91646,1
78492,91646,1,91646,1
78492,91646,1,91646,1
78492,91646,1,91646,1
78492,91646,1,91646,1
78492,91646,1,91646,1
78492,91646,1,91646,1
78492,91646,1,91646,1
78492,91646,1,91646,1
78492,91646,1,91646,1
78492,91646,1,91646,1
78492,91646,1,91646,1
78492,91646,1,91646,1
78492,91646,1,91646,1
78492,91646,1,91646,1
78492,91646,1,91646,1
78492,91646,1,91644,1
78492,91644,1,91644,1
78492,91644,1,91644,1
78492,91644,1,91644,1
78492,91644,1,91644,1
78492,91644,1,91644,1
78492,91644,1,91644,1
78492,91644,1,91644,1
78492,91644,1,91644,1
78492,91644,1,91644,1
78492,91644,1,91644,1
78492,91644,1,91644,1
78492,91644,1,91644,1
78492,91644,1,91644,1
78492,91644,1,91644,1
78492,91644,1,91644,1
78492,91644,1,91644,1
78492,91644,1,91644,1
78492,91644,1,91644,1
78492,91644,1,91644,1
78492,91644,1,91644,1
78492,91644,1,91644,1
78492,91644,1,89874,0
78492,89874,0,89874,0
78492,89874,0,89874,0
78492,89874,0,89874,0
78492,89874,0,89874,0
78492,89874,0,89874,0
78492,89874,0,89874,0
78492,89874,0,89874,0
78492,89874,0,89874,0
78492,89874,0,89874,0
78492,89874,0,89874,0
78492,89874,0,89874,0
78492,89874,0,89874,0
78492,89874,0,89874,0
78492,89874,0,89874,0
78492,89874,0,89874,0
78492,89874,0,89874,0
78492,89874,0,89874,0
78492,89874,0,89874,0
78492,89874,0,89874,0
78492,89874,0,89874,0
78492,89874,0,89874,0
78492,89874,0,89874,0
78492,89874,0,89874,0
78492,89874,0,89874,0
78492,89874,0,89874,0
78492,89874,0,89874,0
78492,89874,0,89874,0
78492,89874,0,89874,0
78492,89874,0,89874,0
78492,89874,0,89874,0
78492,89874,0,89874,0
78492,89874,0,89874,0
78492,89874,0,89874,0
78492,89874,0,89874,0
78492,89874,0,89874,0
78492,89874,0,89874,0
78492,89874,0,89874,0
78492,89874,0,89874,0
78492,89874,0,89874,0
78492,89874,0,89874,0
78492,89874,0,89874,0
78492,89874,0,89874,0
78492,89874,0,89874,0
78492,89874,0,89874,0
78492,89874,0,89874,0
78492,89874,0,89874,0
78492,89874,0,89874,0
78492,89874,0,89874,0
78492,89874,0,89874,0
78492,89874,0,89874,0
78492,89874,0,89874,0
78492,89874,0,89874,0
78492,89874,0,89874,0
78492,89874,0,89874,0
78492,89874,0,89874,0
78492,89874,0,89874,0
78492,89874,0,89874,0
78492,89874,0,89874,0
78492,89874,0,89874,0
78492,89874,0,89874,0
78492,89874,0,89874,0
78492,89874,0,89799,1
78492,89799,1,89799,1
78492,89799,1,89799,1
78492,89799,1,89799,1
78492,89799,1,89799,1
78492,89799,1,89799,1
78492,89799,1,89799,1
78492,89799,1,89799,1
78492,89799,1,89799,1
78492,89799,1,89799,1
78492,89799,1,89799,1
78492,89799,1,89799,1
78492,89799,1,89799,1
78492,89799,1,89799,1
78492,89799,1,89799,1
78492,89799,1,89799,1
78492,89799,1,89799,1
78492,89799,1,89799,1
78492,89799,1,89799,1
78492,89799,1,89799,1
78492,89799,1,89799,1
78492,89799,1,89799,1
78492,89799,1,89799,1
78492,89799,1,89799,1
78492,89799,1,89799,1
78492,89799,1,89799,1
78492,89799,1,89799,1
78492,89799,1,89799,1
78492,89799,1,89799,1
78492,89799,1,89799,1
78492,89799,1,89799,1
78492,89799,1,89799,1
78492,89799,1,89799,1
78492,89799,1,89799,1
78492,89799,1,89799,1
78492,89799,1,89799,1
78492,89799,1,89799,1
78492,89799,1,89799,1
78492,89799,1,89799,1
78492,89799,1,89799,1
78492,89799,1,89799,1
78492,89799,1,89799,1
78492,89799,1,89799,1
78492,89799,1,89799,1
78492,89799,1,89799,1
78492,89799,1,89799,1
78492,89799,1,89799,1
78492,89799,1,89799,1
78492,89799,1,89799,1
78492,89799,1,89799,1
78492,89799,1,89799,1
78492,89799,1,89799,1
78492,89799,1,89799,1
78492,89799,1,89799,1
78492,89799,1,89799,1
78492,89799,1,89799,1
78492,89799,1,89799,1
78492,89799,1,89799,1
78492,89799,1,89799,1
78492,89799,1,89799,1
78492,89799,1,89799,1
78492,89799,1,89799,1
78492,89799,1,89806,1
78492,89806,1,89806,1
78492,89806,1,89806,1
78492,89806,1,89806,1
78492,89806,1,89806,1
78492,89806,1,89806,1
78492,89806,1,89806,1
78492,89806,1,89806,1
78492,89806,1,89806,1
78492,89806,1,89806,1
78492,89806,1,89806,1
78492,89806,1,89806,1
78492,89806,1,89806,1
78492,89806,1,89806,1
78492,89806,1,89806,1
78492,89806,1,89806,1
78492,89806,1,89806,1
78492,89806,1,89806,1
78492,89806,1,89806,1
78492,89806,1,89806,1
78492,89806,1,89806,1
78492,89806,1,89806,1
78492,89806,1,89806,1
78492,89806,1,89806,1
78492,89806,1,89806,1
78492,89806,1,89806,1
78492,89806,1,89806,1
78492,89806,1,89806,1
78492,89806,1,89806,1
78492,89806,1,89806,1
78492,89806,1,89806,1
78492,89806,1,89806,1
78492,89806,1,89806,1
78492,89806,1,89806,1
78492,89806,1,89806,1
78492,89806,1,89806,1
78492,89806,1,89806,1
78492,89806,1,89806,1
78492,89806,1,89806,1
78492,89806,1,89806,1
78492,89806,1,89806,1
78492,89806,1,89806,1
78492,89806,1,89806,1
78492,89806,1,89806,1
78492,89806,1,89806,1
78492,89806,1,89806,1
78492,89806,1,89806,1
78492,89806,1,89806,1
78492,89806,1,89806,1
78492,89806,1,89806,1
78492,89806,1,89806,1
78492,89806,1,89806,1
78492,89806,1,89806,1
78492,89806,1,89806,1
78492,89806,1,89806,1
78492,89806,1,89806,1
78492,89806,1,89806,1
78492,89806,1,89806,1
78492,89806,1,89806,1
78492,89806,1,89806,1
78492,89806,1,89806,1
78492,89806,1,89806,1
78492,89806,1,89876,0
78492,89876,0,89876,0
78492,89876,0,89876,0
78492,89876,0,89876,0
78492,89876,0,89876,0
78492,89876,0,89876,0
78492,89876,0,89876,0
78492,89876,0,89876,0
78492,89876,0,89876,0
78492,89876,0,89876,0
78492,89876,0,89876,0
78492,89876,0,89876,0
78492,89876,0,89876,0
78492,89876,0,89876,0
78492,89876,0,89876,0
78492,89876,0,89876,0
78492,89876,0,89876,0
78492,89876,0,89876,0
78492,89876,0,89876,0
78492,89876,0,89876,0
78492,89876,0,89876,0
78492,89876,0,89876,0
78492,89876,0,89876,0
78492,89876,0,89876,0
78492,89876,0,89876,0
78492,89876,0,89876,0
78492,89876,0,89876,0
78492,89876,0,89876,0
78492,89876,0,89876,0
78492,89876,0,89876,0
78492,89876,0,89876,0
78492,89876,0,89876,0
78492,89876,0,89876,0
78492,89876,0,89876,0
78492,89876,0,89876,0
78492,89876,0,89876,0
78492,89876,0,89876,0
78492,89876,0,89876,0
78492,89876,0,89876,0
78492,89876,0,89876,0
78492,89876,0,89876,0
78492,89876,0,89876,0
78492,89876,0,89876,0
78492,89876,0,89876,0
78492,89876,0,89876,0
78492,89876,0,89876,0
78492,89876,0,89876,0
78492,89876,0,89876,0
78492,89876,0,89876,0
78492,89876,0,89876,0
78492,89876,0,89876,0
78492,89876,0,89876,0
78492,89876,0,89876,0
78492,89876,0,89876,0
78492,89876,0,89876,0
78492,89876,0,89876,0
78492,89876,0,89876,0
78492,89876,0,89876,0
78492,89876,0,89876,0
78492,89876,0,89876,0
78492,89876,0,89876,0
78492,89876,0,89876,0
78492,89876,0,89819,1
78492,89819,1,89819,1
78492,89819,1,89819,1
78492,89819,1,89819,1
78492,89819,1,89819,1
78492,89819,1,89819,1
78492,89819,1,89819,1
78492,89819,1,89819,1
78492,89819,1,89819,1
78492,89819,1,89819,1
78492,89819,1,89819,1
78492,89819,1,89819,1
78492,89819,1,89819,1
78492,89819,1,89819,1
78492,89819,1,89819,1
78492,89819,1,89819,1
78492,89819,1,89819,1
78492,89819,1,89819,1
78492,89819,1,89819,1
78492,89819,1,89819,1
78492,89819,1,89819,1
78492,89819,1,89819,1
78492,89819,1,89819,1
78492,89819,1,89819,1
78492,89819,1,89819,1
78492,89819,1,89819,1
78492,89819,1,89819,1
78492,89819,1,89819,1
78492,89819,1,89819,1
78492,89819,1,89819,1
78492,89819,1,89819,1
78492,89819,1,89819,1
78492,89819,1,89819,1
78492,89819,1,89819,1
78492,89819,1,89819,1
78492,89819,1,89819,1
78492,89819,1,89819,1
78492,89819,1,89819,1
78492,89819,1,89819,1
78492,89819,1,89819,1
78492,89819,1,89819,1
78492,89819,1,89819,1
78492,89819,1,89819,1
78492,89819,1,89819,1
78492,89819,1,89819,1
78492,89819,1,89819,1
78492,89819,1,89819,1
78492,89819,1,89819,1
78492,89819,1,89819,1
78492,89819,1,89819,1
78492,89819,1,89819,1
78492,89819,1,89819,1
78492,89819,1,89819,1
78492,89819,1,89819,1
78492,89819,1,89819,1
78492,89819,1,89819,1
78492,89819,1,89819,1
78492,89819,1,89819,1
78492,89819,1,89819,1
78492,89819,1,89819,1
78492,89819,1,89819,1
78492,89819,1,89819,1
78492,89819,1,89800,0
78492,89800,0,89800,0
78492,89800,0,89800,0
78492,89800,0,89800,0
78492,89800,0,89800,0
78492,89800,0,89800,0
78492,89800,0,89800,0
78492,89800,0,89800,0
78492,89800,0,89800,0
78492,89800,0,89800,0
78492,89800,0,89800,0
78492,89800,0,89800,0
78492,89800,0,89800,0
78492,89800,0,89800,0
78492,89800,0,89800,0
78492,89800,0,89800,0
78492,89800,0,89800,0
78492,89800,0,89800,0
78492,89800,0,89800,0
78492,89800,0,89800,0
78492,89800,0,89800,0
78492,89800,0,89800,0
78492,89800,0,89809,1
78492,89809,1,89809,1
78492,89809,1,89809,1
78492,89809,1,89809,1
78492,89809,1,89809,1
78492,89809,1,89809,1
78492,89809,1,89809,1
78492,89809,1,89809,1
78492,89809,1,89809,1
78492,89809,1,89809,1
78492,89809,1,89809,1
78492,89809,1,89809,1
78492,89809,1,89809,1
78492,89809,1,89809,1
78492,89809,1,89809,1
78492,89809,1,89809,1
78492,89809,1,89809,1
78492,89809,1,89809,1
78492,89809,1,89809,1
78492,89809,1,89809,1
78492,89809,1,89809,1
78492,89809,1,89809,1
78492,89809,1,91660,1
78492,91660,1,91660,1
78492,91660,1,91660,1
78492,91660,1,91660,1
78492,91660,1,91660,1
78492,91660,1,91660,1
78492,91660,1,91660,1
78492,91660,1,91660,1
78492,91660,1,91660,1
78492,91660,1,91660,1
78492,91660,1,91660,1
78492,91660,1,91660,1
78492,91660,1,91660,1
78492,91660,1,91660,1
78492,91660,1,91660,1
78492,91660,1,91660,1
78492,91660,1,91660,1
78492,91660,1,91660,1
78492,91660,1,91660,1
78492,91660,1,91660,1
78492,91660,1,91660,1
78492,91660,1,91660,1
78492,91660,1,91660,1
78492,91660,1,91660,1
78492,91660,1,91660,1
78492,91660,1,91660,1
78492,91660,1,91660,1
78492,91660,1,91660,1
78492,91660,1,91660,1
78492,91660,1,91660,1
78492,91660,1,91660,1
78492,91660,1,91660,1
78492,91660,1,91660,1
78492,91660,1,91660,1
78492,91660,1,91660,1
78492,91660,1,91660,1
78492,91660,1,91660,1
78492,91660,1,91660,1
78492,91660,1,91660,1
78492,91660,1,91660,1
78492,91660,1,91660,1
78492,91660,1,91660,1
78492,91660,1,91660,1
78492,91660,1,91660,1
78492,91660,1,91660,1
78492,91660,1,91660,1
78492,91660,1,91660,1
78492,91660,1,91660,1
78492,91660,1,91660,1
78492,91660,1,91660,1
78492,91660,1,91660,1
78492,91660,1,91660,1
78492,91660,1,91660,1
78492,91660,1,91660,1
78492,91660,1,91660,1
78492,91660,1,91660,1
78492,91660,1,91660,1
78492,91660,1,91660,1
78492,91660,1,91660,1
78492,91660,1,91660,1
78492,91660,1,91660,1
78492,91660,1,91660,1
78492,91660,1,91667,0
78492,91667,0,91667,0
78492,91667,0,91667,0
78492,91667,0,91667,0
78492,91667,0,91667,0
78492,91667,0,91667,0
78492,91667,0,91667,0
78492,91667,0,91667,0
78492,91667,0,91667,0
78492,91667,0,91667,0
78492,91667,0,91667,0
78492,91667,0,91667,0
78492,91667,0,91667,0
78492,91667,0,91667,0
78492,91667,0,91667,0
78492,91667,0,91667,0
78492,91667,0,91667,0
78492,91667,0,91667,0
78492,91667,0,91667,0
78492,91667,0,91667,0
78492,91667,0,91667,0
78492,91667,0,91667,0
78492,91667,0,91667,0
78492,91667,0,91667,0
78492,91667,0,91667,0
78492,91667,0,91667,0
78492,91667,0,91667,0
78492,91667,0,91667,0
78492,91667,0,91667,0
78492,91667,0,91667,0
78492,91667,0,91667,0
78492,91667,0,91667,0
78492,91667,0,91667,0
78492,91667,0,91667,0
78492,91667,0,91667,0
78492,91667,0,91667,0
78492,91667,0,91667,0
78492,91667,0,91667,0
78492,91667,0,91667,0
78492,91667,0,91667,0
78492,91667,0,91667,0
78492,91667,0,91667,0
78492,91667,0,91667,0
78492,91667,0,91667,0
78492,91667,0,91667,0
78492,91667,0,91667,0
78492,91667,0,91667,0
78492,91667,0,91667,0
78492,91667,0,91667,0
78492,91667,0,91667,0
78492,91667,0,91667,0
78492,91667,0,91667,0
78492,91667,0,91667,0
78492,91667,0,91667,0
78492,91667,0,91667,0
78492,91667,0,91667,0
78492,91667,0,91667,0
78492,91667,0,91667,0
78492,91667,0,91667,0
78492,91667,0,91667,0
78492,91667,0,91667,0
78492,91667,0,91667,0
78492,91667,0,91656,1
78492,91656,1,91656,1
78492,91656,1,91656,1
78492,91656,1,91656,1
78492,91656,1,91656,1
78492,91656,1,91656,1
78492,91656,1,91656,1
78492,91656,1,91656,1
78492,91656,1,91656,1
78492,91656,1,91656,1
78492,91656,1,91656,1
78492,91656,1,91656,1
78492,91656,1,91656,1
78492,91656,1,91656,1
78492,91656,1,91656,1
78492,91656,1,91656,1
78492,91656,1,91656,1
78492,91656,1,91656,1
78492,91656,1,91656,1
78492,91656,1,91656,1
78492,91656,1,91656,1
78492,91656,1,91656,1
78492,91656,1,91656,1
78492,91656,1,91656,1
78492,91656,1,91656,1
78492,91656,1,91656,1
78492,91656,1,91656,1
78492,91656,1,91656,1
78492,91656,1,91656,1
78492,91656,1,91656,1
78492,91656,1,91656,1
78492,91656,1,91656,1
78492,91656,1,91656,1
78492,91656,1,91656,1
78492,91656,1,91656,1
78492,91656,1,91656,1
78492,91656,1,91656,1
78492,91656,1,91656,1
78492,91656,1,91656,1
78492,91656,1,91656,1
78492,91656,1,91656,1
78492,91656,1,91656,1
78492,91656,1,91656,1
78492,91656,1,91656,1
78492,91656,1,91656,1
78492,91656,1,91656,1
78492,91656,1,91656,1
78492,91656,1,91656,1
78492,91656,1,91656,1
78492,91656,1,91656,1
78492,91656,1,91656,1
78492,91656,1,91656,1
78492,91656,1,91656,1
78492,91656,1,91656,1
78492,91656,1,91656,1
78492,91656,1,91656,1
78492,91656,1,91656,1
78492,91656,1,91656,1
78492,91656,1,91656,1
78492,91656,1,91656,1
78492,91656,1,91656,1
78492,91656,1,91656,1
78492,91656,1,91654,1
78492,91654,1,91654,1
78492,91654,1,91654,1
78492,91654,1,91654,1
78492,91654,1,91654,1
78492,91654,1,91654,1
78492,91654,1,91654,1
78492,91654,1,91654,1
78492,91654,1,91654,1
78492,91654,1,91654,1
78492,91654,1,91654,1
78492,91654,1,91654,1
78492,91654,1,91654,1
78492,91654,1,91654,1
78492,91654,1,91654,1
78492,91654,1,91654,1
78492,91654,1,91654,1
78492,91654,1,91654,1
78492,91654,1,91654,1
78492,91654,1,91654,1
78492,91654,1,91654,1
78492,91654,1,91654,1
78492,91654,1,91654,1
78492,91654,1,91654,1
78492,91654,1,91654,1
78492,91654,1,91654,1
78492,91654,1,91654,1
78492,91654,1,91654,1
78492,91654,1,91654,1
78492,91654,1,91654,1
78492,91654,1,91654,1
78492,91654,1,91654,1
78492,91654,1,91654,1
78492,91654,1,91654,1
78492,91654,1,91654,1
78492,91654,1,91654,1
78492,91654,1,91654,1
78492,91654,1,91654,1
78492,91654,1,91654,1
78492,91654,1,91654,1
78492,91654,1,91654,1
78492,91654,1,91654,1
78492,91654,1,91654,1
78492,91654,1,91654,1
78492,91654,1,91654,1
78492,91654,1,91654,1
78492,91654,1,91654,1
78492,91654,1,91654,1
78492,91654,1,91654,1
78492,91654,1,91654,1
78492,91654,1,91654,1
78492,91654,1,91654,1
78492,91654,1,91654,1
78492,91654,1,91654,1
78492,91654,1,91654,1
78492,91654,1,91654,1
78492,91654,1,91654,1
78492,91654,1,91654,1
78492,91654,1,91654,1
78492,91654,1,91654,1
78492,91654,1,91654,1
78492,91654,1,91654,1
78492,91654,1,91656,1
78492,91656,1,91656,1
78492,91656,1,91656,1
78492,91656,1,91656,1
78492,91656,1,91656,1
78492,91656,1,91656,1
78492,91656,1,91656,1
78492,91656,1,91656,1
78492,91656,1,91656,1
78492,91656,1,91656,1
78492,91656,1,91656,1
78492,91656,1,91656,1
78492,91656,1,91656,1
78492,91656,1,91656,1
78492,91656,1,91656,1
78492,91656,1,91656,1
78492,91656,1,91656,1
78492,91656,1,91656,1
78492,91656,1,91656,1
78492,91656,1,91656,1
78492,91656,1,91656,1
78492,91656,1,91656,1
78492,91656,1,174102,1
78492,174102,1,174032,1
78493,93207,1,93207,1
78493,93207,1,93207,1
78493,93207,1,93207,1
78493,93207,1,93207,1
78493,93207,1,93207,1
78493,93207,1,93207,1
78493,93207,1,93207,1
78493,93207,1,93207,1
78493,93207,1,93207,1
78493,93207,1,93207,1
78493,93207,1,93207,1
78493,93207,1,93207,1
78493,93207,1,93207,1
78493,93207,1,93207,1
78493,93207,1,93207,1
78493,93207,1,93207,1
78493,93207,1,93207,1
78493,93207,1,93207,1
78493,93207,1,93207,1
78493,93207,1,93207,1
78493,93207,1,93207,1
78493,93207,1,93207,1
78493,93207,1,93207,1
78493,93207,1,93207,1
78493,93207,1,93207,1
78493,93207,1,93225,1
78493,93225,1,93225,1
78493,93225,1,93225,1
78493,93225,1,93225,1
78493,93225,1,93225,1
78493,93225,1,93225,1
78493,93225,1,93225,1
78493,93225,1,93225,1
78493,93225,1,93225,1
78493,93225,1,93225,1
78493,93225,1,93225,1
78493,93225,1,93225,1
78493,93225,1,93225,1
78493,93225,1,93225,1
78493,93225,1,93225,1
78493,93225,1,93225,1
78493,93225,1,93225,1
78493,93225,1,93225,1
78493,93225,1,93225,1
78493,93225,1,93225,1
78493,93225,1,93225,1
78493,93225,1,93225,1
78493,93225,1,93225,1
78493,93225,1,93225,1
78493,93225,1,93225,1
78493,93225,1,93225,1
78493,93225,1,93227,1
78493,93227,1,93227,1
78493,93227,1,93227,1
78493,93227,1,93227,1
78493,93227,1,93227,1
78493,93227,1,93227,1
78493,93227,1,93227,1
78493,93227,1,93227,1
78493,93227,1,93227,1
78493,93227,1,93227,1
78493,93227,1,93227,1
78493,93227,1,93227,1
78493,93227,1,93227,1
78493,93227,1,93227,1
78493,93227,1,85673,1
78493,85673,1,85673,1
78493,85673,1,85673,1
78493,85673,1,85673,1
78493,85673,1,85673,1
78493,85673,1,85673,1
78493,85673,1,85673,1
78493,85673,1,85673,1
78493,85673,1,85673,1
78493,85673,1,85673,1
78493,85673,1,85673,1
78493,85673,1,85673,1
78493,85673,1,85673,1
78493,85673,1,85673,1
78493,85673,1,85673,1
78493,85673,1,85673,1
78493,85673,1,85673,1
78493,85673,1,85673,1
78493,85673,1,85673,1
78493,85673,1,85673,1
78493,85673,1,85667,1
78493,85667,1,85667,1
78493,85667,1,85667,1
78493,85667,1,85667,1
78493,85667,1,85667,1
78493,85667,1,85667,1
78493,85667,1,85667,1
78493,85667,1,85667,1
78493,85667,1,85667,1
78493,85667,1,85667,1
78493,85667,1,85667,1
78493,85667,1,85667,1
78493,85667,1,85667,1
78493,85667,1,85667,1
78493,85667,1,85667,1
78493,85667,1,85667,1
78493,85667,1,85667,1
78493,85667,1,85667,1
78493,85667,1,85667,1
78493,85667,1,85667,1
78493,85667,1,86123,1
78493,86123,1,86123,1
78493,86123,1,86123,1
78493,86123,1,86123,1
78493,86123,1,86123,1
78493,86123,1,86123,1
78493,86123,1,86123,1
78493,86123,1,86123,1
78493,86123,1,86123,1
78493,86123,1,86123,1
78493,86123,1,89301,1
78493,89301,1,89301,1
78493,89301,1,89301,1
78493,89301,1,89301,1
78493,89301,1,89301,1
78493,89301,1,89301,1
78493,89301,1,89301,1
78493,89301,1,89301,1
78493,89301,1,89301,1
78493,89301,1,89301,1
78493,89301,1,89301,1
78493,89301,1,89301,1
78493,89301,1,89301,1
78493,89301,1,89301,1
78493,89301,1,89301,1
78493,89301,1,89301,1
78493,89301,1,89301,1
78493,89301,1,89301,1
78493,89301,1,89301,1
78493,89301,1,89301,1
78493,89301,1,89301,1
78493,89301,1,89301,1
78493,89301,1,89301,1
78493,89301,1,89301,1
78493,89301,1,89301,1
78493,89301,1,89301,1
78493,89301,1,89301,1
78493,89301,1,89301,1
78493,89301,1,89301,1
78493,89301,1,89301,1
78493,89301,1,89301,1
78493,89301,1,89301,1
78493,89301,1,89301,1
78493,89301,1,89301,1
78493,89301,1,89301,1
78493,89301,1,89301,1
78493,89301,1,89301,1
78493,89301,1,89301,1
78493,89301,1,89301,1
78493,89301,1,89301,1
78493,89301,1,89301,1
78493,89301,1,89301,1
78493,89301,1,89301,1
78493,89301,1,89301,1
78493,89301,1,89301,1
78493,89301,1,89301,1
78493,89301,1,89301,1
78493,89301,1,89301,1
78493,89301,1,89301,1
78493,89301,1,89301,1
78493,89301,1,89301,1
78493,89301,1,89301,1
78493,89301,1,89301,1
78493,89301,1,89301,1
78493,89301,1,89301,1
78493,89301,1,89301,1
78493,89301,1,89301,1
78493,89301,1,89301,1
78493,89301,1,89301,1
78493,89301,1,89301,1
78493,89301,1,91399,1
78493,91399,1,91399,1
78493,91399,1,91399,1
78493,91399,1,91399,1
78493,91399,1,91399,1
78493,91399,1,91399,1
78493,91399,1,91399,1
78493,91399,1,91399,1
78493,91399,1,91399,1
78493,91399,1,91399,1
78493,91399,1,91399,1
78493,91399,1,91399,1
78493,91399,1,91399,1
78493,91399,1,91399,1
78493,91399,1,91399,1
78493,91399,1,91399,1
78493,91399,1,91399,1
78493,91399,1,91399,1
78493,91399,1,91399,1
78493,91399,1,91399,1
78493,91399,1,91399,1
78493,91399,1,89278,1
78493,89278,1,89278,1
78493,89278,1,89278,1
78493,89278,1,89278,1
78493,89278,1,89278,1
78493,89278,1,89278,1
78493,89278,1,89278,1
78493,89278,1,89278,1
78493,89278,1,89278,1
78493,89278,1,89278,1
78493,89278,1,89278,1
78493,89278,1,89278,1
78493,89278,1,89278,1
78493,89278,1,89278,1
78493,89278,1,89278,1
78493,89278,1,89278,1
78493,89278,1,89278,1
78493,89278,1,89278,1
78493,89278,1,89278,1
78493,89278,1,89278,1
78493,89278,1,89278,1
78493,89278,1,89278,1
78493,89278,1,89278,1
78493,89278,1,89278,1
78493,89278,1,89278,1
78493,89278,1,89278,1
78493,89278,1,89278,1
78493,89278,1,89278,1
78493,89278,1,89278,1
78493,89278,1,89278,1
78493,89278,1,89278,1
78493,89278,1,89278,1
78493,89278,1,89278,1
78493,89278,1,89278,1
78493,89278,1,89278,1
78493,89278,1,89278,1
78493,89278,1,89278,1
78493,89278,1,89278,1
78493,89278,1,89278,1
78493,89278,1,89278,1
78493,89278,1,89278,1
78493,89278,1,89278,1
78493,89278,1,89278,1
78493,89278,1,89278,1
78493,89278,1,89278,1
78493,89278,1,89278,1
78493,89278,1,89278,1
78493,89278,1,89278,1
78493,89278,1,89278,1
78493,89278,1,89278,1
78493,89278,1,89278,1
78493,89278,1,89278,1
78493,89278,1,89278,1
78493,89278,1,89278,1
78493,89278,1,89278,1
78493,89278,1,89278,1
78493,89278,1,89278,1
78493,89278,1,89278,1
78493,89278,1,89278,1
78493,89278,1,89278,1
78493,89278,1,91388,1
78493,91388,1,91388,1
78493,91388,1,91388,1
78493,91388,1,91388,1
78493,91388,1,91388,1
78493,91388,1,91388,1
78493,91388,1,91388,1
78493,91388,1,91388,1
78493,91388,1,91388,1
78493,91388,1,91388,1
78493,91388,1,91388,1
78493,91388,1,91388,1
78493,91388,1,91388,1
78493,91388,1,91388,1
78493,91388,1,91388,1
78493,91388,1,91388,1
78493,91388,1,91388,1
78493,91388,1,91388,1
78493,91388,1,91388,1
78493,91388,1,91388,1
78493,91388,1,89788,0
78493,89788,0,89788,0
78493,89788,0,89788,0
78493,89788,0,89788,0
78493,89788,0,89788,0
78493,89788,0,89788,0
78493,89788,0,89788,0
78493,89788,0,89788,0
78493,89788,0,89788,0
78493,89788,0,89788,0
78493,89788,0,89788,0
78493,89788,0,89788,0
78493,89788,0,89788,0
78493,89788,0,89788,0
78493,89788,0,89788,0
78493,89788,0,89788,0
78493,89788,0,89788,0
78493,89788,0,89788,0
78493,89788,0,89788,0
78493,89788,0,89788,0
78493,89788,0,89788,0
78493,89788,0,89788,0
78493,89788,0,89878,1
78493,89878,1,89878,1
78493,89878,1,89878,1
78493,89878,1,89878,1
78493,89878,1,89878,1
78493,89878,1,89878,1
78493,89878,1,89878,1
78493,89878,1,89878,1
78493,89878,1,89878,1
78493,89878,1,89878,1
78493,89878,1,89878,1
78493,89878,1,89878,1
78493,89878,1,89878,1
78493,89878,1,89878,1
78493,89878,1,89878,1
78493,89878,1,89878,1
78493,89878,1,89878,1
78493,89878,1,89878,1
78493,89878,1,89878,1
78493,89878,1,89878,1
78493,89878,1,89878,1
78493,89878,1,89878,1
78493,89878,1,89878,1
78493,89878,1,89878,1
78493,89878,1,89878,1
78493,89878,1,89878,1
78493,89878,1,89878,1
78493,89878,1,89878,1
78493,89878,1,89878,1
78493,89878,1,89878,1
78493,89878,1,89878,1
78493,89878,1,89878,1
78493,89878,1,89878,1
78493,89878,1,89878,1
78493,89878,1,89878,1
78493,89878,1,89878,1
78493,89878,1,89878,1
78493,89878,1,89878,1
78493,89878,1,89878,1
78493,89878,1,89878,1
78493,89878,1,89878,1
78493,89878,1,89878,1
78493,89878,1,89878,1
78493,89878,1,89878,1
78493,89878,1,89878,1
78493,89878,1,89878,1
78493,89878,1,89878,1
78493,89878,1,89878,1
78493,89878,1,89878,1
78493,89878,1,89878,1
78493,89878,1,89878,1
78493,89878,1,89878,1
78493,89878,1,89878,1
78493,89878,1,89878,1
78493,89878,1,89878,1
78493,89878,1,89878,1
78493,89878,1,89878,1
78493,89878,1,89878,1
78493,89878,1,89878,1
78493,89878,1,89878,1
78493,89878,1,89878,1
78493,89878,1,89878,1
78493,89878,1,89877,1
78493,89877,1,89877,1
78493,89877,1,89877,1
78493,89877,1,89877,1
78493,89877,1,89877,1
78493,89877,1,89877,1
78493,89877,1,89877,1
78493,89877,1,89877,1
78493,89877,1,89877,1
78493,89877,1,89877,1
78493,89877,1,89877,1
78493,89877,1,89877,1
78493,89877,1,89877,1
78493,89877,1,89877,1
78493,89877,1,89877,1
78493,89877,1,89877,1
78493,89877,1,89877,1
78493,89877,1,89877,1
78493,89877,1,89877,1
78493,89877,1,89877,1
78493,89877,1,89877,1
78493,89877,1,89877,1
78493,89877,1,89877,1
78493,89877,1,89877,1
78493,89877,1,89877,1
78493,89877,1,89877,1
78493,89877,1,89877,1
78493,89877,1,89877,1
78493,89877,1,89877,1
78493,89877,1,89877,1
78493,89877,1,89877,1
78493,89877,1,89877,1
78493,89877,1,89877,1
78493,89877,1,89877,1
78493,89877,1,89877,1
78493,89877,1,89877,1
78493,89877,1,89877,1
78493,89877,1,89877,1
78493,89877,1,89877,1
78493,89877,1,89877,1
78493,89877,1,89877,1
78493,89877,1,89877,1
78493,89877,1,89877,1
78493,89877,1,89877,1
78493,89877,1,89877,1
78493,89877,1,89877,1
78493,89877,1,89877,1
78493,89877,1,89877,1
78493,89877,1,89877,1
78493,89877,1,89877,1
78493,89877,1,89877,1
78493,89877,1,89877,1
78493,89877,1,89877,1
78493,89877,1,89877,1
78493,89877,1,89877,1
78493,89877,1,89877,1
78493,89877,1,89877,1
78493,89877,1,89877,1
78493,89877,1,89877,1
78493,89877,1,89877,1
78493,89877,1,89877,1
78493,89877,1,89877,1
78493,89877,1,89835,1
78493,89835,1,89835,1
78493,89835,1,89835,1
78493,89835,1,89835,1
78493,89835,1,89835,1
78493,89835,1,89835,1
78493,89835,1,89835,1
78493,89835,1,89835,1
78493,89835,1,89835,1
78493,89835,1,89835,1
78493,89835,1,89835,1
78493,89835,1,89835,1
78493,89835,1,89835,1
78493,89835,1,89835,1
78493,89835,1,89835,1
78493,89835,1,89835,1
78493,89835,1,89835,1
78493,89835,1,89835,1
78493,89835,1,89835,1
78493,89835,1,89835,1
78493,89835,1,89849,1
78493,89849,1,89849,1
78493,89849,1,89849,1
78493,89849,1,89849,1
78493,89849,1,89849,1
78493,89849,1,89849,1
78493,89849,1,89849,1
78493,89849,1,89849,1
78493,89849,1,89849,1
78493,89849,1,89849,1
78493,89849,1,89849,1
78493,89849,1,89849,1
78493,89849,1,89849,1
78493,89849,1,89849,1
78493,89849,1,89849,1
78493,89849,1,89849,1
78493,89849,1,89849,1
78493,89849,1,89849,1
78493,89849,1,89849,1
78493,89849,1,89849,1
78493,89849,1,89849,1
78493,89849,1,89849,1
78493,89849,1,91654,1
78493,91654,1,91654,1
78493,91654,1,91654,1
78493,91654,1,91654,1
78493,91654,1,91654,1
78493,91654,1,91654,1
78493,91654,1,91654,1
78493,91654,1,91654,1
78493,91654,1,91654,1
78493,91654,1,91654,1
78493,91654,1,91654,1
78493,91654,1,91654,1
78493,91654,1,91654,1
78493,91654,1,91654,1
78493,91654,1,91654,1
78493,91654,1,91654,1
78493,91654,1,91654,1
78493,91654,1,91654,1
78493,91654,1,91654,1
78493,91654,1,91654,1
78493,91654,1,91654,1
78493,91654,1,91654,1
78493,91654,1,91659,1
78493,91659,1,91659,1
78493,91659,1,91659,1
78493,91659,1,91659,1
78493,91659,1,91659,1
78493,91659,1,91659,1
78493,91659,1,91659,1
78493,91659,1,91659,1
78493,91659,1,91659,1
78493,91659,1,91659,1
78493,91659,1,91659,1
78493,91659,1,91659,1
78493,91659,1,91659,1
78493,91659,1,91659,1
78493,91659,1,91659,1
78493,91659,1,91659,1
78493,91659,1,91659,1
78493,91659,1,91659,1
78493,91659,1,91659,1
78493,91659,1,91659,1
78493,91659,1,91659,1
78493,91659,1,91659,1
78493,91659,1,174085,1
78493,174085,1,174087,1
78494,93205,1,93205,1
78494,93205,1,93205,1
78494,93205,1,93205,1
78494,93205,1,93205,1
78494,93205,1,93205,1
78494,93205,1,93205,1
78494,93205,1,93205,1
78494,93205,1,93205,1
78494,93205,1,93205,1
78494,93205,1,93205,1
78494,93205,1,93205,1
78494,93205,1,93205,1
78494,93205,1,93205,1
78494,93205,1,93205,1
78494,93205,1,93205,1
78494,93205,1,93205,1
78494,93205,1,93205,1
78494,93205,1,93205,1
78494,93205,1,93205,1
78494,93205,1,93205,1
78494,93205,1,93205,1
78494,93205,1,93205,1
78494,93205,1,93205,1
78494,93205,1,93205,1
78494,93205,1,93205,1
78494,93205,1,93155,1
78494,93155,1,93155,1
78494,93155,1,93155,1
78494,93155,1,93155,1
78494,93155,1,93155,1
78494,93155,1,93155,1
78494,93155,1,93155,1
78494,93155,1,93155,1
78494,93155,1,93155,1
78494,93155,1,93155,1
78494,93155,1,93155,1
78494,93155,1,93155,1
78494,93155,1,93155,1
78494,93155,1,93155,1
78494,93155,1,93155,1
78494,93155,1,93155,1
78494,93155,1,93155,1
78494,93155,1,93155,1
78494,93155,1,93155,1
78494,93155,1,93155,1
78494,93155,1,93155,1
78494,93155,1,93155,1
78494,93155,1,93155,1
78494,93155,1,93155,1
78494,93155,1,93155,1
78494,93155,1,93155,1
78494,93155,1,93184,1
78494,93184,1,93184,1
78494,93184,1,93184,1
78494,93184,1,93184,1
78494,93184,1,93184,1
78494,93184,1,93184,1
78494,93184,1,93184,1
78494,93184,1,93184,1
78494,93184,1,93184,1
78494,93184,1,93184,1
78494,93184,1,93184,1
78494,93184,1,93184,1
78494,93184,1,93184,1
78494,93184,1,93184,1
78494,93184,1,85659,1
78494,85659,1,85659,1
78494,85659,1,85659,1
78494,85659,1,85659,1
78494,85659,1,85659,1
78494,85659,1,85659,1
78494,85659,1,85659,1
78494,85659,1,85659,1
78494,85659,1,85659,1
78494,85659,1,85659,1
78494,85659,1,85659,1
78494,85659,1,85659,1
78494,85659,1,85659,1
78494,85659,1,85659,1
78494,85659,1,85659,1
78494,85659,1,85659,1
78494,85659,1,85659,1
78494,85659,1,85659,1
78494,85659,1,85659,1
78494,85659,1,85659,1
78494,85659,1,84623,1
78494,84623,1,84623,1
78494,84623,1,84623,1
78494,84623,1,84623,1
78494,84623,1,84623,1
78494,84623,1,84623,1
78494,84623,1,84623,1
78494,84623,1,84623,1
78494,84623,1,84623,1
78494,84623,1,84623,1
78494,84623,1,84623,1
78494,84623,1,84623,1
78494,84623,1,84623,1
78494,84623,1,84623,1
78494,84623,1,84623,1
78494,84623,1,84623,1
78494,84623,1,84623,1
78494,84623,1,84623,1
78494,84623,1,84623,1
78494,84623,1,84623,1
78494,84623,1,85674,1
78494,85674,1,85674,1
78494,85674,1,85674,1
78494,85674,1,85674,1
78494,85674,1,85674,1
78494,85674,1,85674,1
78494,85674,1,85674,1
78494,85674,1,85674,1
78494,85674,1,85674,1
78494,85674,1,85674,1
78494,85674,1,89292,1
78494,89292,1,89292,1
78494,89292,1,89292,1
78494,89292,1,89292,1
78494,89292,1,89292,1
78494,89292,1,89292,1
78494,89292,1,89292,1
78494,89292,1,89292,1
78494,89292,1,89292,1
78494,89292,1,89292,1
78494,89292,1,89292,1
78494,89292,1,89292,1
78494,89292,1,89292,1
78494,89292,1,89292,1
78494,89292,1,89292,1
78494,89292,1,89292,1
78494,89292,1,89292,1
78494,89292,1,89292,1
78494,89292,1,89292,1
78494,89292,1,89292,1
78494,89292,1,89292,1
78494,89292,1,89292,1
78494,89292,1,89292,1
78494,89292,1,89292,1
78494,89292,1,89292,1
78494,89292,1,89292,1
78494,89292,1,89292,1
78494,89292,1,89292,1
78494,89292,1,89292,1
78494,89292,1,89292,1
78494,89292,1,89292,1
78494,89292,1,89292,1
78494,89292,1,89292,1
78494,89292,1,89292,1
78494,89292,1,89292,1
78494,89292,1,89292,1
78494,89292,1,89292,1
78494,89292,1,89292,1
78494,89292,1,89292,1
78494,89292,1,89292,1
78494,89292,1,89292,1
78494,89292,1,89292,1
78494,89292,1,89292,1
78494,89292,1,89292,1
78494,89292,1,89292,1
78494,89292,1,89292,1
78494,89292,1,89292,1
78494,89292,1,89292,1
78494,89292,1,89292,1
78494,89292,1,89292,1
78494,89292,1,89292,1
78494,89292,1,89292,1
78494,89292,1,89292,1
78494,89292,1,89292,1
78494,89292,1,89292,1
78494,89292,1,89292,1
78494,89292,1,89292,1
78494,89292,1,89292,1
78494,89292,1,89292,1
78494,89292,1,89292,1
78494,89292,1,89270,1
78494,89270,1,89270,1
78494,89270,1,89270,1
78494,89270,1,89270,1
78494,89270,1,89270,1
78494,89270,1,89270,1
78494,89270,1,89270,1
78494,89270,1,89270,1
78494,89270,1,89270,1
78494,89270,1,89270,1
78494,89270,1,89270,1
78494,89270,1,89270,1
78494,89270,1,89270,1
78494,89270,1,89270,1
78494,89270,1,89270,1
78494,89270,1,89270,1
78494,89270,1,89270,1
78494,89270,1,89270,1
78494,89270,1,89270,1
78494,89270,1,89270,1
78494,89270,1,89270,1
78494,89270,1,89270,1
78494,89270,1,89270,1
78494,89270,1,89270,1
78494,89270,1,89270,1
78494,89270,1,89270,1
78494,89270,1,89270,1
78494,89270,1,89270,1
78494,89270,1,89270,1
78494,89270,1,89270,1
78494,89270,1,89270,1
78494,89270,1,89270,1
78494,89270,1,89270,1
78494,89270,1,89270,1
78494,89270,1,89270,1
78494,89270,1,89270,1
78494,89270,1,89270,1
78494,89270,1,89270,1
78494,89270,1,89270,1
78494,89270,1,89270,1
78494,89270,1,89270,1
78494,89270,1,89270,1
78494,89270,1,89270,1
78494,89270,1,89270,1
78494,89270,1,89270,1
78494,89270,1,89270,1
78494,89270,1,89270,1
78494,89270,1,89270,1
78494,89270,1,89270,1
78494,89270,1,89270,1
78494,89270,1,89270,1
78494,89270,1,89270,1
78494,89270,1,89270,1
78494,89270,1,89270,1
78494,89270,1,89270,1
78494,89270,1,89270,1
78494,89270,1,89270,1
78494,89270,1,89270,1
78494,89270,1,89270,1
78494,89270,1,89270,1
78494,89270,1,91346,1
78494,91346,1,91346,1
78494,91346,1,91346,1
78494,91346,1,91346,1
78494,91346,1,91346,1
78494,91346,1,91346,1
78494,91346,1,91346,1
78494,91346,1,91346,1
78494,91346,1,91346,1
78494,91346,1,91346,1
78494,91346,1,91346,1
78494,91346,1,91346,1
78494,91346,1,91346,1
78494,91346,1,91346,1
78494,91346,1,91346,1
78494,91346,1,91346,1
78494,91346,1,91346,1
78494,91346,1,91346,1
78494,91346,1,91346,1
78494,91346,1,91346,1
78494,91346,1,91346,1
78494,91346,1,89235,1
78494,89235,1,89235,1
78494,89235,1,89235,1
78494,89235,1,89235,1
78494,89235,1,89235,1
78494,89235,1,89235,1
78494,89235,1,89235,1
78494,89235,1,89235,1
78494,89235,1,89235,1
78494,89235,1,89235,1
78494,89235,1,89235,1
78494,89235,1,89235,1
78494,89235,1,89235,1
78494,89235,1,89235,1
78494,89235,1,89235,1
78494,89235,1,89235,1
78494,89235,1,89235,1
78494,89235,1,89235,1
78494,89235,1,89235,1
78494,89235,1,89235,1
78494,89235,1,89279,0
78494,89279,0,89279,0
78494,89279,0,89279,0
78494,89279,0,89279,0
78494,89279,0,89279,0
78494,89279,0,89279,0
78494,89279,0,89279,0
78494,89279,0,89279,0
78494,89279,0,89279,0
78494,89279,0,89279,0
78494,89279,0,89279,0
78494,89279,0,89279,0
78494,89279,0,89279,0
78494,89279,0,89279,0
78494,89279,0,89279,0
78494,89279,0,89279,0
78494,89279,0,89279,0
78494,89279,0,89279,0
78494,89279,0,89279,0
78494,89279,0,89279,0
78494,89279,0,91388,1
78494,91388,1,91388,1
78494,91388,1,91388,1
78494,91388,1,91388,1
78494,91388,1,91388,1
78494,91388,1,91388,1
78494,91388,1,91388,1
78494,91388,1,91388,1
78494,91388,1,91388,1
78494,91388,1,91388,1
78494,91388,1,91388,1
78494,91388,1,91388,1
78494,91388,1,91388,1
78494,91388,1,91388,1
78494,91388,1,91388,1
78494,91388,1,91388,1
78494,91388,1,91388,1
78494,91388,1,91388,1
78494,91388,1,91388,1
78494,91388,1,91388,1
78494,91388,1,91392,1
78494,91392,1,91392,1
78494,91392,1,91392,1
78494,91392,1,91392,1
78494,91392,1,91392,1
78494,91392,1,91392,1
78494,91392,1,91392,1
78494,91392,1,91392,1
78494,91392,1,91392,1
78494,91392,1,91392,1
78494,91392,1,91392,1
78494,91392,1,91392,1
78494,91392,1,91392,1
78494,91392,1,91392,1
78494,91392,1,91392,1
78494,91392,1,91392,1
78494,91392,1,91392,1
78494,91392,1,91392,1
78494,91392,1,91392,1
78494,91392,1,91392,1
78494,91392,1,89841,1
78494,89841,1,89841,1
78494,89841,1,89841,1
78494,89841,1,89841,1
78494,89841,1,89841,1
78494,89841,1,89841,1
78494,89841,1,89841,1
78494,89841,1,89841,1
78494,89841,1,89841,1
78494,89841,1,89841,1
78494,89841,1,89841,1
78494,89841,1,89841,1
78494,89841,1,89841,1
78494,89841,1,89841,1
78494,89841,1,89841,1
78494,89841,1,89841,1
78494,89841,1,89841,1
78494,89841,1,89841,1
78494,89841,1,89841,1
78494,89841,1,89841,1
78494,89841,1,89841,1
78494,89841,1,89841,1
78494,89841,1,89841,1
78494,89841,1,89841,1
78494,89841,1,89841,1
78494,89841,1,89841,1
78494,89841,1,89841,1
78494,89841,1,89841,1
78494,89841,1,89841,1
78494,89841,1,89841,1
78494,89841,1,89841,1
78494,89841,1,89841,1
78494,89841,1,89841,1
78494,89841,1,89841,1
78494,89841,1,89841,1
78494,89841,1,89841,1
78494,89841,1,89841,1
78494,89841,1,89841,1
78494,89841,1,89841,1
78494,89841,1,89841,1
78494,89841,1,89841,1
78494,89841,1,89841,1
78494,89841,1,89841,1
78494,89841,1,89841,1
78494,89841,1,89841,1
78494,89841,1,89841,1
78494,89841,1,89841,1
78494,89841,1,89841,1
78494,89841,1,89841,1
78494,89841,1,89841,1
78494,89841,1,89841,1
78494,89841,1,89841,1
78494,89841,1,89841,1
78494,89841,1,89841,1
78494,89841,1,89841,1
78494,89841,1,89841,1
78494,89841,1,89841,1
78494,89841,1,89841,1
78494,89841,1,89841,1
78494,89841,1,89841,1
78494,89841,1,89841,1
78494,89841,1,89841,1
78494,89841,1,89804,1
78494,89804,1,89804,1
78494,89804,1,89804,1
78494,89804,1,89804,1
78494,89804,1,89804,1
78494,89804,1,89804,1
78494,89804,1,89804,1
78494,89804,1,89804,1
78494,89804,1,89804,1
78494,89804,1,89804,1
78494,89804,1,89804,1
78494,89804,1,89804,1
78494,89804,1,89804,1
78494,89804,1,89804,1
78494,89804,1,89804,1
78494,89804,1,89804,1
78494,89804,1,89804,1
78494,89804,1,89804,1
78494,89804,1,89804,1
78494,89804,1,89804,1
78494,89804,1,89804,1
78494,89804,1,89804,1
78494,89804,1,89804,1
78494,89804,1,89804,1
78494,89804,1,89804,1
78494,89804,1,89804,1
78494,89804,1,89804,1
78494,89804,1,89804,1
78494,89804,1,89804,1
78494,89804,1,89804,1
78494,89804,1,89804,1
78494,89804,1,89804,1
78494,89804,1,89804,1
78494,89804,1,89804,1
78494,89804,1,89804,1
78494,89804,1,89804,1
78494,89804,1,89804,1
78494,89804,1,89804,1
78494,89804,1,89804,1
78494,89804,1,89804,1
78494,89804,1,89804,1
78494,89804,1,89804,1
78494,89804,1,89804,1
78494,89804,1,89804,1
78494,89804,1,89804,1
78494,89804,1,89804,1
78494,89804,1,89804,1
78494,89804,1,89804,1
78494,89804,1,89804,1
78494,89804,1,89804,1
78494,89804,1,89804,1
78494,89804,1,89804,1
78494,89804,1,89804,1
78494,89804,1,89804,1
78494,89804,1,89804,1
78494,89804,1,89804,1
78494,89804,1,89804,1
78494,89804,1,89804,1
78494,89804,1,89804,1
78494,89804,1,89804,1
78494,89804,1,89804,1
78494,89804,1,89804,1
78494,89804,1,89818,1
78494,89818,1,89818,1
78494,89818,1,89818,1
78494,89818,1,89818,1
78494,89818,1,89818,1
78494,89818,1,89818,1
78494,89818,1,89818,1
78494,89818,1,89818,1
78494,89818,1,89818,1
78494,89818,1,89818,1
78494,89818,1,89818,1
78494,89818,1,89818,1
78494,89818,1,89818,1
78494,89818,1,89818,1
78494,89818,1,89818,1
78494,89818,1,89818,1
78494,89818,1,89818,1
78494,89818,1,89818,1
78494,89818,1,89818,1
78494,89818,1,89818,1
78494,89818,1,89818,1
78494,89818,1,89818,1
78494,89818,1,91650,1
78494,91650,1,91650,1
78494,91650,1,91650,1
78494,91650,1,91650,1
78494,91650,1,91650,1
78494,91650,1,91650,1
78494,91650,1,91650,1
78494,91650,1,91650,1
78494,91650,1,91650,1
78494,91650,1,91650,1
78494,91650,1,91650,1
78494,91650,1,91650,1
78494,91650,1,91650,1
78494,91650,1,91650,1
78494,91650,1,91650,1
78494,91650,1,91650,1
78494,91650,1,91650,1
78494,91650,1,91650,1
78494,91650,1,91650,1
78494,91650,1,91650,1
78494,91650,1,174055,1
78494,174055,1,174098,0
78494,174098,0,174035,0
78494,174035,0,174069,0
78494,174069,0,174050,1
78494,174050,1,174085,0
78494,174085,0,174102,0
78494,174102,0,174053,1
78494,174053,1,174089,0
78494,174089,0,174076,0
78494,174076,0,174068,0
78494,174068,0,174097,1
78494,174097,1,174070,0
78494,174070,0,174094,1
78494,174094,1,174081,0
78494,174081,0,174027,0
78494,174027,0,174074,0
78494,174074,0,174033,0
78494,174033,0,174067,1
78494,174067,1,174030,0
78494,174030,0,174087,0
78494,174087,0,174080,1
78494,174080,1,174054,1
78494,174054,1,174051,1
78495,93210,0,93210,0
78495,93210,0,93210,0
78495,93210,0,93210,0
78495,93210,0,93210,0
78495,93210,0,93210,0
78495,93210,0,93210,0
78495,93210,0,93210,0
78495,93210,0,93210,0
78495,93210,0,93210,0
78495,93210,0,93210,0
78495,93210,0,93210,0
78495,93210,0,93210,0
78495,93210,0,93210,0
78495,93210,0,93210,0
78495,93210,0,93210,0
78495,93210,0,93210,0
78495,93210,0,93210,0
78495,93210,0,93210,0
78495,93210,0,93210,0
78495,93210,0,93210,0
78495,93210,0,93210,0
78495,93210,0,93210,0
78495,93210,0,93210,0
78495,93210,0,93210,0
78495,93210,0,93210,0
78495,93210,0,93179,1
78495,93179,1,93179,1
78495,93179,1,93179,1
78495,93179,1,93179,1
78495,93179,1,93179,1
78495,93179,1,93179,1
78495,93179,1,93179,1
78495,93179,1,93179,1
78495,93179,1,93179,1
78495,93179,1,93179,1
78495,93179,1,93179,1
78495,93179,1,93179,1
78495,93179,1,93179,1
78495,93179,1,93179,1
78495,93179,1,93179,1
78495,93179,1,93179,1
78495,93179,1,93179,1
78495,93179,1,93179,1
78495,93179,1,93179,1
78495,93179,1,93179,1
78495,93179,1,93179,1
78495,93179,1,93179,1
78495,93179,1,93179,1
78495,93179,1,93179,1
78495,93179,1,93179,1
78495,93179,1,93179,1
78495,93179,1,93192,1
78495,93192,1,93192,1
78495,93192,1,93192,1
78495,93192,1,93192,1
78495,93192,1,93192,1
78495,93192,1,93192,1
78495,93192,1,93192,1
78495,93192,1,93192,1
78495,93192,1,93192,1
78495,93192,1,93192,1
78495,93192,1,93192,1
78495,93192,1,93192,1
78495,93192,1,93192,1
78495,93192,1,93192,1
78495,93192,1,93192,1
78495,93192,1,93192,1
78495,93192,1,93192,1
78495,93192,1,93192,1
78495,93192,1,93192,1
78495,93192,1,93192,1
78495,93192,1,93192,1
78495,93192,1,93192,1
78495,93192,1,93192,1
78495,93192,1,93192,1
78495,93192,1,93192,1
78495,93192,1,93192,1
78495,93192,1,93213,1
78495,93213,1,93213,1
78495,93213,1,93213,1
78495,93213,1,93213,1
78495,93213,1,93213,1
78495,93213,1,93213,1
78495,93213,1,93213,1
78495,93213,1,93213,1
78495,93213,1,93213,1
78495,93213,1,93213,1
78495,93213,1,93213,1
78495,93213,1,93213,1
78495,93213,1,93213,1
78495,93213,1,93213,1
78495,93213,1,93213,1
78495,93213,1,93213,1
78495,93213,1,93213,1
78495,93213,1,93213,1
78495,93213,1,93213,1
78495,93213,1,93213,1
78495,93213,1,93213,1
78495,93213,1,93213,1
78495,93213,1,93213,1
78495,93213,1,93213,1
78495,93213,1,93213,1
78495,93213,1,93213,1
78495,93213,1,93150,1
78495,93150,1,93150,1
78495,93150,1,93150,1
78495,93150,1,93150,1
78495,93150,1,93150,1
78495,93150,1,93150,1
78495,93150,1,93150,1
78495,93150,1,93150,1
78495,93150,1,93150,1
78495,93150,1,93150,1
78495,93150,1,93150,1
78495,93150,1,93150,1
78495,93150,1,93150,1
78495,93150,1,93150,1
78495,93150,1,86121,1
78495,86121,1,86121,1
78495,86121,1,86121,1
78495,86121,1,86121,1
78495,86121,1,86121,1
78495,86121,1,86121,1
78495,86121,1,86121,1
78495,86121,1,86121,1
78495,86121,1,86121,1
78495,86121,1,86121,1
78495,86121,1,86121,1
78495,86121,1,86121,1
78495,86121,1,86121,1
78495,86121,1,86121,1
78495,86121,1,86121,1
78495,86121,1,86121,1
78495,86121,1,86121,1
78495,86121,1,86121,1
78495,86121,1,86121,1
78495,86121,1,86121,1
78495,86121,1,84701,1
78495,84701,1,84701,1
78495,84701,1,84701,1
78495,84701,1,84701,1
78495,84701,1,84701,1
78495,84701,1,84701,1
78495,84701,1,84701,1
78495,84701,1,84701,1
78495,84701,1,84701,1
78495,84701,1,84701,1
78495,84701,1,84701,1
78495,84701,1,84701,1
78495,84701,1,84701,1
78495,84701,1,84701,1
78495,84701,1,84701,1
78495,84701,1,84701,1
78495,84701,1,84701,1
78495,84701,1,84701,1
78495,84701,1,84701,1
78495,84701,1,84701,1
78495,84701,1,85664,0
78495,85664,0,85664,0
78495,85664,0,85664,0
78495,85664,0,85664,0
78495,85664,0,85664,0
78495,85664,0,85664,0
78495,85664,0,85664,0
78495,85664,0,85664,0
78495,85664,0,85664,0
78495,85664,0,85664,0
78495,85664,0,89266,1
78495,89266,1,89266,1
78495,89266,1,89266,1
78495,89266,1,89266,1
78495,89266,1,89266,1
78495,89266,1,89266,1
78495,89266,1,89266,1
78495,89266,1,89266,1
78495,89266,1,89266,1
78495,89266,1,89266,1
78495,89266,1,89266,1
78495,89266,1,89266,1
78495,89266,1,89266,1
78495,89266,1,89266,1
78495,89266,1,89266,1
78495,89266,1,89266,1
78495,89266,1,89266,1
78495,89266,1,89266,1
78495,89266,1,89266,1
78495,89266,1,89266,1
78495,89266,1,89266,1
78495,89266,1,89290,1
78495,89290,1,89290,1
78495,89290,1,89290,1
78495,89290,1,89290,1
78495,89290,1,89290,1
78495,89290,1,89290,1
78495,89290,1,89290,1
78495,89290,1,89290,1
78495,89290,1,89290,1
78495,89290,1,89290,1
78495,89290,1,89290,1
78495,89290,1,89290,1
78495,89290,1,89290,1
78495,89290,1,89290,1
78495,89290,1,89290,1
78495,89290,1,89290,1
78495,89290,1,89290,1
78495,89290,1,89290,1
78495,89290,1,89290,1
78495,89290,1,89290,1
78495,89290,1,89290,1
78495,89290,1,89290,1
78495,89290,1,89290,1
78495,89290,1,89290,1
78495,89290,1,89290,1
78495,89290,1,89290,1
78495,89290,1,89290,1
78495,89290,1,89290,1
78495,89290,1,89290,1
78495,89290,1,89290,1
78495,89290,1,89290,1
78495,89290,1,89290,1
78495,89290,1,89290,1
78495,89290,1,89290,1
78495,89290,1,89290,1
78495,89290,1,89290,1
78495,89290,1,89290,1
78495,89290,1,89290,1
78495,89290,1,89290,1
78495,89290,1,89290,1
78495,89290,1,89290,1
78495,89290,1,89290,1
78495,89290,1,89290,1
78495,89290,1,89290,1
78495,89290,1,89290,1
78495,89290,1,89290,1
78495,89290,1,89290,1
78495,89290,1,89290,1
78495,89290,1,89290,1
78495,89290,1,89290,1
78495,89290,1,89290,1
78495,89290,1,89290,1
78495,89290,1,89290,1
78495,89290,1,89290,1
78495,89290,1,89290,1
78495,89290,1,89290,1
78495,89290,1,89290,1
78495,89290,1,89290,1
78495,89290,1,89290,1
78495,89290,1,89290,1
78495,89290,1,91397,0
78495,91397,0,91397,0
78495,91397,0,91397,0
78495,91397,0,91397,0
78495,91397,0,91397,0
78495,91397,0,91397,0
78495,91397,0,91397,0
78495,91397,0,91397,0
78495,91397,0,91397,0
78495,91397,0,91397,0
78495,91397,0,91397,0
78495,91397,0,91397,0
78495,91397,0,91397,0
78495,91397,0,91397,0
78495,91397,0,91397,0
78495,91397,0,91397,0
78495,91397,0,91397,0
78495,91397,0,91397,0
78495,91397,0,91397,0
78495,91397,0,91397,0
78495,91397,0,91381,1
78495,91381,1,91381,1
78495,91381,1,91381,1
78495,91381,1,91381,1
78495,91381,1,91381,1
78495,91381,1,91381,1
78495,91381,1,91381,1
78495,91381,1,91381,1
78495,91381,1,91381,1
78495,91381,1,91381,1
78495,91381,1,91381,1
78495,91381,1,91381,1
78495,91381,1,91381,1
78495,91381,1,91381,1
78495,91381,1,91381,1
78495,91381,1,91381,1
78495,91381,1,91381,1
78495,91381,1,91381,1
78495,91381,1,91381,1
78495,91381,1,91381,1
78495,91381,1,91381,1
78495,91381,1,91381,1
78495,91381,1,91381,1
78495,91381,1,91381,1
78495,91381,1,91381,1
78495,91381,1,91381,1
78495,91381,1,91381,1
78495,91381,1,91381,1
78495,91381,1,91381,1
78495,91381,1,91381,1
78495,91381,1,91381,1
78495,91381,1,91381,1
78495,91381,1,91381,1
78495,91381,1,91381,1
78495,91381,1,91381,1
78495,91381,1,91381,1
78495,91381,1,91381,1
78495,91381,1,91381,1
78495,91381,1,91381,1
78495,91381,1,91381,1
78495,91381,1,91381,1
78495,91381,1,91381,1
78495,91381,1,91381,1
78495,91381,1,91381,1
78495,91381,1,91381,1
78495,91381,1,91381,1
78495,91381,1,91381,1
78495,91381,1,91381,1
78495,91381,1,91381,1
78495,91381,1,91381,1
78495,91381,1,91381,1
78495,91381,1,91381,1
78495,91381,1,91381,1
78495,91381,1,91381,1
78495,91381,1,91381,1
78495,91381,1,91381,1
78495,91381,1,91381,1
78495,91381,1,91381,1
78495,91381,1,91381,1
78495,91381,1,91381,1
78495,91381,1,89768,0
78495,89768,0,89768,0
78495,89768,0,89768,0
78495,89768,0,89768,0
78495,89768,0,89768,0
78495,89768,0,89768,0
78495,89768,0,89768,0
78495,89768,0,89768,0
78495,89768,0,89768,0
78495,89768,0,89768,0
78495,89768,0,89768,0
78495,89768,0,89768,0
78495,89768,0,89768,0
78495,89768,0,89768,0
78495,89768,0,89768,0
78495,89768,0,89768,0
78495,89768,0,89768,0
78495,89768,0,89768,0
78495,89768,0,89768,0
78495,89768,0,89768,0
78495,89768,0,89768,0
78495,89768,0,89768,0
78495,89768,0,89768,0
78495,89768,0,89768,0
78495,89768,0,89768,0
78495,89768,0,89768,0
78495,89768,0,89768,0
78495,89768,0,89768,0
78495,89768,0,89768,0
78495,89768,0,89768,0
78495,89768,0,89768,0
78495,89768,0,89768,0
78495,89768,0,89768,0
78495,89768,0,89768,0
78495,89768,0,89768,0
78495,89768,0,89768,0
78495,89768,0,89768,0
78495,89768,0,89768,0
78495,89768,0,89768,0
78495,89768,0,89768,0
78495,89768,0,89768,0
78495,89768,0,89768,0
78495,89768,0,89768,0
78495,89768,0,89768,0
78495,89768,0,89768,0
78495,89768,0,89768,0
78495,89768,0,89768,0
78495,89768,0,89768,0
78495,89768,0,89768,0
78495,89768,0,89768,0
78495,89768,0,89768,0
78495,89768,0,89768,0
78495,89768,0,89768,0
78495,89768,0,89768,0
78495,89768,0,89768,0
78495,89768,0,89768,0
78495,89768,0,89768,0
78495,89768,0,89768,0
78495,89768,0,89768,0
78495,89768,0,89768,0
78495,89768,0,89768,0
78495,89768,0,89768,0
78495,89768,0,89767,0
78495,89767,0,89767,0
78495,89767,0,89767,0
78495,89767,0,89767,0
78495,89767,0,89767,0
78495,89767,0,89767,0
78495,89767,0,89767,0
78495,89767,0,89767,0
78495,89767,0,89767,0
78495,89767,0,89767,0
78495,89767,0,89767,0
78495,89767,0,89767,0
78495,89767,0,89767,0
78495,89767,0,89767,0
78495,89767,0,89767,0
78495,89767,0,89767,0
78495,89767,0,89767,0
78495,89767,0,89767,0
78495,89767,0,89767,0
78495,89767,0,89767,0
78495,89767,0,89767,0
78495,89767,0,89767,0
78495,89767,0,89767,0
78495,89767,0,89767,0
78495,89767,0,89767,0
78495,89767,0,89767,0
78495,89767,0,89767,0
78495,89767,0,89767,0
78495,89767,0,89767,0
78495,89767,0,89767,0
78495,89767,0,89767,0
78495,89767,0,89767,0
78495,89767,0,89767,0
78495,89767,0,89767,0
78495,89767,0,89767,0
78495,89767,0,89767,0
78495,89767,0,89767,0
78495,89767,0,89767,0
78495,89767,0,89767,0
78495,89767,0,89767,0
78495,89767,0,89767,0
78495,89767,0,89767,0
78495,89767,0,89767,0
78495,89767,0,89767,0
78495,89767,0,89767,0
78495,89767,0,89767,0
78495,89767,0,89767,0
78495,89767,0,89767,0
78495,89767,0,89767,0
78495,89767,0,89767,0
78495,89767,0,89767,0
78495,89767,0,89767,0
78495,89767,0,89767,0
78495,89767,0,89767,0
78495,89767,0,89767,0
78495,89767,0,89767,0
78495,89767,0,89767,0
78495,89767,0,89767,0
78495,89767,0,89767,0
78495,89767,0,89767,0
78495,89767,0,89767,0
78495,89767,0,89767,0
78495,89767,0,91642,1
78495,91642,1,91642,1
78495,91642,1,91642,1
78495,91642,1,91642,1
78495,91642,1,91642,1
78495,91642,1,91642,1
78495,91642,1,91642,1
78495,91642,1,91642,1
78495,91642,1,91642,1
78495,91642,1,91642,1
78495,91642,1,91642,1
78495,91642,1,91642,1
78495,91642,1,91642,1
78495,91642,1,91642,1
78495,91642,1,91642,1
78495,91642,1,91642,1
78495,91642,1,91642,1
78495,91642,1,91642,1
78495,91642,1,91642,1
78495,91642,1,91642,1
78495,91642,1,91642,1
78495,91642,1,91642,1
78495,91642,1,91642,1
78495,91642,1,91642,1
78495,91642,1,91642,1
78495,91642,1,91642,1
78495,91642,1,91642,1
78495,91642,1,91642,1
78495,91642,1,91642,1
78495,91642,1,91642,1
78495,91642,1,91642,1
78495,91642,1,91642,1
78495,91642,1,91642,1
78495,91642,1,91642,1
78495,91642,1,91642,1
78495,91642,1,91642,1
78495,91642,1,91642,1
78495,91642,1,91642,1
78495,91642,1,91642,1
78495,91642,1,91642,1
78495,91642,1,91642,1
78495,91642,1,91642,1
78495,91642,1,91642,1
78495,91642,1,91642,1
78495,91642,1,91642,1
78495,91642,1,91642,1
78495,91642,1,91642,1
78495,91642,1,91642,1
78495,91642,1,91642,1
78495,91642,1,91642,1
78495,91642,1,91642,1
78495,91642,1,91642,1
78495,91642,1,91642,1
78495,91642,1,91642,1
78495,91642,1,91642,1
78495,91642,1,91642,1
78495,91642,1,91642,1
78495,91642,1,91642,1
78495,91642,1,91642,1
78495,91642,1,91642,1
78495,91642,1,91642,1
78495,91642,1,91642,1
78495,91642,1,89877,0
78495,89877,0,89877,0
78495,89877,0,89877,0
78495,89877,0,89877,0
78495,89877,0,89877,0
78495,89877,0,89877,0
78495,89877,0,89877,0
78495,89877,0,89877,0
78495,89877,0,89877,0
78495,89877,0,89877,0
78495,89877,0,89877,0
78495,89877,0,89877,0
78495,89877,0,89877,0
78495,89877,0,89877,0
78495,89877,0,89877,0
78495,89877,0,89877,0
78495,89877,0,89877,0
78495,89877,0,89877,0
78495,89877,0,89877,0
78495,89877,0,89877,0
78495,89877,0,89877,0
78495,89877,0,89877,0
78495,89877,0,89877,0
78495,89877,0,89877,0
78495,89877,0,89877,0
78495,89877,0,89877,0
78495,89877,0,89877,0
78495,89877,0,89877,0
78495,89877,0,89877,0
78495,89877,0,89877,0
78495,89877,0,89877,0
78495,89877,0,89877,0
78495,89877,0,89877,0
78495,89877,0,89877,0
78495,89877,0,89877,0
78495,89877,0,89877,0
78495,89877,0,89877,0
78495,89877,0,89877,0
78495,89877,0,89877,0
78495,89877,0,89877,0
78495,89877,0,89877,0
78495,89877,0,89877,0
78495,89877,0,89877,0
78495,89877,0,89877,0
78495,89877,0,89877,0
78495,89877,0,89877,0
78495,89877,0,89877,0
78495,89877,0,89877,0
78495,89877,0,89877,0
78495,89877,0,89877,0
78495,89877,0,89877,0
78495,89877,0,89877,0
78495,89877,0,89877,0
78495,89877,0,89877,0
78495,89877,0,89877,0
78495,89877,0,89877,0
78495,89877,0,89877,0
78495,89877,0,89877,0
78495,89877,0,89877,0
78495,89877,0,89877,0
78495,89877,0,89877,0
78495,89877,0,89877,0
78495,89877,0,89873,1
78495,89873,1,89873,1
78495,89873,1,89873,1
78495,89873,1,89873,1
78495,89873,1,89873,1
78495,89873,1,89873,1
78495,89873,1,89873,1
78495,89873,1,89873,1
78495,89873,1,89873,1
78495,89873,1,89873,1
78495,89873,1,89873,1
78495,89873,1,89873,1
78495,89873,1,89873,1
78495,89873,1,89873,1
78495,89873,1,89873,1
78495,89873,1,89873,1
78495,89873,1,89873,1
78495,89873,1,89873,1
78495,89873,1,89873,1
78495,89873,1,89873,1
78495,89873,1,89873,1
78495,89873,1,89873,1
78495,89873,1,89873,1
78495,89873,1,89873,1
78495,89873,1,89873,1
78495,89873,1,89873,1
78495,89873,1,89873,1
78495,89873,1,89873,1
78495,89873,1,89873,1
78495,89873,1,89873,1
78495,89873,1,89873,1
78495,89873,1,89873,1
78495,89873,1,89873,1
78495,89873,1,89873,1
78495,89873,1,89873,1
78495,89873,1,89873,1
78495,89873,1,89873,1
78495,89873,1,89873,1
78495,89873,1,89873,1
78495,89873,1,89873,1
78495,89873,1,89873,1
78495,89873,1,89873,1
78495,89873,1,89873,1
78495,89873,1,89873,1
78495,89873,1,89873,1
78495,89873,1,89873,1
78495,89873,1,89873,1
78495,89873,1,89873,1
78495,89873,1,89873,1
78495,89873,1,89873,1
78495,89873,1,89873,1
78495,89873,1,89873,1
78495,89873,1,89873,1
78495,89873,1,89873,1
78495,89873,1,89873,1
78495,89873,1,89873,1
78495,89873,1,89873,1
78495,89873,1,89873,1
78495,89873,1,89873,1
78495,89873,1,89873,1
78495,89873,1,89873,1
78495,89873,1,89873,1
78495,89873,1,89820,0
78495,89820,0,89820,0
78495,89820,0,89820,0
78495,89820,0,89820,0
78495,89820,0,89820,0
78495,89820,0,89820,0
78495,89820,0,89820,0
78495,89820,0,89820,0
78495,89820,0,89820,0
78495,89820,0,89820,0
78495,89820,0,89820,0
78495,89820,0,89820,0
78495,89820,0,89820,0
78495,89820,0,89820,0
78495,89820,0,89820,0
78495,89820,0,89820,0
78495,89820,0,89820,0
78495,89820,0,89820,0
78495,89820,0,89820,0
78495,89820,0,89820,0
78495,89820,0,89820,0
78495,89820,0,89820,0
78495,89820,0,89820,0
78495,89820,0,89820,0
78495,89820,0,89820,0
78495,89820,0,89820,0
78495,89820,0,89820,0
78495,89820,0,89820,0
78495,89820,0,89820,0
78495,89820,0,89820,0
78495,89820,0,89820,0
78495,89820,0,89820,0
78495,89820,0,89820,0
78495,89820,0,89820,0
78495,89820,0,89820,0
78495,89820,0,89820,0
78495,89820,0,89820,0
78495,89820,0,89820,0
78495,89820,0,89820,0
78495,89820,0,89820,0
78495,89820,0,89820,0
78495,89820,0,89820,0
78495,89820,0,89820,0
78495,89820,0,89820,0
78495,89820,0,89820,0
78495,89820,0,89820,0
78495,89820,0,89820,0
78495,89820,0,89820,0
78495,89820,0,89820,0
78495,89820,0,89820,0
78495,89820,0,89820,0
78495,89820,0,89820,0
78495,89820,0,89820,0
78495,89820,0,89820,0
78495,89820,0,89820,0
78495,89820,0,89820,0
78495,89820,0,89820,0
78495,89820,0,89820,0
78495,89820,0,89820,0
78495,89820,0,89820,0
78495,89820,0,89820,0
78495,89820,0,89820,0
78495,89820,0,89812,1
78495,89812,1,89812,1
78495,89812,1,89812,1
78495,89812,1,89812,1
78495,89812,1,89812,1
78495,89812,1,89812,1
78495,89812,1,89812,1
78495,89812,1,89812,1
78495,89812,1,89812,1
78495,89812,1,89812,1
78495,89812,1,89812,1
78495,89812,1,89812,1
78495,89812,1,89812,1
78495,89812,1,89812,1
78495,89812,1,89812,1
78495,89812,1,89812,1
78495,89812,1,89812,1
78495,89812,1,89812,1
78495,89812,1,89812,1
78495,89812,1,89812,1
78495,89812,1,89812,1
78495,89812,1,89812,1
78495,89812,1,89812,1
78495,89812,1,89812,1
78495,89812,1,89812,1
78495,89812,1,89812,1
78495,89812,1,89812,1
78495,89812,1,89812,1
78495,89812,1,89812,1
78495,89812,1,89812,1
78495,89812,1,89812,1
78495,89812,1,89812,1
78495,89812,1,89812,1
78495,89812,1,89812,1
78495,89812,1,89812,1
78495,89812,1,89812,1
78495,89812,1,89812,1
78495,89812,1,89812,1
78495,89812,1,89812,1
78495,89812,1,89812,1
78495,89812,1,89812,1
78495,89812,1,89812,1
78495,89812,1,89812,1
78495,89812,1,89812,1
78495,89812,1,89812,1
78495,89812,1,89812,1
78495,89812,1,89812,1
78495,89812,1,89812,1
78495,89812,1,89812,1
78495,89812,1,89812,1
78495,89812,1,89812,1
78495,89812,1,89812,1
78495,89812,1,89812,1
78495,89812,1,89812,1
78495,89812,1,89812,1
78495,89812,1,89812,1
78495,89812,1,89812,1
78495,89812,1,89812,1
78495,89812,1,89812,1
78495,89812,1,89812,1
78495,89812,1,89812,1
78495,89812,1,89812,1
78495,89812,1,89838,1
78495,89838,1,89838,1
78495,89838,1,89838,1
78495,89838,1,89838,1
78495,89838,1,89838,1
78495,89838,1,89838,1
78495,89838,1,89838,1
78495,89838,1,89838,1
78495,89838,1,89838,1
78495,89838,1,89838,1
78495,89838,1,89838,1
78495,89838,1,89838,1
78495,89838,1,89838,1
78495,89838,1,89838,1
78495,89838,1,89838,1
78495,89838,1,89838,1
78495,89838,1,89838,1
78495,89838,1,89838,1
78495,89838,1,89838,1
78495,89838,1,89838,1
78495,89838,1,89838,1
78495,89838,1,89838,1
78495,89838,1,89838,1
78495,89838,1,89838,1
78495,89838,1,89838,1
78495,89838,1,89838,1
78495,89838,1,89838,1
78495,89838,1,89838,1
78495,89838,1,89838,1
78495,89838,1,89838,1
78495,89838,1,89838,1
78495,89838,1,89838,1
78495,89838,1,89838,1
78495,89838,1,89838,1
78495,89838,1,89838,1
78495,89838,1,89838,1
78495,89838,1,89838,1
78495,89838,1,89838,1
78495,89838,1,89838,1
78495,89838,1,89838,1
78495,89838,1,89838,1
78495,89838,1,89838,1
78495,89838,1,89838,1
78495,89838,1,89838,1
78495,89838,1,89838,1
78495,89838,1,89838,1
78495,89838,1,89838,1
78495,89838,1,89838,1
78495,89838,1,89838,1
78495,89838,1,89838,1
78495,89838,1,89838,1
78495,89838,1,89838,1
78495,89838,1,89838,1
78495,89838,1,89838,1
78495,89838,1,89838,1
78495,89838,1,89838,1
78495,89838,1,89838,1
78495,89838,1,89838,1
78495,89838,1,89838,1
78495,89838,1,89838,1
78495,89838,1,89838,1
78495,89838,1,89838,1
78495,89838,1,89849,1
78495,89849,1,89849,1
78495,89849,1,89849,1
78495,89849,1,89849,1
78495,89849,1,89849,1
78495,89849,1,89849,1
78495,89849,1,89849,1
78495,89849,1,89849,1
78495,89849,1,89849,1
78495,89849,1,89849,1
78495,89849,1,89849,1
78495,89849,1,89849,1
78495,89849,1,89849,1
78495,89849,1,89849,1
78495,89849,1,89849,1
78495,89849,1,89849,1
78495,89849,1,89849,1
78495,89849,1,89849,1
78495,89849,1,89849,1
78495,89849,1,89849,1
78495,89849,1,89849,1
78495,89849,1,89849,1
78495,89849,1,89849,1
78495,89849,1,89849,1
78495,89849,1,89849,1
78495,89849,1,89849,1
78495,89849,1,89849,1
78495,89849,1,89849,1
78495,89849,1,89849,1
78495,89849,1,89849,1
78495,89849,1,89849,1
78495,89849,1,89849,1
78495,89849,1,89849,1
78495,89849,1,89849,1
78495,89849,1,89849,1
78495,89849,1,89849,1
78495,89849,1,89849,1
78495,89849,1,89849,1
78495,89849,1,89849,1
78495,89849,1,89849,1
78495,89849,1,89849,1
78495,89849,1,89849,1
78495,89849,1,89849,1
78495,89849,1,89849,1
78495,89849,1,89849,1
78495,89849,1,89849,1
78495,89849,1,89849,1
78495,89849,1,89849,1
78495,89849,1,89849,1
78495,89849,1,89849,1
78495,89849,1,89849,1
78495,89849,1,89849,1
78495,89849,1,89849,1
78495,89849,1,89849,1
78495,89849,1,89849,1
78495,89849,1,89849,1
78495,89849,1,89849,1
78495,89849,1,89849,1
78495,89849,1,89849,1
78495,89849,1,89849,1
78495,89849,1,89849,1
78495,89849,1,89849,1
78495,89849,1,89814,0
78495,89814,0,89814,0
78495,89814,0,89814,0
78495,89814,0,89814,0
78495,89814,0,89814,0
78495,89814,0,89814,0
78495,89814,0,89814,0
78495,89814,0,89814,0
78495,89814,0,89814,0
78495,89814,0,89814,0
78495,89814,0,89814,0
78495,89814,0,89814,0
78495,89814,0,89814,0
78495,89814,0,89814,0
78495,89814,0,89814,0
78495,89814,0,89814,0
78495,89814,0,89814,0
78495,89814,0,89814,0
78495,89814,0,89814,0
78495,89814,0,89814,0
78495,89814,0,89814,0
78495,89814,0,89814,0
78495,89814,0,91652,0
78495,91652,0,91652,0
78495,91652,0,91652,0
78495,91652,0,91652,0
78495,91652,0,91652,0
78495,91652,0,91652,0
78495,91652,0,91652,0
78495,91652,0,91652,0
78495,91652,0,91652,0
78495,91652,0,91652,0
78495,91652,0,91652,0
78495,91652,0,91652,0
78495,91652,0,91652,0
78495,91652,0,91652,0
78495,91652,0,91652,0
78495,91652,0,91652,0
78495,91652,0,91652,0
78495,91652,0,91652,0
78495,91652,0,91652,0
78495,91652,0,91652,0
78495,91652,0,91652,0
78495,91652,0,91652,0
78498,93174,1,93174,1
78498,93174,1,93174,1
78498,93174,1,93174,1
78498,93174,1,93174,1
78498,93174,1,93174,1
78498,93174,1,93174,1
78498,93174,1,93174,1
78498,93174,1,93174,1
78498,93174,1,93174,1
78498,93174,1,93174,1
78498,93174,1,93174,1
78498,93174,1,93174,1
78498,93174,1,93174,1
78498,93174,1,93174,1
78498,93174,1,93174,1
78498,93174,1,93174,1
78498,93174,1,93174,1
78498,93174,1,93174,1
78498,93174,1,93174,1
78498,93174,1,93174,1
78498,93174,1,93174,1
78498,93174,1,93174,1
78498,93174,1,93174,1
78498,93174,1,93174,1
78498,93174,1,93174,1
78498,93174,1,93170,1
78498,93170,1,93170,1
78498,93170,1,93170,1
78498,93170,1,93170,1
78498,93170,1,93170,1
78498,93170,1,93170,1
78498,93170,1,93170,1
78498,93170,1,93170,1
78498,93170,1,93170,1
78498,93170,1,93170,1
78498,93170,1,93170,1
78498,93170,1,93170,1
78498,93170,1,93170,1
78498,93170,1,93170,1
78498,93170,1,93170,1
78498,93170,1,93170,1
78498,93170,1,93170,1
78498,93170,1,93170,1
78498,93170,1,93170,1
78498,93170,1,93170,1
78498,93170,1,93170,1
78498,93170,1,93170,1
78498,93170,1,93170,1
78498,93170,1,93170,1
78498,93170,1,93170,1
78498,93170,1,93170,1
78498,93170,1,93190,1
78498,93190,1,93190,1
78498,93190,1,93190,1
78498,93190,1,93190,1
78498,93190,1,93190,1
78498,93190,1,93190,1
78498,93190,1,93190,1
78498,93190,1,93190,1
78498,93190,1,93190,1
78498,93190,1,93190,1
78498,93190,1,93190,1
78498,93190,1,93190,1
78498,93190,1,93190,1
78498,93190,1,93190,1
78498,93190,1,86098,1
78498,86098,1,86098,1
78498,86098,1,86098,1
78498,86098,1,86098,1
78498,86098,1,86098,1
78498,86098,1,86098,1
78498,86098,1,86098,1
78498,86098,1,86098,1
78498,86098,1,86098,1
78498,86098,1,86098,1
78498,86098,1,86098,1
78498,86098,1,86098,1
78498,86098,1,86098,1
78498,86098,1,86098,1
78498,86098,1,86098,1
78498,86098,1,86098,1
78498,86098,1,86098,1
78498,86098,1,86098,1
78498,86098,1,86098,1
78498,86098,1,86098,1
78498,86098,1,84705,1
78498,84705,1,84705,1
78498,84705,1,84705,1
78498,84705,1,84705,1
78498,84705,1,84705,1
78498,84705,1,84705,1
78498,84705,1,84705,1
78498,84705,1,84705,1
78498,84705,1,84705,1
78498,84705,1,84705,1
78498,84705,1,84705,1
78498,84705,1,84705,1
78498,84705,1,84705,1
78498,84705,1,84705,1
78498,84705,1,84705,1
78498,84705,1,84705,1
78498,84705,1,84705,1
78498,84705,1,84705,1
78498,84705,1,84705,1
78498,84705,1,84705,1
78498,84705,1,85680,1
78498,85680,1,85680,1
78498,85680,1,85680,1
78498,85680,1,85680,1
78498,85680,1,85680,1
78498,85680,1,85680,1
78498,85680,1,85680,1
78498,85680,1,85680,1
78498,85680,1,85680,1
78498,85680,1,85680,1
78498,85680,1,89294,1
78498,89294,1,89294,1
78498,89294,1,89294,1
78498,89294,1,89294,1
78498,89294,1,89294,1
78498,89294,1,89294,1
78498,89294,1,89294,1
78498,89294,1,89294,1
78498,89294,1,89294,1
78498,89294,1,89294,1
78498,89294,1,89294,1
78498,89294,1,89294,1
78498,89294,1,89294,1
78498,89294,1,89294,1
78498,89294,1,89294,1
78498,89294,1,89294,1
78498,89294,1,89294,1
78498,89294,1,89294,1
78498,89294,1,89294,1
78498,89294,1,89294,1
78498,89294,1,89294,1
78498,89294,1,89294,1
78498,89294,1,89294,1
78498,89294,1,89294,1
78498,89294,1,89294,1
78498,89294,1,89294,1
78498,89294,1,89294,1
78498,89294,1,89294,1
78498,89294,1,89294,1
78498,89294,1,89294,1
78498,89294,1,89294,1
78498,89294,1,89294,1
78498,89294,1,89294,1
78498,89294,1,89294,1
78498,89294,1,89294,1
78498,89294,1,89294,1
78498,89294,1,89294,1
78498,89294,1,89294,1
78498,89294,1,89294,1
78498,89294,1,89294,1
78498,89294,1,89294,1
78498,89294,1,89294,1
78498,89294,1,89294,1
78498,89294,1,89294,1
78498,89294,1,89294,1
78498,89294,1,89294,1
78498,89294,1,89294,1
78498,89294,1,89294,1
78498,89294,1,89294,1
78498,89294,1,89294,1
78498,89294,1,89294,1
78498,89294,1,89294,1
78498,89294,1,89294,1
78498,89294,1,89294,1
78498,89294,1,89294,1
78498,89294,1,89294,1
78498,89294,1,89294,1
78498,89294,1,89294,1
78498,89294,1,89294,1
78498,89294,1,89294,1
78498,89294,1,89296,1
78498,89296,1,89296,1
78498,89296,1,89296,1
78498,89296,1,89296,1
78498,89296,1,89296,1
78498,89296,1,89296,1
78498,89296,1,89296,1
78498,89296,1,89296,1
78498,89296,1,89296,1
78498,89296,1,89296,1
78498,89296,1,89296,1
78498,89296,1,89296,1
78498,89296,1,89296,1
78498,89296,1,89296,1
78498,89296,1,89296,1
78498,89296,1,89296,1
78498,89296,1,89296,1
78498,89296,1,89296,1
78498,89296,1,89296,1
78498,89296,1,89296,1
78498,89296,1,89296,1
78498,89296,1,89268,0
78498,89268,0,89268,0
78498,89268,0,89268,0
78498,89268,0,89268,0
78498,89268,0,89268,0
78498,89268,0,89268,0
78498,89268,0,89268,0
78498,89268,0,89268,0
78498,89268,0,89268,0
78498,89268,0,89268,0
78498,89268,0,89268,0
78498,89268,0,89268,0
78498,89268,0,89268,0
78498,89268,0,89268,0
78498,89268,0,89268,0
78498,89268,0,89268,0
78498,89268,0,89268,0
78498,89268,0,89268,0
78498,89268,0,89268,0
78498,89268,0,89268,0
78498,89268,0,89268,0
78498,89268,0,89268,0
78498,89268,0,89268,0
78498,89268,0,89268,0
78498,89268,0,89268,0
78498,89268,0,89268,0
78498,89268,0,89268,0
78498,89268,0,89268,0
78498,89268,0,89268,0
78498,89268,0,89268,0
78498,89268,0,89268,0
78498,89268,0,89268,0
78498,89268,0,89268,0
78498,89268,0,89268,0
78498,89268,0,89268,0
78498,89268,0,89268,0
78498,89268,0,89268,0
78498,89268,0,89268,0
78498,89268,0,89268,0
78498,89268,0,89268,0
78498,89268,0,89268,0
78498,89268,0,89268,0
78498,89268,0,89268,0
78498,89268,0,89268,0
78498,89268,0,89268,0
78498,89268,0,89268,0
78498,89268,0,89268,0
78498,89268,0,89268,0
78498,89268,0,89268,0
78498,89268,0,89268,0
78498,89268,0,89268,0
78498,89268,0,89268,0
78498,89268,0,89268,0
78498,89268,0,89268,0
78498,89268,0,89268,0
78498,89268,0,89268,0
78498,89268,0,89268,0
78498,89268,0,89268,0
78498,89268,0,89268,0
78498,89268,0,89268,0
78498,89268,0,89239,0
78498,89239,0,89239,0
78498,89239,0,89239,0
78498,89239,0,89239,0
78498,89239,0,89239,0
78498,89239,0,89239,0
78498,89239,0,89239,0
78498,89239,0,89239,0
78498,89239,0,89239,0
78498,89239,0,89239,0
78498,89239,0,89239,0
78498,89239,0,89239,0
78498,89239,0,89239,0
78498,89239,0,89239,0
78498,89239,0,89239,0
78498,89239,0,89239,0
78498,89239,0,89239,0
78498,89239,0,89239,0
78498,89239,0,89239,0
78498,89239,0,89239,0
78498,89239,0,89239,0
78498,89239,0,89239,0
78498,89239,0,89239,0
78498,89239,0,89239,0
78498,89239,0,89239,0
78498,89239,0,89239,0
78498,89239,0,89239,0
78498,89239,0,89239,0
78498,89239,0,89239,0
78498,89239,0,89239,0
78498,89239,0,89239,0
78498,89239,0,89239,0
78498,89239,0,89239,0
78498,89239,0,89239,0
78498,89239,0,89239,0
78498,89239,0,89239,0
78498,89239,0,89239,0
78498,89239,0,89239,0
78498,89239,0,89239,0
78498,89239,0,89239,0
78498,89239,0,89239,0
78498,89239,0,89239,0
78498,89239,0,89239,0
78498,89239,0,89239,0
78498,89239,0,89239,0
78498,89239,0,89239,0
78498,89239,0,89239,0
78498,89239,0,89239,0
78498,89239,0,89239,0
78498,89239,0,89239,0
78498,89239,0,89239,0
78498,89239,0,89239,0
78498,89239,0,89239,0
78498,89239,0,89239,0
78498,89239,0,89239,0
78498,89239,0,89239,0
78498,89239,0,89239,0
78498,89239,0,89239,0
78498,89239,0,89239,0
78498,89239,0,89239,0
78498,89239,0,91358,1
78498,91358,1,91358,1
78498,91358,1,91358,1
78498,91358,1,91358,1
78498,91358,1,91358,1
78498,91358,1,91358,1
78498,91358,1,91358,1
78498,91358,1,91358,1
78498,91358,1,91358,1
78498,91358,1,91358,1
78498,91358,1,91358,1
78498,91358,1,91358,1
78498,91358,1,91358,1
78498,91358,1,91358,1
78498,91358,1,91358,1
78498,91358,1,91358,1
78498,91358,1,91358,1
78498,91358,1,91358,1
78498,91358,1,91358,1
78498,91358,1,91358,1
78498,91358,1,91358,1
78498,91358,1,91358,1
78498,91358,1,91358,1
78498,91358,1,91358,1
78498,91358,1,91358,1
78498,91358,1,91358,1
78498,91358,1,91358,1
78498,91358,1,91358,1
78498,91358,1,91358,1
78498,91358,1,91358,1
78498,91358,1,91358,1
78498,91358,1,91358,1
78498,91358,1,91358,1
78498,91358,1,91358,1
78498,91358,1,91358,1
78498,91358,1,91358,1
78498,91358,1,91358,1
78498,91358,1,91358,1
78498,91358,1,91358,1
78498,91358,1,91358,1
78498,91358,1,91358,1
78498,91358,1,91358,1
78498,91358,1,91358,1
78498,91358,1,91358,1
78498,91358,1,91358,1
78498,91358,1,91358,1
78498,91358,1,91358,1
78498,91358,1,91358,1
78498,91358,1,91358,1
78498,91358,1,91358,1
78498,91358,1,91358,1
78498,91358,1,91358,1
78498,91358,1,91358,1
78498,91358,1,91358,1
78498,91358,1,91358,1
78498,91358,1,91358,1
78498,91358,1,91358,1
78498,91358,1,91358,1
78498,91358,1,91358,1
78498,91358,1,91358,1
78498,91358,1,89262,1
78498,89262,1,89262,1
78498,89262,1,89262,1
78498,89262,1,89262,1
78498,89262,1,89262,1
78498,89262,1,89262,1
78498,89262,1,89262,1
78498,89262,1,89262,1
78498,89262,1,89262,1
78498,89262,1,89262,1
78498,89262,1,89262,1
78498,89262,1,89262,1
78498,89262,1,89262,1
78498,89262,1,89262,1
78498,89262,1,89262,1
78498,89262,1,89262,1
78498,89262,1,89262,1
78498,89262,1,89262,1
78498,89262,1,89262,1
78498,89262,1,89262,1
78498,89262,1,89291,1
78498,89291,1,89291,1
78498,89291,1,89291,1
78498,89291,1,89291,1
78498,89291,1,89291,1
78498,89291,1,89291,1
78498,89291,1,89291,1
78498,89291,1,89291,1
78498,89291,1,89291,1
78498,89291,1,89291,1
78498,89291,1,89291,1
78498,89291,1,89291,1
78498,89291,1,89291,1
78498,89291,1,89291,1
78498,89291,1,89291,1
78498,89291,1,89291,1
78498,89291,1,89291,1
78498,89291,1,89291,1
78498,89291,1,89291,1
78498,89291,1,89291,1
78498,89291,1,89291,1
78498,89291,1,89291,1
78498,89291,1,89291,1
78498,89291,1,89291,1
78498,89291,1,89291,1
78498,89291,1,89291,1
78498,89291,1,89291,1
78498,89291,1,89291,1
78498,89291,1,89291,1
78498,89291,1,89291,1
78498,89291,1,89291,1
78498,89291,1,89291,1
78498,89291,1,89291,1
78498,89291,1,89291,1
78498,89291,1,89291,1
78498,89291,1,89291,1
78498,89291,1,89291,1
78498,89291,1,89291,1
78498,89291,1,89291,1
78498,89291,1,89291,1
78498,89291,1,89291,1
78498,89291,1,89291,1
78498,89291,1,89291,1
78498,89291,1,89291,1
78498,89291,1,89291,1
78498,89291,1,89291,1
78498,89291,1,89291,1
78498,89291,1,89291,1
78498,89291,1,89291,1
78498,89291,1,89291,1
78498,89291,1,89291,1
78498,89291,1,89291,1
78498,89291,1,89291,1
78498,89291,1,89291,1
78498,89291,1,89291,1
78498,89291,1,89291,1
78498,89291,1,89291,1
78498,89291,1,89291,1
78498,89291,1,89291,1
78498,89291,1,89291,1
78498,89291,1,89289,0
78498,89289,0,89289,0
78498,89289,0,89289,0
78498,89289,0,89289,0
78498,89289,0,89289,0
78498,89289,0,89289,0
78498,89289,0,89289,0
78498,89289,0,89289,0
78498,89289,0,89289,0
78498,89289,0,89289,0
78498,89289,0,89289,0
78498,89289,0,89289,0
78498,89289,0,89289,0
78498,89289,0,89289,0
78498,89289,0,89289,0
78498,89289,0,89289,0
78498,89289,0,89289,0
78498,89289,0,89289,0
78498,89289,0,89289,0
78498,89289,0,89289,0
78498,89289,0,89289,0
78498,89289,0,89275,1
78498,89275,1,89275,1
78498,89275,1,89275,1
78498,89275,1,89275,1
78498,89275,1,89275,1
78498,89275,1,89275,1
78498,89275,1,89275,1
78498,89275,1,89275,1
78498,89275,1,89275,1
78498,89275,1,89275,1
78498,89275,1,89275,1
78498,89275,1,89275,1
78498,89275,1,89275,1
78498,89275,1,89275,1
78498,89275,1,89275,1
78498,89275,1,89275,1
78498,89275,1,89275,1
78498,89275,1,89275,1
78498,89275,1,89275,1
78498,89275,1,89275,1
78498,89275,1,89275,1
78498,89275,1,89272,1
78498,89272,1,89272,1
78498,89272,1,89272,1
78498,89272,1,89272,1
78498,89272,1,89272,1
78498,89272,1,89272,1
78498,89272,1,89272,1
78498,89272,1,89272,1
78498,89272,1,89272,1
78498,89272,1,89272,1
78498,89272,1,89272,1
78498,89272,1,89272,1
78498,89272,1,89272,1
78498,89272,1,89272,1
78498,89272,1,89272,1
78498,89272,1,89272,1
78498,89272,1,89272,1
78498,89272,1,89272,1
78498,89272,1,89272,1
78498,89272,1,89272,1
78498,89272,1,89272,1
78498,89272,1,89785,1
78498,89785,1,89785,1
78498,89785,1,89785,1
78498,89785,1,89785,1
78498,89785,1,89785,1
78498,89785,1,89785,1
78498,89785,1,89785,1
78498,89785,1,89785,1
78498,89785,1,89785,1
78498,89785,1,89785,1
78498,89785,1,89785,1
78498,89785,1,89785,1
78498,89785,1,89785,1
78498,89785,1,89785,1
78498,89785,1,89785,1
78498,89785,1,89785,1
78498,89785,1,89785,1
78498,89785,1,89785,1
78498,89785,1,89785,1
78498,89785,1,89785,1
78498,89785,1,89785,1
78498,89785,1,89785,1
78498,89785,1,89785,1
78498,89785,1,89785,1
78498,89785,1,89785,1
78498,89785,1,89785,1
78498,89785,1,89785,1
78498,89785,1,89785,1
78498,89785,1,89785,1
78498,89785,1,89785,1
78498,89785,1,89785,1
78498,89785,1,89785,1
78498,89785,1,89785,1
78498,89785,1,89785,1
78498,89785,1,89785,1
78498,89785,1,89785,1
78498,89785,1,89785,1
78498,89785,1,89785,1
78498,89785,1,89785,1
78498,89785,1,89785,1
78498,89785,1,89785,1
78498,89785,1,89785,1
78498,89785,1,89785,1
78498,89785,1,89785,1
78498,89785,1,89785,1
78498,89785,1,89785,1
78498,89785,1,89785,1
78498,89785,1,89785,1
78498,89785,1,89785,1
78498,89785,1,89785,1
78498,89785,1,89785,1
78498,89785,1,89785,1
78498,89785,1,89785,1
78498,89785,1,89785,1
78498,89785,1,89785,1
78498,89785,1,89785,1
78498,89785,1,89785,1
78498,89785,1,89785,1
78498,89785,1,89785,1
78498,89785,1,89785,1
78498,89785,1,89785,1
78498,89785,1,89785,1
78498,89785,1,91643,1
78498,91643,1,91643,1
78498,91643,1,91643,1
78498,91643,1,91643,1
78498,91643,1,91643,1
78498,91643,1,91643,1
78498,91643,1,91643,1
78498,91643,1,91643,1
78498,91643,1,91643,1
78498,91643,1,91643,1
78498,91643,1,91643,1
78498,91643,1,91643,1
78498,91643,1,91643,1
78498,91643,1,91643,1
78498,91643,1,91643,1
78498,91643,1,91643,1
78498,91643,1,91643,1
78498,91643,1,91643,1
78498,91643,1,91643,1
78498,91643,1,91643,1
78498,91643,1,89762,1
78498,89762,1,89762,1
78498,89762,1,89762,1
78498,89762,1,89762,1
78498,89762,1,89762,1
78498,89762,1,89762,1
78498,89762,1,89762,1
78498,89762,1,89762,1
78498,89762,1,89762,1
78498,89762,1,89762,1
78498,89762,1,89762,1
78498,89762,1,89762,1
78498,89762,1,89762,1
78498,89762,1,89762,1
78498,89762,1,89762,1
78498,89762,1,89762,1
78498,89762,1,89762,1
78498,89762,1,89762,1
78498,89762,1,89762,1
78498,89762,1,89762,1
78498,89762,1,89762,1
78498,89762,1,89762,1
78498,89762,1,89873,1
78498,89873,1,89873,1
78498,89873,1,89873,1
78498,89873,1,89873,1
78498,89873,1,89873,1
78498,89873,1,89873,1
78498,89873,1,89873,1
78498,89873,1,89873,1
78498,89873,1,89873,1
78498,89873,1,89873,1
78498,89873,1,89873,1
78498,89873,1,89873,1
78498,89873,1,89873,1
78498,89873,1,89873,1
78498,89873,1,89873,1
78498,89873,1,89873,1
78498,89873,1,89873,1
78498,89873,1,89873,1
78498,89873,1,89873,1
78498,89873,1,89873,1
78498,89873,1,89873,1
78498,89873,1,89873,1
78498,89873,1,89873,1
78498,89873,1,89873,1
78498,89873,1,89873,1
78498,89873,1,89873,1
78498,89873,1,89873,1
78498,89873,1,89873,1
78498,89873,1,89873,1
78498,89873,1,89873,1
78498,89873,1,89873,1
78498,89873,1,89873,1
78498,89873,1,89873,1
78498,89873,1,89873,1
78498,89873,1,89873,1
78498,89873,1,89873,1
78498,89873,1,89873,1
78498,89873,1,89873,1
78498,89873,1,89873,1
78498,89873,1,89873,1
78498,89873,1,89873,1
78498,89873,1,89873,1
78498,89873,1,89873,1
78498,89873,1,89873,1
78498,89873,1,89873,1
78498,89873,1,89873,1
78498,89873,1,89873,1
78498,89873,1,89873,1
78498,89873,1,89873,1
78498,89873,1,89873,1
78498,89873,1,89873,1
78498,89873,1,89873,1
78498,89873,1,89873,1
78498,89873,1,89873,1
78498,89873,1,89873,1
78498,89873,1,89873,1
78498,89873,1,89873,1
78498,89873,1,89873,1
78498,89873,1,89873,1
78498,89873,1,89873,1
78498,89873,1,89873,1
78498,89873,1,89873,1
78499,93210,0,93210,0
78499,93210,0,93210,0
78499,93210,0,93210,0
78499,93210,0,93210,0
78499,93210,0,93210,0
78499,93210,0,93210,0
78499,93210,0,93210,0
78499,93210,0,93210,0
78499,93210,0,93210,0
78499,93210,0,93210,0
78499,93210,0,93210,0
78499,93210,0,93210,0
78499,93210,0,93210,0
78499,93210,0,93210,0
78499,93210,0,93210,0
78499,93210,0,93210,0
78499,93210,0,93210,0
78499,93210,0,93210,0
78499,93210,0,93210,0
78499,93210,0,93210,0
78499,93210,0,93210,0
78499,93210,0,93210,0
78499,93210,0,93210,0
78499,93210,0,93210,0
78499,93210,0,93210,0
78499,93210,0,93240,1
78499,93240,1,93240,1
78499,93240,1,93240,1
78499,93240,1,93240,1
78499,93240,1,93240,1
78499,93240,1,93240,1
78499,93240,1,93240,1
78499,93240,1,93240,1
78499,93240,1,93240,1
78499,93240,1,93240,1
78499,93240,1,93240,1
78499,93240,1,93240,1
78499,93240,1,93240,1
78499,93240,1,93240,1
78499,93240,1,93240,1
78499,93240,1,93240,1
78499,93240,1,93240,1
78499,93240,1,93240,1
78499,93240,1,93240,1
78499,93240,1,93240,1
78499,93240,1,93240,1
78499,93240,1,93240,1
78499,93240,1,93240,1
78499,93240,1,93240,1
78499,93240,1,93240,1
78499,93240,1,93240,1
78499,93240,1,93162,0
78499,93162,0,93162,0
78499,93162,0,93162,0
78499,93162,0,93162,0
78499,93162,0,93162,0
78499,93162,0,93162,0
78499,93162,0,93162,0
78499,93162,0,93162,0
78499,93162,0,93162,0
78499,93162,0,93162,0
78499,93162,0,93162,0
78499,93162,0,93162,0
78499,93162,0,93162,0
78499,93162,0,93162,0
78499,93162,0,93162,0
78499,93162,0,93162,0
78499,93162,0,93162,0
78499,93162,0,93162,0
78499,93162,0,93162,0
78499,93162,0,93162,0
78499,93162,0,93162,0
78499,93162,0,93162,0
78499,93162,0,93162,0
78499,93162,0,93162,0
78499,93162,0,93162,0
78499,93162,0,93162,0
78499,93162,0,93202,1
78499,93202,1,93202,1
78499,93202,1,93202,1
78499,93202,1,93202,1
78499,93202,1,93202,1
78499,93202,1,93202,1
78499,93202,1,93202,1
78499,93202,1,93202,1
78499,93202,1,93202,1
78499,93202,1,93202,1
78499,93202,1,93202,1
78499,93202,1,93202,1
78499,93202,1,93202,1
78499,93202,1,93202,1
78499,93202,1,93202,1
78499,93202,1,93202,1
78499,93202,1,93202,1
78499,93202,1,93202,1
78499,93202,1,93202,1
78499,93202,1,93202,1
78499,93202,1,93202,1
78499,93202,1,93202,1
78499,93202,1,93202,1
78499,93202,1,93202,1
78499,93202,1,93202,1
78499,93202,1,93202,1
78499,93202,1,93239,1
78499,93239,1,93239,1
78499,93239,1,93239,1
78499,93239,1,93239,1
78499,93239,1,93239,1
78499,93239,1,93239,1
78499,93239,1,93239,1
78499,93239,1,93239,1
78499,93239,1,93239,1
78499,93239,1,93239,1
78499,93239,1,93239,1
78499,93239,1,93239,1
78499,93239,1,93239,1
78499,93239,1,93239,1
78499,93239,1,93239,1
78499,93239,1,93239,1
78499,93239,1,93239,1
78499,93239,1,93239,1
78499,93239,1,93239,1
78499,93239,1,93239,1
78499,93239,1,93239,1
78499,93239,1,93239,1
78499,93239,1,93239,1
78499,93239,1,93239,1
78499,93239,1,93239,1
78499,93239,1,93239,1
78499,93239,1,93203,1
78499,93203,1,93203,1
78499,93203,1,93203,1
78499,93203,1,93203,1
78499,93203,1,93203,1
78499,93203,1,93203,1
78499,93203,1,93203,1
78499,93203,1,93203,1
78499,93203,1,93203,1
78499,93203,1,93203,1
78499,93203,1,93203,1
78499,93203,1,93203,1
78499,93203,1,93203,1
78499,93203,1,93203,1
78499,93203,1,93203,1
78499,93203,1,93203,1
78499,93203,1,93203,1
78499,93203,1,93203,1
78499,93203,1,93203,1
78499,93203,1,93203,1
78499,93203,1,93203,1
78499,93203,1,93203,1
78499,93203,1,93203,1
78499,93203,1,93203,1
78499,93203,1,93203,1
78499,93203,1,93203,1
78499,93203,1,93212,0
78499,93212,0,93212,0
78499,93212,0,93212,0
78499,93212,0,93212,0
78499,93212,0,93212,0
78499,93212,0,93212,0
78499,93212,0,93212,0
78499,93212,0,93212,0
78499,93212,0,93212,0
78499,93212,0,93212,0
78499,93212,0,93212,0
78499,93212,0,93212,0
78499,93212,0,93212,0
78499,93212,0,93212,0
78499,93212,0,85829,1
78499,85829,1,85812,1
78499,85812,1,85968,0
78499,85968,0,86065,0
78499,86065,0,85936,1
78499,85936,1,85907,0
78499,85907,0,85902,0
78499,85902,0,85970,0
78499,85970,0,85952,0
78499,85952,0,84966,1
78499,84966,1,84941,1
78499,84941,1,66248,0
78499,66248,0,65865,1
78499,65865,1,65629,1
78499,65629,1,65821,1
78499,65821,1,87025,1
78499,87025,1,87043,1
78499,87043,1,86218,0
78499,86218,0,86201,0
78499,86201,0,86187,0
78499,86187,0,86225,0
78499,86225,0,86192,0
78499,86192,0,86217,0
78499,86217,0,86231,0
78499,86231,0,86189,0
78499,86189,0,86188,0
78499,86188,0,86223,0
78499,86223,0,86219,0
78499,86219,0,86200,0
78499,86200,0,86226,0
78499,86226,0,86228,0
78499,86228,0,86220,0
78499,86220,0,86150,0
78499,86150,0,86168,0
78499,86168,0,86165,0
78499,86165,0,86169,1
78499,86169,1,86143,1
78499,86143,1,86160,1
78499,86160,1,86204,1
78499,86204,1,86205,0
78499,86205,0,86787,0
78499,86787,0,86861,0
78499,86861,0,86844,0
78499,86844,0,86888,0
78499,86888,0,86906,0
78499,86906,0,86797,0
78499,86797,0,86907,0
78499,86907,0,86883,1
78499,86883,1,86097,0
78499,86097,0,86116,0
78499,86116,0,85668,0
78499,85668,0,85660,0
78499,85660,0,85092,0
78499,85092,0,85685,0
78499,85685,0,85650,0
78499,85650,0,85104,0
78499,85104,0,85678,0
78499,85678,0,85678,0
78499,85678,0,85678,0
78499,85678,0,85678,0
78499,85678,0,85678,0
78499,85678,0,85678,0
78499,85678,0,85678,0
78499,85678,0,85678,0
78499,85678,0,85678,0
78499,85678,0,85678,0
78499,85678,0,85678,0
78499,85678,0,85678,0
78499,85678,0,85678,0
78499,85678,0,85678,0
78499,85678,0,85678,0
78499,85678,0,85678,0
78499,85678,0,85678,0
78499,85678,0,85678,0
78499,85678,0,85678,0
78499,85678,0,85678,0
78499,85678,0,86097,1
78499,86097,1,86097,1
78499,86097,1,86097,1
78499,86097,1,86097,1
78499,86097,1,86097,1
78499,86097,1,86097,1
78499,86097,1,86097,1
78499,86097,1,86097,1
78499,86097,1,86097,1
78499,86097,1,86097,1
78499,86097,1,86097,1
78499,86097,1,86097,1
78499,86097,1,86097,1
78499,86097,1,86097,1
78499,86097,1,86097,1
78499,86097,1,86097,1
78499,86097,1,86097,1
78499,86097,1,86097,1
78499,86097,1,86097,1
78499,86097,1,86097,1
78499,86097,1,84706,0
78499,84706,0,84706,0
78499,84706,0,84706,0
78499,84706,0,84706,0
78499,84706,0,84706,0
78499,84706,0,84706,0
78499,84706,0,84706,0
78499,84706,0,84706,0
78499,84706,0,84706,0
78499,84706,0,84706,0
78499,84706,0,84706,0
78499,84706,0,84706,0
78499,84706,0,84706,0
78499,84706,0,84706,0
78499,84706,0,84706,0
78499,84706,0,84706,0
78499,84706,0,84706,0
78499,84706,0,84706,0
78499,84706,0,84706,0
78499,84706,0,84706,0
78499,84706,0,86121,1
78499,86121,1,86121,1
78499,86121,1,86121,1
78499,86121,1,86121,1
78499,86121,1,86121,1
78499,86121,1,86121,1
78499,86121,1,86121,1
78499,86121,1,86121,1
78499,86121,1,86121,1
78499,86121,1,86121,1
78499,86121,1,86121,1
78499,86121,1,86121,1
78499,86121,1,86121,1
78499,86121,1,86121,1
78499,86121,1,86121,1
78499,86121,1,86121,1
78499,86121,1,86121,1
78499,86121,1,86121,1
78499,86121,1,86121,1
78499,86121,1,86121,1
78499,86121,1,85665,0
78499,85665,0,85665,0
78499,85665,0,85665,0
78499,85665,0,85665,0
78499,85665,0,85665,0
78499,85665,0,85665,0
78499,85665,0,85665,0
78499,85665,0,85665,0
78499,85665,0,85665,0
78499,85665,0,85665,0
78499,85665,0,85665,0
78499,85665,0,85665,0
78499,85665,0,85665,0
78499,85665,0,85665,0
78499,85665,0,85665,0
78499,85665,0,85665,0
78499,85665,0,85665,0
78499,85665,0,85665,0
78499,85665,0,85665,0
78499,85665,0,85665,0
78499,85665,0,85651,1
78499,85651,1,85651,1
78499,85651,1,85651,1
78499,85651,1,85651,1
78499,85651,1,85651,1
78499,85651,1,85651,1
78499,85651,1,85651,1
78499,85651,1,85651,1
78499,85651,1,85651,1
78499,85651,1,85651,1
78499,85651,1,85651,1
78499,85651,1,85651,1
78499,85651,1,85651,1
78499,85651,1,85651,1
78499,85651,1,85651,1
78499,85651,1,85651,1
78499,85651,1,85651,1
78499,85651,1,85651,1
78499,85651,1,85651,1
78499,85651,1,85651,1
78499,85651,1,86104,1
78499,86104,1,86104,1
78499,86104,1,86104,1
78499,86104,1,86104,1
78499,86104,1,86104,1
78499,86104,1,86104,1
78499,86104,1,86104,1
78499,86104,1,86104,1
78499,86104,1,86104,1
78499,86104,1,86104,1
78499,86104,1,86104,1
78499,86104,1,86104,1
78499,86104,1,86104,1
78499,86104,1,86104,1
78499,86104,1,86104,1
78499,86104,1,86104,1
78499,86104,1,86104,1
78499,86104,1,86104,1
78499,86104,1,86104,1
78499,86104,1,86104,1
78499,86104,1,86530,1
78499,86530,1,86319,1
78499,86319,1,86737,1
78499,86737,1,86754,1
78499,86754,1,89300,1
78499,89300,1,89300,1
78499,89300,1,89300,1
78499,89300,1,89300,1
78499,89300,1,89300,1
78499,89300,1,89300,1
78499,89300,1,89300,1
78499,89300,1,89300,1
78499,89300,1,89300,1
78499,89300,1,89300,1
78499,89300,1,89300,1
78499,89300,1,89300,1
78499,89300,1,89300,1
78499,89300,1,89300,1
78499,89300,1,89300,1
78499,89300,1,89300,1
78499,89300,1,89300,1
78499,89300,1,89300,1
78499,89300,1,89300,1
78499,89300,1,89300,1
78499,89300,1,89300,1
78499,89300,1,89292,1
78499,89292,1,89292,1
78499,89292,1,89292,1
78499,89292,1,89292,1
78499,89292,1,89292,1
78499,89292,1,89292,1
78499,89292,1,89292,1
78499,89292,1,89292,1
78499,89292,1,89292,1
78499,89292,1,89292,1
78499,89292,1,89292,1
78499,89292,1,89292,1
78499,89292,1,89292,1
78499,89292,1,89292,1
78499,89292,1,89292,1
78499,89292,1,89292,1
78499,89292,1,89292,1
78499,89292,1,89292,1
78499,89292,1,89292,1
78499,89292,1,89292,1
78499,89292,1,89263,0
78499,89263,0,89263,0
78499,89263,0,89263,0
78499,89263,0,89263,0
78499,89263,0,89263,0
78499,89263,0,89263,0
78499,89263,0,89263,0
78499,89263,0,89263,0
78499,89263,0,89263,0
78499,89263,0,89263,0
78499,89263,0,89263,0
78499,89263,0,89263,0
78499,89263,0,89263,0
78499,89263,0,89263,0
78499,89263,0,89263,0
78499,89263,0,89263,0
78499,89263,0,89263,0
78499,89263,0,89263,0
78499,89263,0,89263,0
78499,89263,0,89263,0
78499,89263,0,89263,0
78499,89263,0,89263,0
78499,89263,0,89263,0
78499,89263,0,89263,0
78499,89263,0,89263,0
78499,89263,0,89263,0
78499,89263,0,89263,0
78499,89263,0,89263,0
78499,89263,0,89263,0
78499,89263,0,89263,0
78499,89263,0,89263,0
78499,89263,0,89263,0
78499,89263,0,89263,0
78499,89263,0,89263,0
78499,89263,0,89263,0
78499,89263,0,89263,0
78499,89263,0,89263,0
78499,89263,0,89263,0
78499,89263,0,89263,0
78499,89263,0,89263,0
78499,89263,0,89263,0
78499,89263,0,89263,0
78499,89263,0,89263,0
78499,89263,0,89263,0
78499,89263,0,89263,0
78499,89263,0,89263,0
78499,89263,0,89263,0
78499,89263,0,89263,0
78499,89263,0,89263,0
78499,89263,0,89263,0
78499,89263,0,89263,0
78499,89263,0,89263,0
78499,89263,0,89263,0
78499,89263,0,89263,0
78499,89263,0,89263,0
78499,89263,0,89263,0
78499,89263,0,89263,0
78499,89263,0,89263,0
78499,89263,0,89263,0
78499,89263,0,89263,0
78499,89263,0,89268,1
78499,89268,1,89268,1
78499,89268,1,89268,1
78499,89268,1,89268,1
78499,89268,1,89268,1
78499,89268,1,89268,1
78499,89268,1,89268,1
78499,89268,1,89268,1
78499,89268,1,89268,1
78499,89268,1,89268,1
78499,89268,1,89268,1
78499,89268,1,89268,1
78499,89268,1,89268,1
78499,89268,1,89268,1
78499,89268,1,89268,1
78499,89268,1,89268,1
78499,89268,1,89268,1
78499,89268,1,89268,1
78499,89268,1,89268,1
78499,89268,1,89268,1
78499,89268,1,89268,1
78499,89268,1,89268,1
78499,89268,1,89268,1
78499,89268,1,89268,1
78499,89268,1,89268,1
78499,89268,1,89268,1
78499,89268,1,89268,1
78499,89268,1,89268,1
78499,89268,1,89268,1
78499,89268,1,89268,1
78499,89268,1,89268,1
78499,89268,1,89268,1
78499,89268,1,89268,1
78499,89268,1,89268,1
78499,89268,1,89268,1
78499,89268,1,89268,1
78499,89268,1,89268,1
78499,89268,1,89268,1
78499,89268,1,89268,1
78499,89268,1,89268,1
78499,89268,1,89268,1
78499,89268,1,89268,1
78499,89268,1,89268,1
78499,89268,1,89268,1
78499,89268,1,89268,1
78499,89268,1,89268,1
78499,89268,1,89268,1
78499,89268,1,89268,1
78499,89268,1,89268,1
78499,89268,1,89268,1
78499,89268,1,89268,1
78499,89268,1,89268,1
78499,89268,1,89268,1
78499,89268,1,89268,1
78499,89268,1,89268,1
78499,89268,1,89268,1
78499,89268,1,89268,1
78499,89268,1,89268,1
78499,89268,1,89268,1
78499,89268,1,89268,1
78499,89268,1,91360,1
78499,91360,1,91360,1
78499,91360,1,91360,1
78499,91360,1,91360,1
78499,91360,1,91360,1
78499,91360,1,91360,1
78499,91360,1,91360,1
78499,91360,1,91360,1
78499,91360,1,91360,1
78499,91360,1,91360,1
78499,91360,1,91360,1
78499,91360,1,91360,1
78499,91360,1,91360,1
78499,91360,1,91360,1
78499,91360,1,91360,1
78499,91360,1,91360,1
78499,91360,1,91360,1
78499,91360,1,91360,1
78499,91360,1,91360,1
78499,91360,1,91360,1
78499,91360,1,91360,1
78499,91360,1,91360,1
78499,91360,1,91360,1
78499,91360,1,91360,1
78499,91360,1,91360,1
78499,91360,1,91360,1
78499,91360,1,91360,1
78499,91360,1,91360,1
78499,91360,1,91360,1
78499,91360,1,91360,1
78499,91360,1,91360,1
78499,91360,1,91360,1
78499,91360,1,91360,1
78499,91360,1,91360,1
78499,91360,1,91360,1
78499,91360,1,91360,1
78499,91360,1,91360,1
78499,91360,1,91360,1
78499,91360,1,91360,1
78499,91360,1,91360,1
78499,91360,1,91360,1
78499,91360,1,91360,1
78499,91360,1,91360,1
78499,91360,1,91360,1
78499,91360,1,91360,1
78499,91360,1,91360,1
78499,91360,1,91360,1
78499,91360,1,91360,1
78499,91360,1,91360,1
78499,91360,1,91360,1
78499,91360,1,91360,1
78499,91360,1,91360,1
78499,91360,1,91360,1
78499,91360,1,91360,1
78499,91360,1,91360,1
78499,91360,1,91360,1
78499,91360,1,91360,1
78499,91360,1,91360,1
78499,91360,1,91360,1
78499,91360,1,91360,1
78499,91360,1,91381,1
78499,91381,1,91381,1
78499,91381,1,91381,1
78499,91381,1,91381,1
78499,91381,1,91381,1
78499,91381,1,91381,1
78499,91381,1,91381,1
78499,91381,1,91381,1
78499,91381,1,91381,1
78499,91381,1,91381,1
78499,91381,1,91381,1
78499,91381,1,91381,1
78499,91381,1,91381,1
78499,91381,1,91381,1
78499,91381,1,91381,1
78499,91381,1,91381,1
78499,91381,1,91381,1
78499,91381,1,91381,1
78499,91381,1,91381,1
78499,91381,1,91381,1
78499,91381,1,91381,1
78499,91381,1,91381,1
78499,91381,1,91381,1
78499,91381,1,91381,1
78499,91381,1,91381,1
78499,91381,1,91381,1
78499,91381,1,91381,1
78499,91381,1,91381,1
78499,91381,1,91381,1
78499,91381,1,91381,1
78499,91381,1,91381,1
78499,91381,1,91381,1
78499,91381,1,91381,1
78499,91381,1,91381,1
78499,91381,1,91381,1
78499,91381,1,91381,1
78499,91381,1,91381,1
78499,91381,1,91381,1
78499,91381,1,91381,1
78499,91381,1,91381,1
78499,91381,1,91381,1
78499,91381,1,91381,1
78499,91381,1,91381,1
78499,91381,1,91381,1
78499,91381,1,91381,1
78499,91381,1,91381,1
78499,91381,1,91381,1
78499,91381,1,91381,1
78499,91381,1,91381,1
78499,91381,1,91381,1
78499,91381,1,91381,1
78499,91381,1,91381,1
78499,91381,1,91381,1
78499,91381,1,91381,1
78499,91381,1,91381,1
78499,91381,1,91381,1
78499,91381,1,91381,1
78499,91381,1,91381,1
78499,91381,1,91381,1
78499,91381,1,91381,1
78499,91381,1,91641,1
78499,91641,1,91641,1
78499,91641,1,91641,1
78499,91641,1,91641,1
78499,91641,1,91641,1
78499,91641,1,91641,1
78499,91641,1,91641,1
78499,91641,1,91641,1
78499,91641,1,91641,1
78499,91641,1,91641,1
78499,91641,1,91641,1
78499,91641,1,91641,1
78499,91641,1,91641,1
78499,91641,1,91641,1
78499,91641,1,91641,1
78499,91641,1,91641,1
78499,91641,1,91641,1
78499,91641,1,91641,1
78499,91641,1,91641,1
78499,91641,1,91641,1
78499,91641,1,91641,1
78499,91641,1,91641,1
78499,91641,1,91641,1
78499,91641,1,91641,1
78499,91641,1,91641,1
78499,91641,1,91641,1
78499,91641,1,91641,1
78499,91641,1,91641,1
78499,91641,1,91641,1
78499,91641,1,91641,1
78499,91641,1,91641,1
78499,91641,1,91641,1
78499,91641,1,91641,1
78499,91641,1,91641,1
78499,91641,1,91641,1
78499,91641,1,91641,1
78499,91641,1,91641,1
78499,91641,1,91641,1
78499,91641,1,91641,1
78499,91641,1,91641,1
78499,91641,1,91641,1
78499,91641,1,91641,1
78499,91641,1,91641,1
78499,91641,1,91641,1
78499,91641,1,91641,1
78499,91641,1,91641,1
78499,91641,1,91641,1
78499,91641,1,91641,1
78499,91641,1,91641,1
78499,91641,1,91641,1
78499,91641,1,91641,1
78499,91641,1,91641,1
78499,91641,1,91641,1
78499,91641,1,91641,1
78499,91641,1,91641,1
78499,91641,1,91641,1
78499,91641,1,91641,1
78499,91641,1,91641,1
78499,91641,1,91641,1
78499,91641,1,91641,1
78499,91641,1,91641,1
78499,91641,1,91641,1
78499,91641,1,89805,1
78499,89805,1,89805,1
78499,89805,1,89805,1
78499,89805,1,89805,1
78499,89805,1,89805,1
78499,89805,1,89805,1
78499,89805,1,89805,1
78499,89805,1,89805,1
78499,89805,1,89805,1
78499,89805,1,89805,1
78499,89805,1,89805,1
78499,89805,1,89805,1
78499,89805,1,89805,1
78499,89805,1,89805,1
78499,89805,1,89805,1
78499,89805,1,89805,1
78499,89805,1,89805,1
78499,89805,1,89805,1
78499,89805,1,89805,1
78499,89805,1,89805,1
78499,89805,1,89805,1
78499,89805,1,89805,1
78499,89805,1,89805,1
78499,89805,1,89805,1
78499,89805,1,89805,1
78499,89805,1,89805,1
78499,89805,1,89805,1
78499,89805,1,89805,1
78499,89805,1,89805,1
78499,89805,1,89805,1
78499,89805,1,89805,1
78499,89805,1,89805,1
78499,89805,1,89805,1
78499,89805,1,89805,1
78499,89805,1,89805,1
78499,89805,1,89805,1
78499,89805,1,89805,1
78499,89805,1,89805,1
78499,89805,1,89805,1
78499,89805,1,89805,1
78499,89805,1,89805,1
78499,89805,1,89805,1
78499,89805,1,89805,1
78499,89805,1,89805,1
78499,89805,1,89805,1
78499,89805,1,89805,1
78499,89805,1,89805,1
78499,89805,1,89805,1
78499,89805,1,89805,1
78499,89805,1,89805,1
78499,89805,1,89805,1
78499,89805,1,89805,1
78499,89805,1,89805,1
78499,89805,1,89805,1
78499,89805,1,89805,1
78499,89805,1,89805,1
78499,89805,1,89805,1
78499,89805,1,89805,1
78499,89805,1,89805,1
78499,89805,1,89805,1
78499,89805,1,89805,1
78499,89805,1,89805,1
78499,89805,1,89831,1
78499,89831,1,89831,1
78499,89831,1,89831,1
78499,89831,1,89831,1
78499,89831,1,89831,1
78499,89831,1,89831,1
78499,89831,1,89831,1
78499,89831,1,89831,1
78499,89831,1,89831,1
78499,89831,1,89831,1
78499,89831,1,89831,1
78499,89831,1,89831,1
78499,89831,1,89831,1
78499,89831,1,89831,1
78499,89831,1,89831,1
78499,89831,1,89831,1
78499,89831,1,89831,1
78499,89831,1,89831,1
78499,89831,1,89831,1
78499,89831,1,89831,1
78499,89831,1,89831,1
78499,89831,1,89831,1
78499,89831,1,89831,1
78499,89831,1,89831,1
78499,89831,1,89831,1
78499,89831,1,89831,1
78499,89831,1,89831,1
78499,89831,1,89831,1
78499,89831,1,89831,1
78499,89831,1,89831,1
78499,89831,1,89831,1
78499,89831,1,89831,1
78499,89831,1,89831,1
78499,89831,1,89831,1
78499,89831,1,89831,1
78499,89831,1,89831,1
78499,89831,1,89831,1
78499,89831,1,89831,1
78499,89831,1,89831,1
78499,89831,1,89831,1
78499,89831,1,89831,1
78499,89831,1,89831,1
78499,89831,1,84618,1
78499,84618,1,85113,1
78499,85113,1,84990,1
78499,84990,1,84986,1
78499,84986,1,85077,0
78499,85077,0,84650,0
78499,84650,0,174073,0
78499,174073,0,174095,0
78499,174095,0,174028,1
78499,174028,1,174055,0
78499,174055,0,174090,1
78499,174090,1,174099,0
78499,174099,0,174077,0
78499,174077,0,174026,0
78499,174026,0,174064,0
78499,174064,0,174092,1
78499,174092,1,174030,1
78499,174030,1,174075,0
78499,174075,0,174098,1
78499,174098,1,174068,1
78500,93153,0,93153,0
78500,93153,0,93153,0
78500,93153,0,93153,0
78500,93153,0,93153,0
78500,93153,0,93153,0
78500,93153,0,93153,0
78500,93153,0,93153,0
78500,93153,0,93153,0
78500,93153,0,93153,0
78500,93153,0,93153,0
78500,93153,0,93153,0
78500,93153,0,93153,0
78500,93153,0,93153,0
78500,93153,0,93153,0
78500,93153,0,93153,0
78500,93153,0,93153,0
78500,93153,0,93153,0
78500,93153,0,93153,0
78500,93153,0,93153,0
78500,93153,0,93153,0
78500,93153,0,93153,0
78500,93153,0,93153,0
78500,93153,0,93153,0
78500,93153,0,93153,0
78500,93153,0,93153,0
78500,93153,0,93152,1
78500,93152,1,93152,1
78500,93152,1,93152,1
78500,93152,1,93152,1
78500,93152,1,93152,1
78500,93152,1,93152,1
78500,93152,1,93152,1
78500,93152,1,93152,1
78500,93152,1,93152,1
78500,93152,1,93152,1
78500,93152,1,93152,1
78500,93152,1,93152,1
78500,93152,1,93152,1
78500,93152,1,93152,1
78500,93152,1,93152,1
78500,93152,1,93152,1
78500,93152,1,93152,1
78500,93152,1,93152,1
78500,93152,1,93152,1
78500,93152,1,93152,1
78500,93152,1,93152,1
78500,93152,1,93152,1
78500,93152,1,93152,1
78500,93152,1,93152,1
78500,93152,1,93152,1
78500,93152,1,93152,1
78500,93152,1,93237,1
78500,93237,1,93237,1
78500,93237,1,93237,1
78500,93237,1,93237,1
78500,93237,1,93237,1
78500,93237,1,93237,1
78500,93237,1,93237,1
78500,93237,1,93237,1
78500,93237,1,93237,1
78500,93237,1,93237,1
78500,93237,1,93237,1
78500,93237,1,93237,1
78500,93237,1,93237,1
78500,93237,1,93237,1
78500,93237,1,93237,1
78500,93237,1,93237,1
78500,93237,1,93237,1
78500,93237,1,93237,1
78500,93237,1,93237,1
78500,93237,1,93237,1
78500,93237,1,93237,1
78500,93237,1,93237,1
78500,93237,1,93237,1
78500,93237,1,93237,1
78500,93237,1,93237,1
78500,93237,1,93237,1
78500,93237,1,93178,1
78500,93178,1,93178,1
78500,93178,1,93178,1
78500,93178,1,93178,1
78500,93178,1,93178,1
78500,93178,1,93178,1
78500,93178,1,93178,1
78500,93178,1,93178,1
78500,93178,1,93178,1
78500,93178,1,93178,1
78500,93178,1,93178,1
78500,93178,1,93178,1
78500,93178,1,93178,1
78500,93178,1,93178,1
78500,93178,1,93178,1
78500,93178,1,93178,1
78500,93178,1,93178,1
78500,93178,1,93178,1
78500,93178,1,93178,1
78500,93178,1,93178,1
78500,93178,1,93178,1
78500,93178,1,93178,1
78500,93178,1,93178,1
78500,93178,1,93178,1
78500,93178,1,93178,1
78500,93178,1,93178,1
78500,93178,1,93230,1
78500,93230,1,93230,1
78500,93230,1,93230,1
78500,93230,1,93230,1
78500,93230,1,93230,1
78500,93230,1,93230,1
78500,93230,1,93230,1
78500,93230,1,93230,1
78500,93230,1,93230,1
78500,93230,1,93230,1
78500,93230,1,93230,1
78500,93230,1,93230,1
78500,93230,1,93230,1
78500,93230,1,93230,1
78500,93230,1,85648,0
78500,85648,0,85648,0
78500,85648,0,85648,0
78500,85648,0,85648,0
78500,85648,0,85648,0
78500,85648,0,85648,0
78500,85648,0,85648,0
78500,85648,0,85648,0
78500,85648,0,85648,0
78500,85648,0,85648,0
78500,85648,0,85648,0
78500,85648,0,85648,0
78500,85648,0,85648,0
78500,85648,0,85648,0
78500,85648,0,85648,0
78500,85648,0,85648,0
78500,85648,0,85648,0
78500,85648,0,85648,0
78500,85648,0,85648,0
78500,85648,0,85648,0
78500,85648,0,84619,1
78500,84619,1,84619,1
78500,84619,1,84619,1
78500,84619,1,84619,1
78500,84619,1,84619,1
78500,84619,1,84619,1
78500,84619,1,84619,1
78500,84619,1,84619,1
78500,84619,1,84619,1
78500,84619,1,84619,1
78500,84619,1,84619,1
78500,84619,1,84619,1
78500,84619,1,84619,1
78500,84619,1,84619,1
78500,84619,1,84619,1
78500,84619,1,84619,1
78500,84619,1,84619,1
78500,84619,1,84619,1
78500,84619,1,84619,1
78500,84619,1,84619,1
78500,84619,1,85678,0
78500,85678,0,85678,0
78500,85678,0,85678,0
78500,85678,0,85678,0
78500,85678,0,85678,0
78500,85678,0,85678,0
78500,85678,0,85678,0
78500,85678,0,85678,0
78500,85678,0,85678,0
78500,85678,0,85678,0
78500,85678,0,85678,0
78500,85678,0,85678,0
78500,85678,0,85678,0
78500,85678,0,85678,0
78500,85678,0,85678,0
78500,85678,0,85678,0
78500,85678,0,85678,0
78500,85678,0,85678,0
78500,85678,0,85678,0
78500,85678,0,85678,0
78500,85678,0,89294,1
78500,89294,1,89294,1
78500,89294,1,89294,1
78500,89294,1,89294,1
78500,89294,1,89294,1
78500,89294,1,89294,1
78500,89294,1,89294,1
78500,89294,1,89294,1
78500,89294,1,89294,1
78500,89294,1,89294,1
78500,89294,1,89294,1
78500,89294,1,89294,1
78500,89294,1,89294,1
78500,89294,1,89294,1
78500,89294,1,89294,1
78500,89294,1,89294,1
78500,89294,1,89294,1
78500,89294,1,89294,1
78500,89294,1,89294,1
78500,89294,1,89294,1
78500,89294,1,89294,1
78500,89294,1,89294,1
78500,89294,1,89294,1
78500,89294,1,89294,1
78500,89294,1,89294,1
78500,89294,1,89294,1
78500,89294,1,89294,1
78500,89294,1,89294,1
78500,89294,1,89294,1
78500,89294,1,89294,1
78500,89294,1,89294,1
78500,89294,1,89294,1
78500,89294,1,89294,1
78500,89294,1,89294,1
78500,89294,1,89294,1
78500,89294,1,89294,1
78500,89294,1,89294,1
78500,89294,1,89294,1
78500,89294,1,89294,1
78500,89294,1,89294,1
78500,89294,1,89294,1
78500,89294,1,89294,1
78500,89294,1,89294,1
78500,89294,1,89294,1
78500,89294,1,89294,1
78500,89294,1,89294,1
78500,89294,1,89294,1
78500,89294,1,89294,1
78500,89294,1,89294,1
78500,89294,1,89294,1
78500,89294,1,89294,1
78500,89294,1,89294,1
78500,89294,1,89294,1
78500,89294,1,89294,1
78500,89294,1,89294,1
78500,89294,1,89294,1
78500,89294,1,89294,1
78500,89294,1,89294,1
78500,89294,1,89294,1
78500,89294,1,89294,1
78500,89294,1,89266,1
78500,89266,1,89266,1
78500,89266,1,89266,1
78500,89266,1,89266,1
78500,89266,1,89266,1
78500,89266,1,89266,1
78500,89266,1,89266,1
78500,89266,1,89266,1
78500,89266,1,89266,1
78500,89266,1,89266,1
78500,89266,1,89266,1
78500,89266,1,89266,1
78500,89266,1,89266,1
78500,89266,1,89266,1
78500,89266,1,89266,1
78500,89266,1,89266,1
78500,89266,1,89266,1
78500,89266,1,89266,1
78500,89266,1,89266,1
78500,89266,1,89266,1
78500,89266,1,89266,1
78500,89266,1,89266,1
78500,89266,1,89266,1
78500,89266,1,89266,1
78500,89266,1,89266,1
78500,89266,1,89266,1
78500,89266,1,89266,1
78500,89266,1,89266,1
78500,89266,1,89266,1
78500,89266,1,89266,1
78500,89266,1,89266,1
78500,89266,1,89266,1
78500,89266,1,89266,1
78500,89266,1,89266,1
78500,89266,1,89266,1
78500,89266,1,89266,1
78500,89266,1,89266,1
78500,89266,1,89266,1
78500,89266,1,89266,1
78500,89266,1,89266,1
78500,89266,1,89266,1
78500,89266,1,89266,1
78500,89266,1,89266,1
78500,89266,1,89266,1
78500,89266,1,89266,1
78500,89266,1,89266,1
78500,89266,1,89266,1
78500,89266,1,89266,1
78500,89266,1,89266,1
78500,89266,1,89266,1
78500,89266,1,89266,1
78500,89266,1,89266,1
78500,89266,1,89266,1
78500,89266,1,89266,1
78500,89266,1,89266,1
78500,89266,1,89266,1
78500,89266,1,89266,1
78500,89266,1,89266,1
78500,89266,1,89266,1
78500,89266,1,89266,1
78500,89266,1,91384,1
78500,91384,1,91384,1
78500,91384,1,91384,1
78500,91384,1,91384,1
78500,91384,1,91384,1
78500,91384,1,91384,1
78500,91384,1,91384,1
78500,91384,1,91384,1
78500,91384,1,91384,1
78500,91384,1,91384,1
78500,91384,1,91384,1
78500,91384,1,91384,1
78500,91384,1,91384,1
78500,91384,1,91384,1
78500,91384,1,91384,1
78500,91384,1,91384,1
78500,91384,1,91384,1
78500,91384,1,91384,1
78500,91384,1,91384,1
78500,91384,1,91384,1
78500,91384,1,89766,1
78500,89766,1,89766,1
78500,89766,1,89766,1
78500,89766,1,89766,1
78500,89766,1,89766,1
78500,89766,1,89766,1
78500,89766,1,89766,1
78500,89766,1,89766,1
78500,89766,1,89766,1
78500,89766,1,89766,1
78500,89766,1,89766,1
78500,89766,1,89766,1
78500,89766,1,89766,1
78500,89766,1,89766,1
78500,89766,1,89766,1
78500,89766,1,89766,1
78500,89766,1,89766,1
78500,89766,1,89766,1
78500,89766,1,89766,1
78500,89766,1,89766,1
78500,89766,1,89766,1
78500,89766,1,89766,1
78500,89766,1,89766,1
78500,89766,1,89766,1
78500,89766,1,89766,1
78500,89766,1,89766,1
78500,89766,1,89766,1
78500,89766,1,89766,1
78500,89766,1,89766,1
78500,89766,1,89766,1
78500,89766,1,89766,1
78500,89766,1,89766,1
78500,89766,1,89766,1
78500,89766,1,89766,1
78500,89766,1,89766,1
78500,89766,1,89766,1
78500,89766,1,89766,1
78500,89766,1,89766,1
78500,89766,1,89766,1
78500,89766,1,89766,1
78500,89766,1,89766,1
78500,89766,1,89766,1
78500,89766,1,89766,1
78500,89766,1,89766,1
78500,89766,1,89766,1
78500,89766,1,89766,1
78500,89766,1,89766,1
78500,89766,1,89766,1
78500,89766,1,89766,1
78500,89766,1,89766,1
78500,89766,1,89766,1
78500,89766,1,89766,1
78500,89766,1,89766,1
78500,89766,1,89766,1
78500,89766,1,89766,1
78500,89766,1,89766,1
78500,89766,1,89766,1
78500,89766,1,89766,1
78500,89766,1,89766,1
78500,89766,1,89766,1
78500,89766,1,89766,1
78500,89766,1,89766,1
78500,89766,1,89780,1
78500,89780,1,89780,1
78500,89780,1,89780,1
78500,89780,1,89780,1
78500,89780,1,89780,1
78500,89780,1,89780,1
78500,89780,1,89780,1
78500,89780,1,89780,1
78500,89780,1,89780,1
78500,89780,1,89780,1
78500,89780,1,89780,1
78500,89780,1,89780,1
78500,89780,1,89780,1
78500,89780,1,89780,1
78500,89780,1,89780,1
78500,89780,1,89780,1
78500,89780,1,89780,1
78500,89780,1,89780,1
78500,89780,1,89780,1
78500,89780,1,89780,1
78500,89780,1,89780,1
78500,89780,1,89780,1
78500,89780,1,89780,1
78500,89780,1,89780,1
78500,89780,1,89780,1
78500,89780,1,89780,1
78500,89780,1,89780,1
78500,89780,1,89780,1
78500,89780,1,89780,1
78500,89780,1,89780,1
78500,89780,1,89780,1
78500,89780,1,89780,1
78500,89780,1,89780,1
78500,89780,1,89780,1
78500,89780,1,89780,1
78500,89780,1,89780,1
78500,89780,1,89780,1
78500,89780,1,89780,1
78500,89780,1,89780,1
78500,89780,1,89780,1
78500,89780,1,89780,1
78500,89780,1,89780,1
78500,89780,1,89780,1
78500,89780,1,89780,1
78500,89780,1,89780,1
78500,89780,1,89780,1
78500,89780,1,89780,1
78500,89780,1,89780,1
78500,89780,1,89780,1
78500,89780,1,89780,1
78500,89780,1,89780,1
78500,89780,1,89780,1
78500,89780,1,89780,1
78500,89780,1,89780,1
78500,89780,1,89780,1
78500,89780,1,89780,1
78500,89780,1,89780,1
78500,89780,1,89780,1
78500,89780,1,89780,1
78500,89780,1,89780,1
78500,89780,1,89780,1
78500,89780,1,89780,1
78500,89780,1,89836,1
78500,89836,1,89836,1
78500,89836,1,89836,1
78500,89836,1,89836,1
78500,89836,1,89836,1
78500,89836,1,89836,1
78500,89836,1,89836,1
78500,89836,1,89836,1
78500,89836,1,89836,1
78500,89836,1,89836,1
78500,89836,1,89836,1
78500,89836,1,89836,1
78500,89836,1,89836,1
78500,89836,1,89836,1
78500,89836,1,89836,1
78500,89836,1,89836,1
78500,89836,1,89836,1
78500,89836,1,89836,1
78500,89836,1,89836,1
78500,89836,1,89836,1
78500,89836,1,89836,1
78500,89836,1,89836,1
78500,89836,1,174072,0
78500,174072,0,174080,1
78500,174080,1,174033,0
78503,93184,1,93184,1
78503,93184,1,93184,1
78503,93184,1,93184,1
78503,93184,1,93184,1
78503,93184,1,93184,1
78503,93184,1,93184,1
78503,93184,1,93184,1
78503,93184,1,93184,1
78503,93184,1,93184,1
78503,93184,1,93184,1
78503,93184,1,93184,1
78503,93184,1,93184,1
78503,93184,1,93184,1
78503,93184,1,93184,1
78503,93184,1,93184,1
78503,93184,1,93184,1
78503,93184,1,93184,1
78503,93184,1,93184,1
78503,93184,1,93184,1
78503,93184,1,93184,1
78503,93184,1,93184,1
78503,93184,1,93184,1
78503,93184,1,93184,1
78503,93184,1,93184,1
78503,93184,1,93184,1
78503,93184,1,93162,1
78503,93162,1,93162,1
78503,93162,1,93162,1
78503,93162,1,93162,1
78503,93162,1,93162,1
78503,93162,1,93162,1
78503,93162,1,93162,1
78503,93162,1,93162,1
78503,93162,1,93162,1
78503,93162,1,93162,1
78503,93162,1,93162,1
78503,93162,1,93162,1
78503,93162,1,93162,1
78503,93162,1,93162,1
78503,93162,1,93162,1
78503,93162,1,93162,1
78503,93162,1,93162,1
78503,93162,1,93162,1
78503,93162,1,93162,1
78503,93162,1,93162,1
78503,93162,1,93162,1
78503,93162,1,93162,1
78503,93162,1,93162,1
78503,93162,1,93162,1
78503,93162,1,93162,1
78503,93162,1,93162,1
78503,93162,1,93230,1
78503,93230,1,93230,1
78503,93230,1,93230,1
78503,93230,1,93230,1
78503,93230,1,93230,1
78503,93230,1,93230,1
78503,93230,1,93230,1
78503,93230,1,93230,1
78503,93230,1,93230,1
78503,93230,1,93230,1
78503,93230,1,93230,1
78503,93230,1,93230,1
78503,93230,1,93230,1
78503,93230,1,93230,1
78503,93230,1,85108,0
78503,85108,0,85108,0
78503,85108,0,85108,0
78503,85108,0,85108,0
78503,85108,0,85108,0
78503,85108,0,85108,0
78503,85108,0,85108,0
78503,85108,0,85108,0
78503,85108,0,85108,0
78503,85108,0,85108,0
78503,85108,0,85108,0
78503,85108,0,85108,0
78503,85108,0,85108,0
78503,85108,0,85108,0
78503,85108,0,85108,0
78503,85108,0,85108,0
78503,85108,0,85108,0
78503,85108,0,85108,0
78503,85108,0,85108,0
78503,85108,0,85108,0
78503,85108,0,85675,0
78503,85675,0,85675,0
78503,85675,0,85675,0
78503,85675,0,85675,0
78503,85675,0,85675,0
78503,85675,0,85675,0
78503,85675,0,85675,0
78503,85675,0,85675,0
78503,85675,0,85675,0
78503,85675,0,85675,0
78503,85675,0,85675,0
78503,85675,0,85675,0
78503,85675,0,85675,0
78503,85675,0,85675,0
78503,85675,0,85675,0
78503,85675,0,85675,0
78503,85675,0,85675,0
78503,85675,0,85675,0
78503,85675,0,85675,0
78503,85675,0,85675,0
78503,85675,0,85683,0
78503,85683,0,85683,0
78503,85683,0,85683,0
78503,85683,0,85683,0
78503,85683,0,85683,0
78503,85683,0,85683,0
78503,85683,0,85683,0
78503,85683,0,85683,0
78503,85683,0,85683,0
78503,85683,0,85683,0
78503,85683,0,85683,0
78503,85683,0,85683,0
78503,85683,0,85683,0
78503,85683,0,85683,0
78503,85683,0,85683,0
78503,85683,0,85683,0
78503,85683,0,85683,0
78503,85683,0,85683,0
78503,85683,0,85683,0
78503,85683,0,85683,0
78503,85683,0,86116,1
78503,86116,1,86116,1
78503,86116,1,86116,1
78503,86116,1,86116,1
78503,86116,1,86116,1
78503,86116,1,86116,1
78503,86116,1,86116,1
78503,86116,1,86116,1
78503,86116,1,86116,1
78503,86116,1,86116,1
78503,86116,1,86116,1
78503,86116,1,86116,1
78503,86116,1,86116,1
78503,86116,1,86116,1
78503,86116,1,86116,1
78503,86116,1,86116,1
78503,86116,1,86116,1
78503,86116,1,86116,1
78503,86116,1,86116,1
78503,86116,1,86116,1
78503,86116,1,85669,1
78503,85669,1,85669,1
78503,85669,1,85669,1
78503,85669,1,85669,1
78503,85669,1,85669,1
78503,85669,1,85669,1
78503,85669,1,85669,1
78503,85669,1,85669,1
78503,85669,1,85669,1
78503,85669,1,85669,1
78503,85669,1,85669,1
78503,85669,1,85669,1
78503,85669,1,85669,1
78503,85669,1,85669,1
78503,85669,1,85669,1
78503,85669,1,85669,1
78503,85669,1,85669,1
78503,85669,1,85669,1
78503,85669,1,85669,1
78503,85669,1,85669,1
78503,85669,1,85095,1
78503,85095,1,85095,1
78503,85095,1,85095,1
78503,85095,1,85095,1
78503,85095,1,85095,1
78503,85095,1,85095,1
78503,85095,1,85095,1
78503,85095,1,85095,1
78503,85095,1,85095,1
78503,85095,1,85095,1
78503,85095,1,85095,1
78503,85095,1,85095,1
78503,85095,1,85095,1
78503,85095,1,85095,1
78503,85095,1,85095,1
78503,85095,1,85095,1
78503,85095,1,85095,1
78503,85095,1,85095,1
78503,85095,1,85095,1
78503,85095,1,85095,1
78503,85095,1,85686,1
78503,85686,1,85686,1
78503,85686,1,85686,1
78503,85686,1,85686,1
78503,85686,1,85686,1
78503,85686,1,85686,1
78503,85686,1,85686,1
78503,85686,1,85686,1
78503,85686,1,85686,1
78503,85686,1,85686,1
78503,85686,1,89295,1
78503,89295,1,89295,1
78503,89295,1,89295,1
78503,89295,1,89295,1
78503,89295,1,89295,1
78503,89295,1,89295,1
78503,89295,1,89295,1
78503,89295,1,89295,1
78503,89295,1,89295,1
78503,89295,1,89295,1
78503,89295,1,89295,1
78503,89295,1,89295,1
78503,89295,1,89295,1
78503,89295,1,89295,1
78503,89295,1,89295,1
78503,89295,1,89295,1
78503,89295,1,89295,1
78503,89295,1,89295,1
78503,89295,1,89295,1
78503,89295,1,89295,1
78503,89295,1,89295,1
78503,89295,1,89295,1
78503,89295,1,89295,1
78503,89295,1,89295,1
78503,89295,1,89295,1
78503,89295,1,89295,1
78503,89295,1,89295,1
78503,89295,1,89295,1
78503,89295,1,89295,1
78503,89295,1,89295,1
78503,89295,1,89295,1
78503,89295,1,89295,1
78503,89295,1,89295,1
78503,89295,1,89295,1
78503,89295,1,89295,1
78503,89295,1,89295,1
78503,89295,1,89295,1
78503,89295,1,89295,1
78503,89295,1,89295,1
78503,89295,1,89295,1
78503,89295,1,89295,1
78503,89295,1,89295,1
78503,89295,1,89295,1
78503,89295,1,89295,1
78503,89295,1,89295,1
78503,89295,1,89295,1
78503,89295,1,89295,1
78503,89295,1,89295,1
78503,89295,1,89295,1
78503,89295,1,89295,1
78503,89295,1,89295,1
78503,89295,1,89295,1
78503,89295,1,89295,1
78503,89295,1,89295,1
78503,89295,1,89295,1
78503,89295,1,89295,1
78503,89295,1,89295,1
78503,89295,1,89295,1
78503,89295,1,89295,1
78503,89295,1,89295,1
78503,89295,1,91350,0
78503,91350,0,91350,0
78503,91350,0,91350,0
78503,91350,0,91350,0
78503,91350,0,91350,0
78503,91350,0,91350,0
78503,91350,0,91350,0
78503,91350,0,91350,0
78503,91350,0,91350,0
78503,91350,0,91350,0
78503,91350,0,91350,0
78503,91350,0,91350,0
78503,91350,0,91350,0
78503,91350,0,91350,0
78503,91350,0,91350,0
78503,91350,0,91350,0
78503,91350,0,91350,0
78503,91350,0,91350,0
78503,91350,0,91350,0
78503,91350,0,91350,0
78503,91350,0,91350,0
78503,91350,0,91350,0
78503,91350,0,91350,0
78503,91350,0,91350,0
78503,91350,0,91350,0
78503,91350,0,91350,0
78503,91350,0,91350,0
78503,91350,0,91350,0
78503,91350,0,91350,0
78503,91350,0,91350,0
78503,91350,0,91350,0
78503,91350,0,91350,0
78503,91350,0,91350,0
78503,91350,0,91350,0
78503,91350,0,91350,0
78503,91350,0,91350,0
78503,91350,0,91350,0
78503,91350,0,91350,0
78503,91350,0,91350,0
78503,91350,0,91350,0
78503,91350,0,91350,0
78503,91350,0,91350,0
78503,91350,0,91350,0
78503,91350,0,91350,0
78503,91350,0,91350,0
78503,91350,0,91350,0
78503,91350,0,91350,0
78503,91350,0,91350,0
78503,91350,0,91350,0
78503,91350,0,91350,0
78503,91350,0,91350,0
78503,91350,0,91350,0
78503,91350,0,91350,0
78503,91350,0,91350,0
78503,91350,0,91350,0
78503,91350,0,91350,0
78503,91350,0,91350,0
78503,91350,0,91350,0
78503,91350,0,91350,0
78503,91350,0,91350,0
78503,91350,0,89291,1
78503,89291,1,89291,1
78503,89291,1,89291,1
78503,89291,1,89291,1
78503,89291,1,89291,1
78503,89291,1,89291,1
78503,89291,1,89291,1
78503,89291,1,89291,1
78503,89291,1,89291,1
78503,89291,1,89291,1
78503,89291,1,89291,1
78503,89291,1,89291,1
78503,89291,1,89291,1
78503,89291,1,89291,1
78503,89291,1,89291,1
78503,89291,1,89291,1
78503,89291,1,89291,1
78503,89291,1,89291,1
78503,89291,1,89291,1
78503,89291,1,89291,1
78503,89291,1,89291,1
78503,89291,1,89291,1
78503,89291,1,89291,1
78503,89291,1,89291,1
78503,89291,1,89291,1
78503,89291,1,89291,1
78503,89291,1,89291,1
78503,89291,1,89291,1
78503,89291,1,89291,1
78503,89291,1,89291,1
78503,89291,1,89291,1
78503,89291,1,89291,1
78503,89291,1,89291,1
78503,89291,1,89291,1
78503,89291,1,89291,1
78503,89291,1,89291,1
78503,89291,1,89291,1
78503,89291,1,89291,1
78503,89291,1,89291,1
78503,89291,1,89291,1
78503,89291,1,89291,1
78503,89291,1,89291,1
78503,89291,1,89291,1
78503,89291,1,89291,1
78503,89291,1,89291,1
78503,89291,1,89291,1
78503,89291,1,89291,1
78503,89291,1,89291,1
78503,89291,1,89291,1
78503,89291,1,89291,1
78503,89291,1,89291,1
78503,89291,1,89291,1
78503,89291,1,89291,1
78503,89291,1,89291,1
78503,89291,1,89291,1
78503,89291,1,89291,1
78503,89291,1,89291,1
78503,89291,1,89291,1
78503,89291,1,89291,1
78503,89291,1,89291,1
78503,89291,1,89276,1
78503,89276,1,89276,1
78503,89276,1,89276,1
78503,89276,1,89276,1
78503,89276,1,89276,1
78503,89276,1,89276,1
78503,89276,1,89276,1
78503,89276,1,89276,1
78503,89276,1,89276,1
78503,89276,1,89276,1
78503,89276,1,89276,1
78503,89276,1,89276,1
78503,89276,1,89276,1
78503,89276,1,89276,1
78503,89276,1,89276,1
78503,89276,1,89276,1
78503,89276,1,89276,1
78503,89276,1,89276,1
78503,89276,1,89276,1
78503,89276,1,89276,1
78503,89276,1,89276,1
78503,89276,1,89276,1
78503,89276,1,89276,1
78503,89276,1,89276,1
78503,89276,1,89276,1
78503,89276,1,89276,1
78503,89276,1,89276,1
78503,89276,1,89276,1
78503,89276,1,89276,1
78503,89276,1,89276,1
78503,89276,1,89276,1
78503,89276,1,89276,1
78503,89276,1,89276,1
78503,89276,1,89276,1
78503,89276,1,89276,1
78503,89276,1,89276,1
78503,89276,1,89276,1
78503,89276,1,89276,1
78503,89276,1,89276,1
78503,89276,1,89276,1
78503,89276,1,89276,1
78503,89276,1,89276,1
78503,89276,1,89276,1
78503,89276,1,89276,1
78503,89276,1,89276,1
78503,89276,1,89276,1
78503,89276,1,89276,1
78503,89276,1,89276,1
78503,89276,1,89276,1
78503,89276,1,89276,1
78503,89276,1,89276,1
78503,89276,1,89276,1
78503,89276,1,89276,1
78503,89276,1,89276,1
78503,89276,1,89276,1
78503,89276,1,89276,1
78503,89276,1,89276,1
78503,89276,1,89276,1
78503,89276,1,89276,1
78503,89276,1,89276,1
78503,89276,1,91383,1
78503,91383,1,91383,1
78503,91383,1,91383,1
78503,91383,1,91383,1
78503,91383,1,91383,1
78503,91383,1,91383,1
78503,91383,1,91383,1
78503,91383,1,91383,1
78503,91383,1,91383,1
78503,91383,1,91383,1
78503,91383,1,91383,1
78503,91383,1,91383,1
78503,91383,1,91383,1
78503,91383,1,91383,1
78503,91383,1,91383,1
78503,91383,1,91383,1
78503,91383,1,91383,1
78503,91383,1,91383,1
78503,91383,1,91383,1
78503,91383,1,91383,1
78503,91383,1,91383,1
78503,91383,1,89276,1
78503,89276,1,89276,1
78503,89276,1,89276,1
78503,89276,1,89276,1
78503,89276,1,89276,1
78503,89276,1,89276,1
78503,89276,1,89276,1
78503,89276,1,89276,1
78503,89276,1,89276,1
78503,89276,1,89276,1
78503,89276,1,89276,1
78503,89276,1,89276,1
78503,89276,1,89276,1
78503,89276,1,89276,1
78503,89276,1,89276,1
78503,89276,1,89276,1
78503,89276,1,89276,1
78503,89276,1,89276,1
78503,89276,1,89276,1
78503,89276,1,89276,1
78503,89276,1,89773,1
78503,89773,1,89773,1
78503,89773,1,89773,1
78503,89773,1,89773,1
78503,89773,1,89773,1
78503,89773,1,89773,1
78503,89773,1,89773,1
78503,89773,1,89773,1
78503,89773,1,89773,1
78503,89773,1,89773,1
78503,89773,1,89773,1
78503,89773,1,89773,1
78503,89773,1,89773,1
78503,89773,1,89773,1
78503,89773,1,89773,1
78503,89773,1,89773,1
78503,89773,1,89773,1
78503,89773,1,89773,1
78503,89773,1,89773,1
78503,89773,1,89773,1
78503,89773,1,89773,1
78503,89773,1,89773,1
78503,89773,1,89809,1
78503,89809,1,89809,1
78503,89809,1,89809,1
78503,89809,1,89809,1
78503,89809,1,89809,1
78503,89809,1,89809,1
78503,89809,1,89809,1
78503,89809,1,89809,1
78503,89809,1,89809,1
78503,89809,1,89809,1
78503,89809,1,89809,1
78503,89809,1,89809,1
78503,89809,1,89809,1
78503,89809,1,89809,1
78503,89809,1,89809,1
78503,89809,1,89809,1
78503,89809,1,89809,1
78503,89809,1,89809,1
78503,89809,1,89809,1
78503,89809,1,89809,1
78503,89809,1,89809,1
78503,89809,1,89809,1
78503,89809,1,89809,1
78503,89809,1,89809,1
78503,89809,1,89809,1
78503,89809,1,89809,1
78503,89809,1,89809,1
78503,89809,1,89809,1
78503,89809,1,89809,1
78503,89809,1,89809,1
78503,89809,1,89809,1
78503,89809,1,89809,1
78503,89809,1,89809,1
78503,89809,1,89809,1
78503,89809,1,89809,1
78503,89809,1,89809,1
78503,89809,1,89809,1
78503,89809,1,89809,1
78503,89809,1,89809,1
78503,89809,1,89809,1
78503,89809,1,89809,1
78503,89809,1,89809,1
78503,89809,1,89809,1
78503,89809,1,89809,1
78503,89809,1,89809,1
78503,89809,1,89809,1
78503,89809,1,89809,1
78503,89809,1,89809,1
78503,89809,1,89809,1
78503,89809,1,89809,1
78503,89809,1,89809,1
78503,89809,1,89809,1
78503,89809,1,89809,1
78503,89809,1,89809,1
78503,89809,1,89809,1
78503,89809,1,89809,1
78503,89809,1,89809,1
78503,89809,1,89809,1
78503,89809,1,89809,1
78503,89809,1,89809,1
78503,89809,1,89809,1
78503,89809,1,89809,1
78503,89809,1,89799,1
78503,89799,1,89799,1
78503,89799,1,89799,1
78503,89799,1,89799,1
78503,89799,1,89799,1
78503,89799,1,89799,1
78503,89799,1,89799,1
78503,89799,1,89799,1
78503,89799,1,89799,1
78503,89799,1,89799,1
78503,89799,1,89799,1
78503,89799,1,89799,1
78503,89799,1,89799,1
78503,89799,1,89799,1
78503,89799,1,89799,1
78503,89799,1,89799,1
78503,89799,1,89799,1
78503,89799,1,89799,1
78503,89799,1,89799,1
78503,89799,1,89799,1
78503,89799,1,91659,1
78503,91659,1,91659,1
78503,91659,1,91659,1
78503,91659,1,91659,1
78503,91659,1,91659,1
78503,91659,1,91659,1
78503,91659,1,91659,1
78503,91659,1,91659,1
78503,91659,1,91659,1
78503,91659,1,91659,1
78503,91659,1,91659,1
78503,91659,1,91659,1
78503,91659,1,91659,1
78503,91659,1,91659,1
78503,91659,1,91659,1
78503,91659,1,91659,1
78503,91659,1,91659,1
78503,91659,1,91659,1
78503,91659,1,91659,1
78503,91659,1,91659,1
78503,91659,1,91659,1
78503,91659,1,91659,1
78503,91659,1,91659,1
78503,91659,1,91659,1
78503,91659,1,91659,1
78503,91659,1,91659,1
78503,91659,1,91659,1
78503,91659,1,91659,1
78503,91659,1,91659,1
78503,91659,1,91659,1
78503,91659,1,91659,1
78503,91659,1,91659,1
78503,91659,1,91659,1
78503,91659,1,91659,1
78503,91659,1,91659,1
78503,91659,1,91659,1
78503,91659,1,91659,1
78503,91659,1,91659,1
78503,91659,1,91659,1
78503,91659,1,91659,1
78503,91659,1,91659,1
78503,91659,1,91659,1
78503,91659,1,91659,1
78503,91659,1,91659,1
78503,91659,1,91659,1
78503,91659,1,91659,1
78503,91659,1,91659,1
78503,91659,1,91659,1
78503,91659,1,91659,1
78503,91659,1,91659,1
78503,91659,1,91659,1
78503,91659,1,91659,1
78503,91659,1,91659,1
78503,91659,1,91659,1
78503,91659,1,91659,1
78503,91659,1,91659,1
78503,91659,1,91659,1
78503,91659,1,91659,1
78503,91659,1,91659,1
78503,91659,1,91659,1
78503,91659,1,91659,1
78503,91659,1,91659,1
78503,91659,1,174030,0
78503,174030,0,174068,1
78503,174068,1,174027,0
78503,174027,0,174085,1
78503,174085,1,174098,0
78503,174098,0,174055,0
78503,174055,0,174079,0
78503,174079,0,174049,0
78512,93165,1,93165,1
78512,93165,1,93165,1
78512,93165,1,93165,1
78512,93165,1,93165,1
78512,93165,1,93165,1
78512,93165,1,93165,1
78512,93165,1,93165,1
78512,93165,1,93165,1
78512,93165,1,93165,1
78512,93165,1,93165,1
78512,93165,1,93165,1
78512,93165,1,93165,1
78512,93165,1,93165,1
78512,93165,1,93165,1
78512,93165,1,93165,1
78512,93165,1,93165,1
78512,93165,1,93165,1
78512,93165,1,93165,1
78512,93165,1,93165,1
78512,93165,1,93165,1
78512,93165,1,93165,1
78512,93165,1,93165,1
78512,93165,1,93165,1
78512,93165,1,93165,1
78512,93165,1,93165,1
78512,93165,1,93165,1
78512,93165,1,93165,1
78512,93165,1,93165,1
78512,93165,1,93165,1
78512,93165,1,93165,1
78512,93165,1,93165,1
78512,93165,1,93165,1
78512,93165,1,93165,1
78512,93165,1,93165,1
78512,93165,1,93165,1
78512,93165,1,93165,1
78512,93165,1,93165,1
78512,93165,1,93165,1
78512,93165,1,93165,1
78512,93165,1,93165,1
78512,93165,1,93165,1
78512,93165,1,93165,1
78512,93165,1,93165,1
78512,93165,1,93165,1
78512,93165,1,93165,1
78512,93165,1,93199,1
78512,93199,1,93199,1
78512,93199,1,93199,1
78512,93199,1,93199,1
78512,93199,1,93199,1
78512,93199,1,93199,1
78512,93199,1,93199,1
78512,93199,1,93199,1
78512,93199,1,93199,1
78512,93199,1,93199,1
78512,93199,1,93199,1
78512,93199,1,93199,1
78512,93199,1,93199,1
78512,93199,1,93199,1
78512,93199,1,93199,1
78512,93199,1,93199,1
78512,93199,1,93199,1
78512,93199,1,93199,1
78512,93199,1,93199,1
78512,93199,1,93199,1
78512,93199,1,93199,1
78512,93199,1,93199,1
78512,93199,1,93199,1
78512,93199,1,93199,1
78512,93199,1,93199,1
78512,93199,1,93199,1
78512,93199,1,93199,1
78512,93199,1,93199,1
78512,93199,1,93199,1
78512,93199,1,93199,1
78512,93199,1,93199,1
78512,93199,1,93199,1
78512,93199,1,93199,1
78512,93199,1,93199,1
78512,93199,1,93199,1
78512,93199,1,93199,1
78512,93199,1,93199,1
78512,93199,1,93199,1
78512,93199,1,93199,1
78512,93199,1,93199,1
78512,93199,1,93199,1
78512,93199,1,93199,1
78512,93199,1,93199,1
78512,93199,1,93199,1
78512,93199,1,93199,1
78512,93199,1,93199,1
78512,93199,1,93244,1
78512,93244,1,93244,1
78512,93244,1,93244,1
78512,93244,1,93244,1
78512,93244,1,93244,1
78512,93244,1,93244,1
78512,93244,1,93244,1
78512,93244,1,93244,1
78512,93244,1,93244,1
78512,93244,1,93244,1
78512,93244,1,93244,1
78512,93244,1,93244,1
78512,93244,1,93244,1
78512,93244,1,93244,1
78512,93244,1,93244,1
78512,93244,1,93244,1
78512,93244,1,93244,1
78512,93244,1,93244,1
78512,93244,1,93244,1
78512,93244,1,93244,1
78512,93244,1,93244,1
78512,93244,1,93244,1
78512,93244,1,93244,1
78512,93244,1,93244,1
78512,93244,1,93244,1
78512,93244,1,93244,1
78512,93244,1,93244,1
78512,93244,1,93244,1
78512,93244,1,93244,1
78512,93244,1,93244,1
78512,93244,1,93244,1
78512,93244,1,93244,1
78512,93244,1,93244,1
78512,93244,1,93244,1
78512,93244,1,93244,1
78512,93244,1,93244,1
78512,93244,1,93244,1
78512,93244,1,93244,1
78512,93244,1,93244,1
78512,93244,1,93244,1
78512,93244,1,93244,1
78512,93244,1,93244,1
78512,93244,1,93244,1
78512,93244,1,86104,1
78512,86104,1,86104,1
78512,86104,1,86104,1
78512,86104,1,86104,1
78512,86104,1,86104,1
78512,86104,1,86104,1
78512,86104,1,86104,1
78512,86104,1,86104,1
78512,86104,1,86104,1
78512,86104,1,86104,1
78512,86104,1,86104,1
78512,86104,1,86104,1
78512,86104,1,86104,1
78512,86104,1,86104,1
78512,86104,1,86104,1
78512,86104,1,86104,1
78512,86104,1,86104,1
78512,86104,1,86104,1
78512,86104,1,86104,1
78512,86104,1,86104,1
78512,86104,1,86104,1
78512,86104,1,86104,1
78512,86104,1,86104,1
78512,86104,1,86104,1
78512,86104,1,86104,1
78512,86104,1,86104,1
78512,86104,1,86104,1
78512,86104,1,86104,1
78512,86104,1,86104,1
78512,86104,1,86104,1
78512,86104,1,86104,1
78512,86104,1,86104,1
78512,86104,1,86104,1
78512,86104,1,86104,1
78512,86104,1,86104,1
78512,86104,1,86104,1
78512,86104,1,86104,1
78512,86104,1,86104,1
78512,86104,1,86104,1
78512,86104,1,86104,1
78512,86104,1,86104,1
78512,86104,1,86104,1
78512,86104,1,86104,1
78512,86104,1,86104,1
78512,86104,1,86104,1
78512,86104,1,86104,1
78512,86104,1,85655,0
78512,85655,0,85655,0
78512,85655,0,85655,0
78512,85655,0,85655,0
78512,85655,0,85655,0
78512,85655,0,85655,0
78512,85655,0,85655,0
78512,85655,0,85655,0
78512,85655,0,85655,0
78512,85655,0,85655,0
78512,85655,0,85655,0
78512,85655,0,85655,0
78512,85655,0,85655,0
78512,85655,0,85655,0
78512,85655,0,85655,0
78512,85655,0,85655,0
78512,85655,0,85655,0
78512,85655,0,85655,0
78512,85655,0,85655,0
78512,85655,0,85655,0
78512,85655,0,85655,0
78512,85655,0,85655,0
78512,85655,0,85655,0
78512,85655,0,85655,0
78512,85655,0,85655,0
78512,85655,0,85655,0
78512,85655,0,85655,0
78512,85655,0,85655,0
78512,85655,0,85655,0
78512,85655,0,85655,0
78512,85655,0,85655,0
78512,85655,0,85655,0
78512,85655,0,85655,0
78512,85655,0,85655,0
78512,85655,0,85655,0
78512,85655,0,85655,0
78512,85655,0,85655,0
78512,85655,0,85655,0
78512,85655,0,85655,0
78512,85655,0,85655,0
78512,85655,0,85655,0
78512,85655,0,85655,0
78512,85655,0,85655,0
78512,85655,0,85655,0
78512,85655,0,85655,0
78512,85655,0,85655,0
78512,85655,0,86098,1
78512,86098,1,86098,1
78512,86098,1,86098,1
78512,86098,1,86098,1
78512,86098,1,86098,1
78512,86098,1,86098,1
78512,86098,1,86098,1
78512,86098,1,86098,1
78512,86098,1,86098,1
78512,86098,1,86098,1
78512,86098,1,86098,1
78512,86098,1,86098,1
78512,86098,1,86098,1
78512,86098,1,86098,1
78512,86098,1,86098,1
78512,86098,1,86098,1
78512,86098,1,86098,1
78512,86098,1,86098,1
78512,86098,1,86098,1
78512,86098,1,86098,1
78512,86098,1,86098,1
78512,86098,1,86098,1
78512,86098,1,86098,1
78512,86098,1,86098,1
78512,86098,1,86098,1
78512,86098,1,86098,1
78512,86098,1,86098,1
78512,86098,1,86098,1
78512,86098,1,86098,1
78512,86098,1,86098,1
78512,86098,1,86098,1
78512,86098,1,86098,1
78512,86098,1,86098,1
78512,86098,1,86098,1
78512,86098,1,86098,1
78512,86098,1,86098,1
78512,86098,1,86098,1
78512,86098,1,86098,1
78512,86098,1,86098,1
78512,86098,1,86098,1
78512,86098,1,86098,1
78512,86098,1,86098,1
78512,86098,1,86098,1
78512,86098,1,86098,1
78512,86098,1,86098,1
78512,86098,1,86098,1
78512,86098,1,85648,1
78512,85648,1,85648,1
78512,85648,1,85648,1
78512,85648,1,85648,1
78512,85648,1,85648,1
78512,85648,1,85648,1
78512,85648,1,85648,1
78512,85648,1,85648,1
78512,85648,1,85648,1
78512,85648,1,85648,1
78512,85648,1,85648,1
78512,85648,1,85648,1
78512,85648,1,85648,1
78512,85648,1,85648,1
78512,85648,1,85648,1
78512,85648,1,85648,1
78512,85648,1,85648,1
78512,85648,1,85648,1
78512,85648,1,85648,1
78512,85648,1,85648,1
78512,85648,1,85648,1
78512,85648,1,85648,1
78512,85648,1,85648,1
78512,85648,1,85648,1
78512,85648,1,85648,1
78512,85648,1,85648,1
78512,85648,1,85648,1
78512,85648,1,85648,1
78512,85648,1,85648,1
78512,85648,1,85648,1
78512,85648,1,85648,1
78512,85648,1,85648,1
78512,85648,1,85648,1
78512,85648,1,85648,1
78512,85648,1,85648,1
78512,85648,1,85648,1
78512,85648,1,85648,1
78512,85648,1,85648,1
78512,85648,1,85648,1
78512,85648,1,85648,1
78512,85648,1,85648,1
78512,85648,1,85648,1
78512,85648,1,85648,1
78512,85648,1,85648,1
78512,85648,1,85648,1
78512,85648,1,85648,1
78512,85648,1,86120,1
78512,86120,1,86120,1
78512,86120,1,86120,1
78512,86120,1,86120,1
78512,86120,1,86120,1
78512,86120,1,86120,1
78512,86120,1,86120,1
78512,86120,1,86120,1
78512,86120,1,86120,1
78512,86120,1,86120,1
78512,86120,1,86120,1
78512,86120,1,86120,1
78512,86120,1,86120,1
78512,86120,1,86120,1
78512,86120,1,86120,1
78512,86120,1,86120,1
78512,86120,1,86120,1
78512,86120,1,86120,1
78512,86120,1,86120,1
78512,86120,1,86120,1
78512,86120,1,86120,1
78512,86120,1,86120,1
78512,86120,1,86120,1
78512,86120,1,86120,1
78512,86120,1,86120,1
78512,86120,1,86120,1
78512,86120,1,86120,1
78512,86120,1,86120,1
78512,86120,1,86120,1
78512,86120,1,86120,1
78512,86120,1,86120,1
78512,86120,1,86120,1
78512,86120,1,86120,1
78512,86120,1,86120,1
78512,86120,1,86120,1
78512,86120,1,86120,1
78512,86120,1,86120,1
78512,86120,1,86120,1
78512,86120,1,86120,1
78512,86120,1,86120,1
78512,86120,1,86120,1
78512,86120,1,86120,1
78512,86120,1,86120,1
78512,86120,1,86120,1
78512,86120,1,86120,1
78512,86120,1,86120,1
78512,86120,1,85648,1
78512,85648,1,85648,1
78512,85648,1,85648,1
78512,85648,1,85648,1
78512,85648,1,85648,1
78512,85648,1,85648,1
78512,85648,1,85648,1
78512,85648,1,85648,1
78512,85648,1,85648,1
78512,85648,1,85648,1
78512,85648,1,85648,1
78512,85648,1,85648,1
78512,85648,1,85648,1
78512,85648,1,85648,1
78512,85648,1,85648,1
78512,85648,1,85648,1
78512,85648,1,85648,1
78512,85648,1,85648,1
78512,85648,1,85648,1
78512,85648,1,85648,1
78512,85648,1,85648,1
78512,85648,1,85648,1
78512,85648,1,85648,1
78512,85648,1,85648,1
78512,85648,1,85648,1
78512,85648,1,85648,1
78512,85648,1,85648,1
78512,85648,1,85648,1
78512,85648,1,85648,1
78512,85648,1,85648,1
78512,85648,1,85648,1
78512,85648,1,85648,1
78512,85648,1,85648,1
78512,85648,1,85648,1
78512,85648,1,85648,1
78512,85648,1,85648,1
78512,85648,1,85648,1
78512,85648,1,85648,1
78512,85648,1,85648,1
78512,85648,1,85648,1
78512,85648,1,85648,1
78512,85648,1,85648,1
78512,85648,1,85648,1
78512,85648,1,89271,1
78512,89271,1,89271,1
78512,89271,1,89271,1
78512,89271,1,89271,1
78512,89271,1,89271,1
78512,89271,1,89271,1
78512,89271,1,89271,1
78512,89271,1,89271,1
78512,89271,1,89271,1
78512,89271,1,89271,1
78512,89271,1,89271,1
78512,89271,1,89271,1
78512,89271,1,89271,1
78512,89271,1,89271,1
78512,89271,1,89271,1
78512,89271,1,89271,1
78512,89271,1,89271,1
78512,89271,1,89271,1
78512,89271,1,89271,1
78512,89271,1,89271,1
78512,89271,1,89271,1
78512,89271,1,89271,1
78512,89271,1,89271,1
78512,89271,1,89271,1
78512,89271,1,89271,1
78512,89271,1,89271,1
78512,89271,1,89271,1
78512,89271,1,89271,1
78512,89271,1,89271,1
78512,89271,1,89271,1
78512,89271,1,89271,1
78512,89271,1,89271,1
78512,89271,1,89271,1
78512,89271,1,89271,1
78512,89271,1,89271,1
78512,89271,1,89271,1
78512,89271,1,89271,1
78512,89271,1,89271,1
78512,89271,1,89271,1
78512,89271,1,89271,1
78512,89271,1,89271,1
78512,89271,1,89271,1
78512,89271,1,89271,1
78512,89271,1,89271,1
78512,89271,1,89271,1
78512,89271,1,89271,1
78512,89271,1,89271,1
78512,89271,1,89271,1
78512,89271,1,89271,1
78512,89271,1,89271,1
78512,89271,1,89271,1
78512,89271,1,89271,1
78512,89271,1,89271,1
78512,89271,1,89271,1
78512,89271,1,89271,1
78512,89271,1,89271,1
78512,89271,1,89271,1
78512,89271,1,89271,1
78512,89271,1,89271,1
78512,89271,1,89271,1
78512,89271,1,89271,1
78512,89271,1,89271,1
78512,89271,1,89271,1
78512,89271,1,89271,1
78512,89271,1,89271,1
78512,89271,1,89271,1
78512,89271,1,89271,1
78512,89271,1,89271,1
78512,89271,1,89271,1
78512,89271,1,89271,1
78512,89271,1,89271,1
78512,89271,1,89271,1
78512,89271,1,89271,1
78512,89271,1,89271,1
78512,89271,1,89271,1
78512,89271,1,89271,1
78512,89271,1,89271,1
78512,89271,1,89271,1
78512,89271,1,89271,1
78512,89271,1,89271,1
78512,89271,1,89271,1
78512,89271,1,89271,1
78512,89271,1,89271,1
78512,89271,1,89271,1
78512,89271,1,89271,1
78512,89271,1,89271,1
78512,89271,1,89271,1
78512,89271,1,89271,1
78512,89271,1,89271,1
78512,89271,1,89271,1
78512,89271,1,89271,1
78512,89271,1,89271,1
78512,89271,1,89271,1
78512,89271,1,89271,1
78512,89271,1,89271,1
78512,89271,1,89271,1
78512,89271,1,89271,1
78512,89271,1,89234,1
78512,89234,1,89234,1
78512,89234,1,89234,1
78512,89234,1,89234,1
78512,89234,1,89234,1
78512,89234,1,89234,1
78512,89234,1,89234,1
78512,89234,1,89234,1
78512,89234,1,89234,1
78512,89234,1,89234,1
78512,89234,1,89234,1
78512,89234,1,89234,1
78512,89234,1,89234,1
78512,89234,1,89234,1
78512,89234,1,89234,1
78512,89234,1,89234,1
78512,89234,1,89234,1
78512,89234,1,89234,1
78512,89234,1,89234,1
78512,89234,1,89234,1
78512,89234,1,89234,1
78512,89234,1,89234,1
78512,89234,1,89234,1
78512,89234,1,89234,1
78512,89234,1,89234,1
78512,89234,1,89234,1
78512,89234,1,89234,1
78512,89234,1,89234,1
78512,89234,1,89234,1
78512,89234,1,89234,1
78512,89234,1,89234,1
78512,89234,1,89234,1
78512,89234,1,89234,1
78512,89234,1,89234,1
78512,89234,1,89234,1
78512,89234,1,89234,1
78512,89234,1,89234,1
78512,89234,1,89234,1
78512,89234,1,89234,1
78512,89234,1,89234,1
78512,89234,1,89234,1
78512,89234,1,89234,1
78512,89234,1,89234,1
78512,89234,1,89234,1
78512,89234,1,89234,1
78512,89234,1,89234,1
78512,89234,1,89234,1
78512,89234,1,91382,1
78512,91382,1,91382,1
78512,91382,1,91382,1
78512,91382,1,91382,1
78512,91382,1,91382,1
78512,91382,1,91382,1
78512,91382,1,91382,1
78512,91382,1,91382,1
78512,91382,1,91382,1
78512,91382,1,91382,1
78512,91382,1,91382,1
78512,91382,1,91382,1
78512,91382,1,91382,1
78512,91382,1,91382,1
78512,91382,1,91382,1
78512,91382,1,91382,1
78512,91382,1,91382,1
78512,91382,1,91382,1
78512,91382,1,91382,1
78512,91382,1,91382,1
78512,91382,1,91382,1
78512,91382,1,91382,1
78512,91382,1,91382,1
78512,91382,1,91382,1
78512,91382,1,91382,1
78512,91382,1,91382,1
78512,91382,1,91382,1
78512,91382,1,91382,1
78512,91382,1,91382,1
78512,91382,1,91382,1
78512,91382,1,91382,1
78512,91382,1,91382,1
78512,91382,1,91382,1
78512,91382,1,91382,1
78512,91382,1,91382,1
78512,91382,1,91382,1
78512,91382,1,91382,1
78512,91382,1,91382,1
78512,91382,1,91382,1
78512,91382,1,91382,1
78512,91382,1,91382,1
78512,91382,1,91382,1
78512,91382,1,91382,1
78512,91382,1,91382,1
78512,91382,1,91382,1
78512,91382,1,91382,1
78512,91382,1,91382,1
78512,91382,1,91382,1
78512,91382,1,91382,1
78512,91382,1,91382,1
78512,91382,1,91382,1
78512,91382,1,91382,1
78512,91382,1,91382,1
78512,91382,1,91382,1
78512,91382,1,91382,1
78512,91382,1,91382,1
78512,91382,1,91382,1
78512,91382,1,91382,1
78512,91382,1,91382,1
78512,91382,1,91382,1
78512,91382,1,91382,1
78512,91382,1,91382,1
78512,91382,1,91382,1
78512,91382,1,91382,1
78512,91382,1,91382,1
78512,91382,1,91382,1
78512,91382,1,91382,1
78512,91382,1,91382,1
78512,91382,1,91382,1
78512,91382,1,91382,1
78512,91382,1,91382,1
78512,91382,1,91382,1
78512,91382,1,91382,1
78512,91382,1,91382,1
78512,91382,1,91382,1
78512,91382,1,91382,1
78512,91382,1,91382,1
78512,91382,1,91382,1
78512,91382,1,91382,1
78512,91382,1,91382,1
78512,91382,1,91382,1
78512,91382,1,91382,1
78512,91382,1,91382,1
78512,91382,1,91382,1
78512,91382,1,91382,1
78512,91382,1,91382,1
78512,91382,1,91382,1
78512,91382,1,91382,1
78512,91382,1,91382,1
78512,91382,1,91382,1
78512,91382,1,91382,1
78512,91382,1,91382,1
78512,91382,1,91382,1
78512,91382,1,91382,1
78512,91382,1,91382,1
78512,91382,1,91382,1
78512,91382,1,91382,1
78512,91382,1,89276,1
78512,89276,1,89276,1
78512,89276,1,89276,1
78512,89276,1,89276,1
78512,89276,1,89276,1
78512,89276,1,89276,1
78512,89276,1,89276,1
78512,89276,1,89276,1
78512,89276,1,89276,1
78512,89276,1,89276,1
78512,89276,1,89276,1
78512,89276,1,89276,1
78512,89276,1,89276,1
78512,89276,1,89276,1
78512,89276,1,89276,1
78512,89276,1,89276,1
78512,89276,1,89276,1
78512,89276,1,89276,1
78512,89276,1,89276,1
78512,89276,1,89276,1
78512,89276,1,89276,1
78512,89276,1,89276,1
78512,89276,1,89276,1
78512,89276,1,89276,1
78512,89276,1,89276,1
78512,89276,1,89276,1
78512,89276,1,89276,1
78512,89276,1,89276,1
78512,89276,1,89276,1
78512,89276,1,89276,1
78512,89276,1,89276,1
78512,89276,1,89276,1
78512,89276,1,89276,1
78512,89276,1,89276,1
78512,89276,1,89276,1
78512,89276,1,89276,1
78512,89276,1,89276,1
78512,89276,1,89276,1
78512,89276,1,89276,1
78512,89276,1,89276,1
78512,89276,1,89276,1
78512,89276,1,89276,1
78512,89276,1,89276,1
78512,89276,1,89276,1
78512,89276,1,89276,1
78512,89276,1,89276,1
78512,89276,1,89276,1
78512,89276,1,89775,1
78512,89775,1,89775,1
78512,89775,1,89775,1
78512,89775,1,89775,1
78512,89775,1,89775,1
78512,89775,1,89775,1
78512,89775,1,89775,1
78512,89775,1,89775,1
78512,89775,1,89775,1
78512,89775,1,89775,1
78512,89775,1,89775,1
78512,89775,1,89775,1
78512,89775,1,89775,1
78512,89775,1,89775,1
78512,89775,1,89775,1
78512,89775,1,89775,1
78512,89775,1,89775,1
78512,89775,1,89775,1
78512,89775,1,89775,1
78512,89775,1,89775,1
78512,89775,1,89775,1
78512,89775,1,89775,1
78512,89775,1,89775,1
78512,89775,1,89775,1
78512,89775,1,89775,1
78512,89775,1,89775,1
78512,89775,1,89775,1
78512,89775,1,89775,1
78512,89775,1,89775,1
78512,89775,1,89775,1
78512,89775,1,89775,1
78512,89775,1,89775,1
78512,89775,1,89775,1
78512,89775,1,89775,1
78512,89775,1,89775,1
78512,89775,1,89775,1
78512,89775,1,89775,1
78512,89775,1,89775,1
78512,89775,1,89775,1
78512,89775,1,89775,1
78512,89775,1,89775,1
78512,89775,1,89775,1
78512,89775,1,89775,1
78512,89775,1,89775,1
78512,89775,1,91642,0
78512,91642,0,91642,0
78512,91642,0,91642,0
78512,91642,0,91642,0
78512,91642,0,91642,0
78512,91642,0,91642,0
78512,91642,0,91642,0
78512,91642,0,91642,0
78512,91642,0,91642,0
78512,91642,0,91642,0
78512,91642,0,91642,0
78512,91642,0,91642,0
78512,91642,0,91642,0
78512,91642,0,91642,0
78512,91642,0,91642,0
78512,91642,0,91642,0
78512,91642,0,91642,0
78512,91642,0,91642,0
78512,91642,0,91642,0
78512,91642,0,91642,0
78512,91642,0,91642,0
78512,91642,0,91642,0
78512,91642,0,91642,0
78512,91642,0,91642,0
78512,91642,0,91642,0
78512,91642,0,91642,0
78512,91642,0,91642,0
78512,91642,0,91642,0
78512,91642,0,91642,0
78512,91642,0,91642,0
78512,91642,0,91642,0
78512,91642,0,91642,0
78512,91642,0,91642,0
78512,91642,0,91642,0
78512,91642,0,91642,0
78512,91642,0,91642,0
78512,91642,0,91642,0
78512,91642,0,91642,0
78512,91642,0,91642,0
78512,91642,0,91642,0
78512,91642,0,91642,0
78512,91642,0,91642,0
78512,91642,0,91642,0
78512,91642,0,91642,0
78512,91642,0,89779,1
78512,89779,1,89779,1
78512,89779,1,89779,1
78512,89779,1,89779,1
78512,89779,1,89779,1
78512,89779,1,89779,1
78512,89779,1,89779,1
78512,89779,1,89779,1
78512,89779,1,89779,1
78512,89779,1,89779,1
78512,89779,1,89779,1
78512,89779,1,89779,1
78512,89779,1,89779,1
78512,89779,1,89779,1
78512,89779,1,89779,1
78512,89779,1,89779,1
78512,89779,1,89779,1
78512,89779,1,89779,1
78512,89779,1,89779,1
78512,89779,1,89779,1
78512,89779,1,89779,1
78512,89779,1,89779,1
78512,89779,1,89779,1
78512,89779,1,89779,1
78512,89779,1,89779,1
78512,89779,1,89779,1
78512,89779,1,89779,1
78512,89779,1,89779,1
78512,89779,1,89779,1
78512,89779,1,89779,1
78512,89779,1,89779,1
78512,89779,1,89779,1
78512,89779,1,89779,1
78512,89779,1,89779,1
78512,89779,1,89779,1
78512,89779,1,89779,1
78512,89779,1,89779,1
78512,89779,1,89779,1
78512,89779,1,89779,1
78512,89779,1,89779,1
78512,89779,1,89779,1
78512,89779,1,89779,1
78512,89779,1,89779,1
78512,89779,1,89779,1
78512,89779,1,89761,1
78512,89761,1,89761,1
78512,89761,1,89761,1
78512,89761,1,89761,1
78512,89761,1,89761,1
78512,89761,1,89761,1
78512,89761,1,89761,1
78512,89761,1,89761,1
78512,89761,1,89761,1
78512,89761,1,89761,1
78512,89761,1,89761,1
78512,89761,1,89761,1
78512,89761,1,89761,1
78512,89761,1,89761,1
78512,89761,1,89761,1
78512,89761,1,89761,1
78512,89761,1,89761,1
78512,89761,1,89761,1
78512,89761,1,89761,1
78512,89761,1,89761,1
78512,89761,1,89761,1
78512,89761,1,89761,1
78512,89761,1,89761,1
78512,89761,1,89761,1
78512,89761,1,89761,1
78512,89761,1,89761,1
78512,89761,1,89761,1
78512,89761,1,89761,1
78512,89761,1,89761,1
78512,89761,1,89761,1
78512,89761,1,89761,1
78512,89761,1,89761,1
78512,89761,1,89761,1
78512,89761,1,89761,1
78512,89761,1,89761,1
78512,89761,1,89761,1
78512,89761,1,89761,1
78512,89761,1,89761,1
78512,89761,1,89761,1
78512,89761,1,89761,1
78512,89761,1,89761,1
78512,89761,1,89761,1
78512,89761,1,89761,1
78512,89761,1,89761,1
78512,89761,1,89761,1
78512,89761,1,89761,1
78512,89761,1,89815,1
78512,89815,1,89815,1
78512,89815,1,89815,1
78512,89815,1,89815,1
78512,89815,1,89815,1
78512,89815,1,89815,1
78512,89815,1,89815,1
78512,89815,1,89815,1
78512,89815,1,89815,1
78512,89815,1,89815,1
78512,89815,1,89815,1
78512,89815,1,89815,1
78512,89815,1,89815,1
78512,89815,1,89815,1
78512,89815,1,89815,1
78512,89815,1,89815,1
78512,89815,1,89815,1
78512,89815,1,89815,1
78512,89815,1,89815,1
78512,89815,1,89815,1
78512,89815,1,89815,1
78512,89815,1,89815,1
78512,89815,1,89815,1
78512,89815,1,89815,1
78512,89815,1,89815,1
78512,89815,1,89815,1
78512,89815,1,89815,1
78512,89815,1,89815,1
78512,89815,1,89815,1
78512,89815,1,89815,1
78512,89815,1,89815,1
78512,89815,1,89815,1
78512,89815,1,89815,1
78512,89815,1,89815,1
78512,89815,1,89815,1
78512,89815,1,89815,1
78512,89815,1,89815,1
78512,89815,1,89815,1
78512,89815,1,89815,1
78512,89815,1,89815,1
78512,89815,1,89815,1
78512,89815,1,89815,1
78512,89815,1,89815,1
78512,89815,1,89815,1
78512,89815,1,89815,1
78512,89815,1,89815,1
78512,89815,1,89815,1
78512,89815,1,89815,1
78512,89815,1,89815,1
78512,89815,1,89815,1
78512,89815,1,89815,1
78512,89815,1,89815,1
78512,89815,1,89815,1
78512,89815,1,89815,1
78512,89815,1,89815,1
78512,89815,1,89815,1
78512,89815,1,89815,1
78512,89815,1,89815,1
78512,89815,1,89815,1
78512,89815,1,89815,1
78512,89815,1,89815,1
78512,89815,1,89815,1
78512,89815,1,89815,1
78512,89815,1,89815,1
78512,89815,1,89815,1
78512,89815,1,89815,1
78512,89815,1,89815,1
78512,89815,1,89815,1
78512,89815,1,89815,1
78512,89815,1,89815,1
78512,89815,1,89815,1
78512,89815,1,89815,1
78512,89815,1,89815,1
78512,89815,1,89815,1
78512,89815,1,89815,1
78512,89815,1,89815,1
78512,89815,1,89815,1
78512,89815,1,89815,1
78512,89815,1,89815,1
78512,89815,1,89815,1
78512,89815,1,89815,1
78512,89815,1,89815,1
78512,89815,1,89815,1
78512,89815,1,89815,1
78512,89815,1,89815,1
78512,89815,1,89815,1
78512,89815,1,89815,1
78512,89815,1,89815,1
78512,89815,1,89815,1
78512,89815,1,89815,1
78512,89815,1,89815,1
78512,89815,1,89815,1
78512,89815,1,89815,1
78512,89815,1,89817,1
78512,89817,1,89817,1
78512,89817,1,89817,1
78512,89817,1,89817,1
78512,89817,1,89817,1
78512,89817,1,89817,1
78512,89817,1,89817,1
78512,89817,1,89817,1
78512,89817,1,89817,1
78512,89817,1,89817,1
78512,89817,1,89817,1
78512,89817,1,89817,1
78512,89817,1,89817,1
78512,89817,1,89817,1
78512,89817,1,89817,1
78512,89817,1,89817,1
78512,89817,1,89817,1
78512,89817,1,89817,1
78512,89817,1,89817,1
78512,89817,1,89817,1
78512,89817,1,89817,1
78512,89817,1,89817,1
78512,89817,1,89817,1
78512,89817,1,89817,1
78512,89817,1,89817,1
78512,89817,1,89817,1
78512,89817,1,89817,1
78512,89817,1,89817,1
78512,89817,1,89817,1
78512,89817,1,89817,1
78512,89817,1,89817,1
78512,89817,1,89817,1
78512,89817,1,89817,1
78512,89817,1,89817,1
78512,89817,1,89817,1
78512,89817,1,89817,1
78512,89817,1,89817,1
78512,89817,1,89817,1
78512,89817,1,89817,1
78512,89817,1,89817,1
78512,89817,1,89817,1
78512,89817,1,89817,1
78512,89817,1,89817,1
78512,89817,1,89817,1
78512,89817,1,89817,1
78512,89817,1,89817,1
78512,89817,1,89817,1
78512,89817,1,89817,1
78512,89817,1,89817,1
78512,89817,1,89817,1
78512,89817,1,89817,1
78512,89817,1,89817,1
78512,89817,1,89817,1
78512,89817,1,89817,1
78512,89817,1,89817,1
78512,89817,1,89817,1
78512,89817,1,89817,1
78512,89817,1,89817,1
78512,89817,1,89817,1
78512,89817,1,89817,1
78512,89817,1,89817,1
78512,89817,1,89817,1
78512,89817,1,89817,1
78512,89817,1,89817,1
78512,89817,1,89817,1
78512,89817,1,89817,1
78512,89817,1,89817,1
78512,89817,1,89817,1
78512,89817,1,89817,1
78512,89817,1,89817,1
78512,89817,1,89817,1
78512,89817,1,89817,1
78512,89817,1,89817,1
78512,89817,1,89817,1
78512,89817,1,89817,1
78512,89817,1,89817,1
78512,89817,1,89817,1
78512,89817,1,89817,1
78512,89817,1,89817,1
78512,89817,1,89817,1
78512,89817,1,89817,1
78512,89817,1,89817,1
78512,89817,1,89817,1
78512,89817,1,89817,1
78512,89817,1,89817,1
78512,89817,1,89817,1
78512,89817,1,89817,1
78512,89817,1,89817,1
78512,89817,1,89817,1
78512,89817,1,89817,1
78512,89817,1,89817,1
78512,89817,1,89817,1
78512,89817,1,89817,1
78512,89817,1,89817,0
78512,89817,0,89817,0
78512,89817,0,89817,0
78512,89817,0,89817,0
78512,89817,0,89817,0
78512,89817,0,89817,0
78512,89817,0,89817,0
78512,89817,0,89817,0
78512,89817,0,89817,0
78512,89817,0,89817,0
78512,89817,0,89817,0
78512,89817,0,89817,0
78512,89817,0,89817,0
78512,89817,0,89817,0
78512,89817,0,89817,0
78512,89817,0,89817,0
78512,89817,0,89817,0
78512,89817,0,89817,0
78512,89817,0,89817,0
78512,89817,0,89817,0
78512,89817,0,89817,0
78512,89817,0,89817,0
78512,89817,0,89817,0
78512,89817,0,89817,0
78512,89817,0,89817,0
78512,89817,0,89817,0
78512,89817,0,89817,0
78512,89817,0,89817,0
78512,89817,0,89817,0
78512,89817,0,89817,0
78512,89817,0,89817,0
78512,89817,0,89817,0
78512,89817,0,89817,0
78512,89817,0,89817,0
78512,89817,0,89817,0
78512,89817,0,89817,0
78512,89817,0,89817,0
78512,89817,0,89817,0
78512,89817,0,89817,0
78512,89817,0,89817,0
78512,89817,0,89817,0
78512,89817,0,89817,0
78512,89817,0,89817,0
78512,89817,0,89817,0
78512,89817,0,89802,1
78512,89802,1,89802,1
78512,89802,1,89802,1
78512,89802,1,89802,1
78512,89802,1,89802,1
78512,89802,1,89802,1
78512,89802,1,89802,1
78512,89802,1,89802,1
78512,89802,1,89802,1
78512,89802,1,89802,1
78512,89802,1,89802,1
78512,89802,1,89802,1
78512,89802,1,89802,1
78512,89802,1,89802,1
78512,89802,1,89802,1
78512,89802,1,89802,1
78512,89802,1,89802,1
78512,89802,1,89802,1
78512,89802,1,89802,1
78512,89802,1,89802,1
78512,89802,1,89802,1
78512,89802,1,89802,1
78512,89802,1,89802,1
78512,89802,1,89802,1
78512,89802,1,89802,1
78512,89802,1,89802,1
78512,89802,1,89802,1
78512,89802,1,89802,1
78512,89802,1,89802,1
78512,89802,1,89802,1
78512,89802,1,89802,1
78512,89802,1,89802,1
78512,89802,1,89802,1
78512,89802,1,89802,1
78512,89802,1,89802,1
78512,89802,1,89802,1
78512,89802,1,89802,1
78512,89802,1,89802,1
78512,89802,1,89802,1
78512,89802,1,89802,1
78512,89802,1,89802,1
78512,89802,1,89802,1
78512,89802,1,89802,1
78512,89802,1,89802,1
78512,89802,1,89849,1
78512,89849,1,89849,1
78512,89849,1,89849,1
78512,89849,1,89849,1
78512,89849,1,89849,1
78512,89849,1,89849,1
78512,89849,1,89849,1
78512,89849,1,89849,1
78512,89849,1,89849,1
78512,89849,1,89849,1
78512,89849,1,89849,1
78512,89849,1,89849,1
78512,89849,1,89849,1
78512,89849,1,89849,1
78512,89849,1,89849,1
78512,89849,1,89849,1
78512,89849,1,89849,1
78512,89849,1,89849,1
78512,89849,1,89849,1
78512,89849,1,89849,1
78512,89849,1,89849,1
78512,89849,1,89849,1
78512,89849,1,89849,1
78512,89849,1,89849,1
78512,89849,1,89849,1
78512,89849,1,89849,1
78512,89849,1,89849,1
78512,89849,1,89849,1
78512,89849,1,89849,1
78512,89849,1,89849,1
78512,89849,1,89849,1
78512,89849,1,89849,1
78512,89849,1,89849,1
78512,89849,1,89849,1
78512,89849,1,89849,1
78512,89849,1,89849,1
78512,89849,1,89849,1
78512,89849,1,89849,1
78512,89849,1,89849,1
78512,89849,1,89849,1
78512,89849,1,89849,1
78512,89849,1,89849,1
78512,89849,1,89849,1
78512,89849,1,89849,1
78512,89849,1,89832,1
78512,89832,1,89832,1
78512,89832,1,89832,1
78512,89832,1,89832,1
78512,89832,1,89832,1
78512,89832,1,89832,1
78512,89832,1,89832,1
78512,89832,1,89832,1
78512,89832,1,89832,1
78512,89832,1,89832,1
78512,89832,1,89832,1
78512,89832,1,89832,1
78512,89832,1,89832,1
78512,89832,1,89832,1
78512,89832,1,89832,1
78512,89832,1,89832,1
78512,89832,1,89832,1
78512,89832,1,89832,1
78512,89832,1,89832,1
78512,89832,1,89832,1
78512,89832,1,89832,1
78512,89832,1,89832,1
78512,89832,1,89832,1
78512,89832,1,89832,1
78512,89832,1,89832,1
78512,89832,1,89832,1
78512,89832,1,89832,1
78512,89832,1,89832,1
78512,89832,1,89832,1
78512,89832,1,89832,1
78512,89832,1,89832,1
78512,89832,1,89832,1
78512,89832,1,89832,1
78512,89832,1,89832,1
78512,89832,1,89832,1
78512,89832,1,89832,1
78512,89832,1,89832,1
78512,89832,1,89832,1
78512,89832,1,89832,1
78512,89832,1,89832,1
78512,89832,1,89832,1
78512,89832,1,89832,1
78512,89832,1,89832,1
78512,89832,1,89832,1
78512,89832,1,89848,0
78512,89848,0,89848,0
78512,89848,0,89848,0
78512,89848,0,89848,0
78512,89848,0,89848,0
78512,89848,0,89848,0
78512,89848,0,89848,0
78512,89848,0,89848,0
78512,89848,0,89848,0
78512,89848,0,89848,0
78512,89848,0,89848,0
78512,89848,0,89848,0
78512,89848,0,89848,0
78512,89848,0,89848,0
78512,89848,0,89848,0
78512,89848,0,89848,0
78512,89848,0,89848,0
78512,89848,0,89848,0
78512,89848,0,89848,0
78512,89848,0,89848,0
78512,89848,0,89848,0
78512,89848,0,89848,0
78512,89848,0,89848,0
78512,89848,0,89848,0
78512,89848,0,89848,0
78512,89848,0,89848,0
78512,89848,0,89848,0
78512,89848,0,89848,0
78512,89848,0,89848,0
78512,89848,0,89848,0
78512,89848,0,89848,0
78512,89848,0,89848,0
78512,89848,0,89848,0
78512,89848,0,89848,0
78512,89848,0,89848,0
78512,89848,0,89848,0
78512,89848,0,89848,0
78512,89848,0,89848,0
78512,89848,0,89848,0
78512,89848,0,89848,0
78512,89848,0,89848,0
78512,89848,0,89848,0
78512,89848,0,89848,0
78512,89848,0,89848,0
78512,89848,0,89801,1
78512,89801,1,89801,1
78512,89801,1,89801,1
78512,89801,1,89801,1
78512,89801,1,89801,1
78512,89801,1,89801,1
78512,89801,1,89801,1
78512,89801,1,89801,1
78512,89801,1,89801,1
78512,89801,1,89801,1
78512,89801,1,89801,1
78512,89801,1,89801,1
78512,89801,1,89801,1
78512,89801,1,89801,1
78512,89801,1,89801,1
78512,89801,1,89801,1
78512,89801,1,89801,1
78512,89801,1,89801,1
78512,89801,1,89801,1
78512,89801,1,89801,1
78512,89801,1,89801,1
78512,89801,1,89801,1
78512,89801,1,89801,1
78512,89801,1,89801,1
78512,89801,1,89801,1
78512,89801,1,89801,1
78512,89801,1,89801,1
78512,89801,1,89801,1
78512,89801,1,89801,1
78512,89801,1,89801,1
78512,89801,1,89801,1
78512,89801,1,89801,1
78512,89801,1,89801,1
78512,89801,1,89801,1
78512,89801,1,89801,1
78512,89801,1,89801,1
78512,89801,1,89801,1
78512,89801,1,89801,1
78512,89801,1,89801,1
78512,89801,1,89801,1
78512,89801,1,89801,1
78512,89801,1,89801,1
78512,89801,1,89801,1
78512,89801,1,89801,1
78512,89801,1,173915,1
78512,173915,1,173941,1
78512,173941,1,173969,1
78512,173969,1,174022,1
78512,174022,1,91659,0
78512,91659,0,91659,0
78512,91659,0,91659,0
78512,91659,0,91659,0
78512,91659,0,91659,0
78512,91659,0,91659,0
78512,91659,0,91659,0
78512,91659,0,91659,0
78512,91659,0,91659,0
78512,91659,0,91659,0
78512,91659,0,91659,0
78512,91659,0,91659,0
78512,91659,0,91659,0
78512,91659,0,91659,0
78512,91659,0,91659,0
78512,91659,0,91659,0
78512,91659,0,91659,0
78512,91659,0,91659,0
78512,91659,0,91659,0
78512,91659,0,91659,0
78512,91659,0,91659,0
78512,91659,0,91659,0
78512,91659,0,91659,0
78512,91659,0,91659,0
78512,91659,0,91659,0
78512,91659,0,91659,0
78512,91659,0,91659,0
78512,91659,0,91659,0
78512,91659,0,91659,0
78512,91659,0,91659,0
78512,91659,0,91659,0
78512,91659,0,91659,0
78512,91659,0,91659,0
78512,91659,0,91659,0
78512,91659,0,91659,0
78512,91659,0,91659,0
78512,91659,0,91659,0
78512,91659,0,91659,0
78512,91659,0,91659,0
78512,91659,0,91659,0
78512,91659,0,91659,0
78512,91659,0,91659,0
78512,91659,0,91659,0
78512,91659,0,91659,0
78513,93176,0,93176,0
78513,93176,0,93176,0
78513,93176,0,93176,0
78513,93176,0,93176,0
78513,93176,0,93176,0
78513,93176,0,93176,0
78513,93176,0,93176,0
78513,93176,0,93176,0
78513,93176,0,93176,0
78513,93176,0,93176,0
78513,93176,0,93176,0
78513,93176,0,93176,0
78513,93176,0,93176,0
78513,93176,0,93176,0
78513,93176,0,93176,0
78513,93176,0,93176,0
78513,93176,0,93176,0
78513,93176,0,93176,0
78513,93176,0,93176,0
78513,93176,0,93176,0
78513,93176,0,93176,0
78513,93176,0,93176,0
78513,93176,0,93176,0
78513,93176,0,93176,0
78513,93176,0,93176,0
78513,93176,0,93176,0
78513,93176,0,93176,0
78513,93176,0,93176,0
78513,93176,0,93176,0
78513,93176,0,93176,0
78513,93176,0,93176,0
78513,93176,0,93176,0
78513,93176,0,93176,0
78513,93176,0,93176,0
78513,93176,0,93176,0
78513,93176,0,93176,0
78513,93176,0,93176,0
78513,93176,0,93176,0
78513,93176,0,93176,0
78513,93176,0,93176,0
78513,93176,0,93176,0
78513,93176,0,93176,0
78513,93176,0,93176,0
78513,93176,0,93176,0
78513,93176,0,93176,0
78513,93176,0,93179,1
78513,93179,1,93179,1
78513,93179,1,93179,1
78513,93179,1,93179,1
78513,93179,1,93179,1
78513,93179,1,93179,1
78513,93179,1,93179,1
78513,93179,1,93179,1
78513,93179,1,93179,1
78513,93179,1,93179,1
78513,93179,1,93179,1
78513,93179,1,93179,1
78513,93179,1,93179,1
78513,93179,1,93179,1
78513,93179,1,93179,1
78513,93179,1,93179,1
78513,93179,1,93179,1
78513,93179,1,93179,1
78513,93179,1,93179,1
78513,93179,1,93179,1
78513,93179,1,93179,1
78513,93179,1,93179,1
78513,93179,1,93179,1
78513,93179,1,93179,1
78513,93179,1,93179,1
78513,93179,1,93179,1
78513,93179,1,93179,1
78513,93179,1,93179,1
78513,93179,1,93179,1
78513,93179,1,93179,1
78513,93179,1,93179,1
78513,93179,1,93179,1
78513,93179,1,93179,1
78513,93179,1,93179,1
78513,93179,1,93179,1
78513,93179,1,93179,1
78513,93179,1,93179,1
78513,93179,1,93179,1
78513,93179,1,93179,1
78513,93179,1,93179,1
78513,93179,1,93179,1
78513,93179,1,93179,1
78513,93179,1,93179,1
78513,93179,1,93179,1
78513,93179,1,93179,1
78513,93179,1,93179,1
78513,93179,1,93173,1
78513,93173,1,93173,1
78513,93173,1,93173,1
78513,93173,1,93173,1
78513,93173,1,93173,1
78513,93173,1,93173,1
78513,93173,1,93173,1
78513,93173,1,93173,1
78513,93173,1,93173,1
78513,93173,1,93173,1
78513,93173,1,93173,1
78513,93173,1,93173,1
78513,93173,1,93173,1
78513,93173,1,93173,1
78513,93173,1,93173,1
78513,93173,1,93173,1
78513,93173,1,93173,1
78513,93173,1,93173,1
78513,93173,1,93173,1
78513,93173,1,93173,1
78513,93173,1,93173,1
78513,93173,1,93173,1
78513,93173,1,93173,1
78513,93173,1,93173,1
78513,93173,1,93173,1
78513,93173,1,93173,1
78513,93173,1,93173,1
78513,93173,1,93173,1
78513,93173,1,93173,1
78513,93173,1,93173,1
78513,93173,1,93173,1
78513,93173,1,93173,1
78513,93173,1,93173,1
78513,93173,1,93173,1
78513,93173,1,93173,1
78513,93173,1,93173,1
78513,93173,1,93173,1
78513,93173,1,93173,1
78513,93173,1,93173,1
78513,93173,1,93173,1
78513,93173,1,93173,1
78513,93173,1,93173,1
78513,93173,1,93173,1
78513,93173,1,93173,1
78513,93173,1,93173,1
78513,93173,1,93173,1
78513,93173,1,93204,1
78513,93204,1,93204,1
78513,93204,1,93204,1
78513,93204,1,93204,1
78513,93204,1,93204,1
78513,93204,1,93204,1
78513,93204,1,93204,1
78513,93204,1,93204,1
78513,93204,1,93204,1
78513,93204,1,93204,1
78513,93204,1,93204,1
78513,93204,1,93204,1
78513,93204,1,93204,1
78513,93204,1,93204,1
78513,93204,1,93204,1
78513,93204,1,93204,1
78513,93204,1,93204,1
78513,93204,1,93204,1
78513,93204,1,93204,1
78513,93204,1,93204,1
78513,93204,1,93204,1
78513,93204,1,93204,1
78513,93204,1,93204,1
78513,93204,1,93204,1
78513,93204,1,93204,1
78513,93204,1,93204,1
78513,93204,1,93204,1
78513,93204,1,93204,1
78513,93204,1,93204,1
78513,93204,1,93204,1
78513,93204,1,93204,1
78513,93204,1,93204,1
78513,93204,1,93204,1
78513,93204,1,93204,1
78513,93204,1,93204,1
78513,93204,1,93204,1
78513,93204,1,93204,1
78513,93204,1,93204,1
78513,93204,1,93204,1
78513,93204,1,93204,1
78513,93204,1,93204,1
78513,93204,1,93204,1
78513,93204,1,93204,1
78513,93204,1,93204,1
78513,93204,1,93204,1
78513,93204,1,93204,1
78513,93204,1,93229,1
78513,93229,1,93229,1
78513,93229,1,93229,1
78513,93229,1,93229,1
78513,93229,1,93229,1
78513,93229,1,93229,1
78513,93229,1,93229,1
78513,93229,1,93229,1
78513,93229,1,93229,1
78513,93229,1,93229,1
78513,93229,1,93229,1
78513,93229,1,93229,1
78513,93229,1,93229,1
78513,93229,1,93229,1
78513,93229,1,93229,1
78513,93229,1,93229,1
78513,93229,1,93229,1
78513,93229,1,93229,1
78513,93229,1,93229,1
78513,93229,1,93229,1
78513,93229,1,93229,1
78513,93229,1,93229,1
78513,93229,1,93229,1
78513,93229,1,93229,1
78513,93229,1,93229,1
78513,93229,1,93229,1
78513,93229,1,93229,1
78513,93229,1,93229,1
78513,93229,1,93229,1
78513,93229,1,93229,1
78513,93229,1,93229,1
78513,93229,1,93229,1
78513,93229,1,93229,1
78513,93229,1,93229,1
78513,93229,1,93229,1
78513,93229,1,93229,1
78513,93229,1,93229,1
78513,93229,1,93229,1
78513,93229,1,93229,1
78513,93229,1,93229,1
78513,93229,1,93229,1
78513,93229,1,93229,1
78513,93229,1,93229,1
78513,93229,1,85092,1
78513,85092,1,85092,1
78513,85092,1,85092,1
78513,85092,1,85092,1
78513,85092,1,85092,1
78513,85092,1,85092,1
78513,85092,1,85092,1
78513,85092,1,85092,1
78513,85092,1,85092,1
78513,85092,1,85092,1
78513,85092,1,85092,1
78513,85092,1,85092,1
78513,85092,1,85092,1
78513,85092,1,85092,1
78513,85092,1,85092,1
78513,85092,1,85092,1
78513,85092,1,85092,1
78513,85092,1,85092,1
78513,85092,1,85092,1
78513,85092,1,85092,1
78513,85092,1,85092,1
78513,85092,1,85092,1
78513,85092,1,85092,1
78513,85092,1,85092,1
78513,85092,1,85092,1
78513,85092,1,85092,1
78513,85092,1,85092,1
78513,85092,1,85092,1
78513,85092,1,85092,1
78513,85092,1,85092,1
78513,85092,1,85092,1
78513,85092,1,85092,1
78513,85092,1,85092,1
78513,85092,1,85092,1
78513,85092,1,85092,1
78513,85092,1,85092,1
78513,85092,1,85092,1
78513,85092,1,85092,1
78513,85092,1,85092,1
78513,85092,1,85092,1
78513,85092,1,85092,1
78513,85092,1,85092,1
78513,85092,1,85092,1
78513,85092,1,85092,1
78513,85092,1,85092,1
78513,85092,1,85092,1
78513,85092,1,84699,1
78513,84699,1,84699,1
78513,84699,1,84699,1
78513,84699,1,84699,1
78513,84699,1,84699,1
78513,84699,1,84699,1
78513,84699,1,84699,1
78513,84699,1,84699,1
78513,84699,1,84699,1
78513,84699,1,84699,1
78513,84699,1,84699,1
78513,84699,1,84699,1
78513,84699,1,84699,1
78513,84699,1,84699,1
78513,84699,1,84699,1
78513,84699,1,84699,1
78513,84699,1,84699,1
78513,84699,1,84699,1
78513,84699,1,84699,1
78513,84699,1,84699,1
78513,84699,1,84699,1
78513,84699,1,84699,1
78513,84699,1,84699,1
78513,84699,1,84699,1
78513,84699,1,84699,1
78513,84699,1,84699,1
78513,84699,1,84699,1
78513,84699,1,84699,1
78513,84699,1,84699,1
78513,84699,1,84699,1
78513,84699,1,84699,1
78513,84699,1,84699,1
78513,84699,1,84699,1
78513,84699,1,84699,1
78513,84699,1,84699,1
78513,84699,1,84699,1
78513,84699,1,84699,1
78513,84699,1,84699,1
78513,84699,1,84699,1
78513,84699,1,84699,1
78513,84699,1,84699,1
78513,84699,1,84699,1
78513,84699,1,84699,1
78513,84699,1,84699,1
78513,84699,1,84699,1
78513,84699,1,84699,1
78513,84699,1,85105,1
78513,85105,1,85105,1
78513,85105,1,85105,1
78513,85105,1,85105,1
78513,85105,1,85105,1
78513,85105,1,85105,1
78513,85105,1,85105,1
78513,85105,1,85105,1
78513,85105,1,85105,1
78513,85105,1,85105,1
78513,85105,1,85105,1
78513,85105,1,85105,1
78513,85105,1,85105,1
78513,85105,1,85105,1
78513,85105,1,85105,1
78513,85105,1,85105,1
78513,85105,1,85105,1
78513,85105,1,85105,1
78513,85105,1,85105,1
78513,85105,1,85105,1
78513,85105,1,85105,1
78513,85105,1,85105,1
78513,85105,1,85105,1
78513,85105,1,85105,1
78513,85105,1,85105,1
78513,85105,1,85105,1
78513,85105,1,85105,1
78513,85105,1,85105,1
78513,85105,1,85105,1
78513,85105,1,85105,1
78513,85105,1,85105,1
78513,85105,1,85105,1
78513,85105,1,85105,1
78513,85105,1,85105,1
78513,85105,1,85105,1
78513,85105,1,85105,1
78513,85105,1,85105,1
78513,85105,1,85105,1
78513,85105,1,85105,1
78513,85105,1,85105,1
78513,85105,1,85105,1
78513,85105,1,85105,1
78513,85105,1,85105,1
78513,85105,1,89296,1
78513,89296,1,89296,1
78513,89296,1,89296,1
78513,89296,1,89296,1
78513,89296,1,89296,1
78513,89296,1,89296,1
78513,89296,1,89296,1
78513,89296,1,89296,1
78513,89296,1,89296,1
78513,89296,1,89296,1
78513,89296,1,89296,1
78513,89296,1,89296,1
78513,89296,1,89296,1
78513,89296,1,89296,1
78513,89296,1,89296,1
78513,89296,1,89296,1
78513,89296,1,89296,1
78513,89296,1,89296,1
78513,89296,1,89296,1
78513,89296,1,89296,1
78513,89296,1,89296,1
78513,89296,1,89296,1
78513,89296,1,89296,1
78513,89296,1,89296,1
78513,89296,1,89296,1
78513,89296,1,89296,1
78513,89296,1,89296,1
78513,89296,1,89296,1
78513,89296,1,89296,1
78513,89296,1,89296,1
78513,89296,1,89296,1
78513,89296,1,89296,1
78513,89296,1,89296,1
78513,89296,1,89296,1
78513,89296,1,89296,1
78513,89296,1,89296,1
78513,89296,1,89296,1
78513,89296,1,89296,1
78513,89296,1,89296,1
78513,89296,1,89296,1
78513,89296,1,89296,1
78513,89296,1,89296,1
78513,89296,1,89296,1
78513,89296,1,89296,1
78513,89296,1,89296,1
78513,89296,1,89296,1
78513,89296,1,89296,1
78513,89296,1,89296,1
78513,89296,1,89296,1
78513,89296,1,89296,1
78513,89296,1,89296,1
78513,89296,1,89296,1
78513,89296,1,89296,1
78513,89296,1,89296,1
78513,89296,1,89296,1
78513,89296,1,89296,1
78513,89296,1,89296,1
78513,89296,1,89296,1
78513,89296,1,89296,1
78513,89296,1,89296,1
78513,89296,1,89296,1
78513,89296,1,89296,1
78513,89296,1,89296,1
78513,89296,1,89296,1
78513,89296,1,89296,1
78513,89296,1,89296,1
78513,89296,1,89296,1
78513,89296,1,89296,1
78513,89296,1,89296,1
78513,89296,1,89296,1
78513,89296,1,89296,1
78513,89296,1,89296,1
78513,89296,1,89296,1
78513,89296,1,89296,1
78513,89296,1,89296,1
78513,89296,1,89296,1
78513,89296,1,89296,1
78513,89296,1,89296,1
78513,89296,1,89296,1
78513,89296,1,89296,1
78513,89296,1,89296,1
78513,89296,1,89296,1
78513,89296,1,89296,1
78513,89296,1,89296,1
78513,89296,1,89296,1
78513,89296,1,89296,1
78513,89296,1,89296,1
78513,89296,1,89296,1
78513,89296,1,89296,1
78513,89296,1,89296,1
78513,89296,1,89296,1
78513,89296,1,89296,1
78513,89296,1,89296,1
78513,89296,1,89296,1
78513,89296,1,89296,1
78513,89296,1,89296,1
78513,89296,1,89296,1
78513,89296,1,89297,1
78513,89297,1,89297,1
78513,89297,1,89297,1
78513,89297,1,89297,1
78513,89297,1,89297,1
78513,89297,1,89297,1
78513,89297,1,89297,1
78513,89297,1,89297,1
78513,89297,1,89297,1
78513,89297,1,89297,1
78513,89297,1,89297,1
78513,89297,1,89297,1
78513,89297,1,89297,1
78513,89297,1,89297,1
78513,89297,1,89297,1
78513,89297,1,89297,1
78513,89297,1,89297,1
78513,89297,1,89297,1
78513,89297,1,89297,1
78513,89297,1,89297,1
78513,89297,1,89297,1
78513,89297,1,89297,1
78513,89297,1,89297,1
78513,89297,1,89297,1
78513,89297,1,89297,1
78513,89297,1,89297,1
78513,89297,1,89297,1
78513,89297,1,89297,1
78513,89297,1,89297,1
78513,89297,1,89297,1
78513,89297,1,89297,1
78513,89297,1,89297,1
78513,89297,1,89297,1
78513,89297,1,89297,1
78513,89297,1,89297,1
78513,89297,1,89297,1
78513,89297,1,89297,1
78513,89297,1,89297,1
78513,89297,1,89297,1
78513,89297,1,89297,1
78513,89297,1,89297,1
78513,89297,1,89297,1
78513,89297,1,89297,1
78513,89297,1,89297,1
78513,89297,1,89297,1
78513,89297,1,89297,1
78513,89297,1,89297,1
78513,89297,1,89297,1
78513,89297,1,89297,1
78513,89297,1,89297,1
78513,89297,1,89297,1
78513,89297,1,89297,1
78513,89297,1,89297,1
78513,89297,1,89297,1
78513,89297,1,89297,1
78513,89297,1,89297,1
78513,89297,1,89297,1
78513,89297,1,89297,1
78513,89297,1,89297,1
78513,89297,1,89297,1
78513,89297,1,89297,1
78513,89297,1,89297,1
78513,89297,1,89297,1
78513,89297,1,89297,1
78513,89297,1,89297,1
78513,89297,1,89297,1
78513,89297,1,89297,1
78513,89297,1,89297,1
78513,89297,1,89297,1
78513,89297,1,89297,1
78513,89297,1,89297,1
78513,89297,1,89297,1
78513,89297,1,89297,1
78513,89297,1,89297,1
78513,89297,1,89297,1
78513,89297,1,89297,1
78513,89297,1,89297,1
78513,89297,1,89297,1
78513,89297,1,89297,1
78513,89297,1,89297,1
78513,89297,1,89297,1
78513,89297,1,89297,1
78513,89297,1,89297,1
78513,89297,1,89297,1
78513,89297,1,89297,1
78513,89297,1,89297,1
78513,89297,1,89297,1
78513,89297,1,89297,1
78513,89297,1,89297,1
78513,89297,1,89297,1
78513,89297,1,89297,1
78513,89297,1,89297,1
78513,89297,1,89297,1
78513,89297,1,89297,1
78513,89297,1,89297,1
78513,89297,1,89297,1
78513,89297,1,89297,1
78513,89297,1,91356,1
78513,91356,1,91356,1
78513,91356,1,91356,1
78513,91356,1,91356,1
78513,91356,1,91356,1
78513,91356,1,91356,1
78513,91356,1,91356,1
78513,91356,1,91356,1
78513,91356,1,91356,1
78513,91356,1,91356,1
78513,91356,1,91356,1
78513,91356,1,91356,1
78513,91356,1,91356,1
78513,91356,1,91356,1
78513,91356,1,91356,1
78513,91356,1,91356,1
78513,91356,1,91356,1
78513,91356,1,91356,1
78513,91356,1,91356,1
78513,91356,1,91356,1
78513,91356,1,91356,1
78513,91356,1,91356,1
78513,91356,1,91356,1
78513,91356,1,91356,1
78513,91356,1,91356,1
78513,91356,1,91356,1
78513,91356,1,91356,1
78513,91356,1,91356,1
78513,91356,1,91356,1
78513,91356,1,91356,1
78513,91356,1,91356,1
78513,91356,1,91356,1
78513,91356,1,91356,1
78513,91356,1,91356,1
78513,91356,1,91356,1
78513,91356,1,91356,1
78513,91356,1,91356,1
78513,91356,1,91356,1
78513,91356,1,91356,1
78513,91356,1,91356,1
78513,91356,1,91356,1
78513,91356,1,91356,1
78513,91356,1,91356,1
78513,91356,1,91356,1
78513,91356,1,91356,1
78513,91356,1,91356,1
78513,91356,1,91356,1
78513,91356,1,91356,1
78513,91356,1,91356,1
78513,91356,1,91356,1
78513,91356,1,91356,1
78513,91356,1,91356,1
78513,91356,1,91356,1
78513,91356,1,91356,1
78513,91356,1,91356,1
78513,91356,1,91356,1
78513,91356,1,91356,1
78513,91356,1,91356,1
78513,91356,1,91356,1
78513,91356,1,91356,1
78513,91356,1,91356,1
78513,91356,1,91356,1
78513,91356,1,91356,1
78513,91356,1,91356,1
78513,91356,1,91356,1
78513,91356,1,91356,1
78513,91356,1,91356,1
78513,91356,1,91356,1
78513,91356,1,91356,1
78513,91356,1,91356,1
78513,91356,1,91356,1
78513,91356,1,91356,1
78513,91356,1,91356,1
78513,91356,1,91356,1
78513,91356,1,91356,1
78513,91356,1,91356,1
78513,91356,1,91356,1
78513,91356,1,91356,1
78513,91356,1,91356,1
78513,91356,1,91356,1
78513,91356,1,91356,1
78513,91356,1,91356,1
78513,91356,1,91356,1
78513,91356,1,91356,1
78513,91356,1,91356,1
78513,91356,1,91356,1
78513,91356,1,91356,1
78513,91356,1,91356,1
78513,91356,1,91356,1
78513,91356,1,91356,1
78513,91356,1,91356,1
78513,91356,1,91356,1
78513,91356,1,91356,1
78513,91356,1,91356,1
78513,91356,1,91356,1
78513,91356,1,91356,1
78513,91356,1,91356,1
78513,91356,1,91401,0
78513,91401,0,91401,0
78513,91401,0,91401,0
78513,91401,0,91401,0
78513,91401,0,91401,0
78513,91401,0,91401,0
78513,91401,0,91401,0
78513,91401,0,91401,0
78513,91401,0,91401,0
78513,91401,0,91401,0
78513,91401,0,91401,0
78513,91401,0,91401,0
78513,91401,0,91401,0
78513,91401,0,91401,0
78513,91401,0,91401,0
78513,91401,0,91401,0
78513,91401,0,91401,0
78513,91401,0,91401,0
78513,91401,0,91401,0
78513,91401,0,91401,0
78513,91401,0,91401,0
78513,91401,0,91401,0
78513,91401,0,91401,0
78513,91401,0,91401,0
78513,91401,0,91401,0
78513,91401,0,91401,0
78513,91401,0,91401,0
78513,91401,0,91401,0
78513,91401,0,91401,0
78513,91401,0,91401,0
78513,91401,0,91401,0
78513,91401,0,91401,0
78513,91401,0,91401,0
78513,91401,0,91401,0
78513,91401,0,91401,0
78513,91401,0,91401,0
78513,91401,0,91401,0
78513,91401,0,91401,0
78513,91401,0,91401,0
78513,91401,0,91401,0
78513,91401,0,91401,0
78513,91401,0,91401,0
78513,91401,0,91401,0
78513,91401,0,91401,0
78513,91401,0,91401,0
78513,91401,0,91401,0
78513,91401,0,91401,0
78513,91401,0,91401,0
78513,91401,0,91401,0
78513,91401,0,91401,0
78513,91401,0,91401,0
78513,91401,0,91401,0
78513,91401,0,91401,0
78513,91401,0,91401,0
78513,91401,0,91401,0
78513,91401,0,91401,0
78513,91401,0,91401,0
78513,91401,0,91401,0
78513,91401,0,91401,0
78513,91401,0,91401,0
78513,91401,0,91401,0
78513,91401,0,91401,0
78513,91401,0,91401,0
78513,91401,0,91401,0
78513,91401,0,91401,0
78513,91401,0,91401,0
78513,91401,0,91401,0
78513,91401,0,91401,0
78513,91401,0,91401,0
78513,91401,0,91401,0
78513,91401,0,91401,0
78513,91401,0,91401,0
78513,91401,0,91401,0
78513,91401,0,91401,0
78513,91401,0,91401,0
78513,91401,0,91401,0
78513,91401,0,91401,0
78513,91401,0,91401,0
78513,91401,0,91401,0
78513,91401,0,91401,0
78513,91401,0,91401,0
78513,91401,0,91401,0
78513,91401,0,91401,0
78513,91401,0,91401,0
78513,91401,0,91401,0
78513,91401,0,91401,0
78513,91401,0,91401,0
78513,91401,0,91401,0
78513,91401,0,91401,0
78513,91401,0,91401,0
78513,91401,0,91401,0
78513,91401,0,91401,0
78513,91401,0,91401,0
78513,91401,0,91401,0
78513,91401,0,91401,0
78513,91401,0,91401,0
78513,91401,0,91401,0
78513,91401,0,89282,1
78513,89282,1,89282,1
78513,89282,1,89282,1
78513,89282,1,89282,1
78513,89282,1,89282,1
78513,89282,1,89282,1
78513,89282,1,89282,1
78513,89282,1,89282,1
78513,89282,1,89282,1
78513,89282,1,89282,1
78513,89282,1,89282,1
78513,89282,1,89282,1
78513,89282,1,89282,1
78513,89282,1,89282,1
78513,89282,1,89282,1
78513,89282,1,89282,1
78513,89282,1,89282,1
78513,89282,1,89282,1
78513,89282,1,89282,1
78513,89282,1,89282,1
78513,89282,1,89282,1
78513,89282,1,89282,1
78513,89282,1,89282,1
78513,89282,1,89282,1
78513,89282,1,89282,1
78513,89282,1,89282,1
78513,89282,1,89282,1
78513,89282,1,89282,1
78513,89282,1,89282,1
78513,89282,1,89282,1
78513,89282,1,89282,1
78513,89282,1,89282,1
78513,89282,1,89282,1
78513,89282,1,89282,1
78513,89282,1,89282,1
78513,89282,1,89282,1
78513,89282,1,89282,1
78513,89282,1,89282,1
78513,89282,1,89282,1
78513,89282,1,89282,1
78513,89282,1,89282,1
78513,89282,1,89282,1
78513,89282,1,89282,1
78513,89282,1,89282,1
78513,89282,1,89282,1
78513,89282,1,89282,1
78513,89282,1,89282,1
78513,89282,1,89282,1
78513,89282,1,89282,1
78513,89282,1,89282,1
78513,89282,1,89282,1
78513,89282,1,89282,1
78513,89282,1,89282,1
78513,89282,1,89282,1
78513,89282,1,89282,1
78513,89282,1,89282,1
78513,89282,1,89282,1
78513,89282,1,89282,1
78513,89282,1,89282,1
78513,89282,1,89282,1
78513,89282,1,89282,1
78513,89282,1,89282,1
78513,89282,1,89282,1
78513,89282,1,89282,1
78513,89282,1,89282,1
78513,89282,1,89282,1
78513,89282,1,89282,1
78513,89282,1,89282,1
78513,89282,1,89282,1
78513,89282,1,89282,1
78513,89282,1,89282,1
78513,89282,1,89282,1
78513,89282,1,89282,1
78513,89282,1,89282,1
78513,89282,1,89282,1
78513,89282,1,89282,1
78513,89282,1,89282,1
78513,89282,1,89282,1
78513,89282,1,89282,1
78513,89282,1,89282,1
78513,89282,1,89282,1
78513,89282,1,89282,1
78513,89282,1,89282,1
78513,89282,1,89282,1
78513,89282,1,89282,1
78513,89282,1,89282,1
78513,89282,1,89282,1
78513,89282,1,89282,1
78513,89282,1,89282,1
78513,89282,1,89282,1
78513,89282,1,89282,1
78513,89282,1,89282,1
78513,89282,1,89282,1
78513,89282,1,89282,1
78513,89282,1,89282,1
78513,89282,1,89282,1
78513,89282,1,89282,1
78513,89282,1,91396,1
78513,91396,1,91396,1
78513,91396,1,91396,1
78513,91396,1,91396,1
78513,91396,1,91396,1
78513,91396,1,91396,1
78513,91396,1,91396,1
78513,91396,1,91396,1
78513,91396,1,91396,1
78513,91396,1,91396,1
78513,91396,1,91396,1
78513,91396,1,91396,1
78513,91396,1,91396,1
78513,91396,1,91396,1
78513,91396,1,91396,1
78513,91396,1,91396,1
78513,91396,1,91396,1
78513,91396,1,91396,1
78513,91396,1,91396,1
78513,91396,1,91396,1
78513,91396,1,91396,1
78513,91396,1,91396,1
78513,91396,1,91396,1
78513,91396,1,91396,1
78513,91396,1,91396,1
78513,91396,1,91396,1
78513,91396,1,91396,1
78513,91396,1,91396,1
78513,91396,1,91396,1
78513,91396,1,91396,1
78513,91396,1,91396,1
78513,91396,1,91396,1
78513,91396,1,91396,1
78513,91396,1,91396,1
78513,91396,1,91396,1
78513,91396,1,91396,1
78513,91396,1,91396,1
78513,91396,1,91396,1
78513,91396,1,91396,1
78513,91396,1,91396,1
78513,91396,1,91396,1
78513,91396,1,91396,1
78513,91396,1,91396,1
78513,91396,1,91396,1
78513,91396,1,91396,1
78513,91396,1,91396,1
78513,91396,1,91396,1
78513,91396,1,89272,1
78513,89272,1,89272,1
78513,89272,1,89272,1
78513,89272,1,89272,1
78513,89272,1,89272,1
78513,89272,1,89272,1
78513,89272,1,89272,1
78513,89272,1,89272,1
78513,89272,1,89272,1
78513,89272,1,89272,1
78513,89272,1,89272,1
78513,89272,1,89272,1
78513,89272,1,89272,1
78513,89272,1,89272,1
78513,89272,1,89272,1
78513,89272,1,89272,1
78513,89272,1,89272,1
78513,89272,1,89272,1
78513,89272,1,89272,1
78513,89272,1,89272,1
78513,89272,1,89272,1
78513,89272,1,89272,1
78513,89272,1,89272,1
78513,89272,1,89272,1
78513,89272,1,89272,1
78513,89272,1,89272,1
78513,89272,1,89272,1
78513,89272,1,89272,1
78513,89272,1,89272,1
78513,89272,1,89272,1
78513,89272,1,89272,1
78513,89272,1,89272,1
78513,89272,1,89272,1
78513,89272,1,89272,1
78513,89272,1,89272,1
78513,89272,1,89272,1
78513,89272,1,89272,1
78513,89272,1,89272,1
78513,89272,1,89272,1
78513,89272,1,89272,1
78513,89272,1,89272,1
78513,89272,1,89272,1
78513,89272,1,89272,1
78513,89272,1,89272,1
78513,89272,1,89272,1
78513,89272,1,89272,1
78513,89272,1,89272,1
78513,89272,1,89767,1
78513,89767,1,89767,1
78513,89767,1,89767,1
78513,89767,1,89767,1
78513,89767,1,89767,1
78513,89767,1,89767,1
78513,89767,1,89767,1
78513,89767,1,89767,1
78513,89767,1,89767,1
78513,89767,1,89767,1
78513,89767,1,89767,1
78513,89767,1,89767,1
78513,89767,1,89767,1
78513,89767,1,89767,1
78513,89767,1,89767,1
78513,89767,1,89767,1
78513,89767,1,89767,1
78513,89767,1,89767,1
78513,89767,1,89767,1
78513,89767,1,89767,1
78513,89767,1,89767,1
78513,89767,1,89767,1
78513,89767,1,89767,1
78513,89767,1,89767,1
78513,89767,1,89767,1
78513,89767,1,89767,1
78513,89767,1,89767,1
78513,89767,1,89767,1
78513,89767,1,89767,1
78513,89767,1,89767,1
78513,89767,1,89767,1
78513,89767,1,89767,1
78513,89767,1,89767,1
78513,89767,1,89767,1
78513,89767,1,89767,1
78513,89767,1,89767,1
78513,89767,1,89767,1
78513,89767,1,89767,1
78513,89767,1,89767,1
78513,89767,1,89767,1
78513,89767,1,89767,1
78513,89767,1,89767,1
78513,89767,1,89767,1
78513,89767,1,89767,1
78513,89767,1,89767,1
78513,89767,1,89767,1
78513,89767,1,89767,1
78513,89767,1,89767,1
78513,89767,1,89767,1
78513,89767,1,89767,1
78513,89767,1,89767,1
78513,89767,1,89767,1
78513,89767,1,89767,1
78513,89767,1,89767,1
78513,89767,1,89767,1
78513,89767,1,89767,1
78513,89767,1,89767,1
78513,89767,1,89767,1
78513,89767,1,89767,1
78513,89767,1,89767,1
78513,89767,1,89767,1
78513,89767,1,89767,1
78513,89767,1,89767,1
78513,89767,1,89767,1
78513,89767,1,89767,1
78513,89767,1,89767,1
78513,89767,1,89767,1
78513,89767,1,89767,1
78513,89767,1,89767,1
78513,89767,1,89767,1
78513,89767,1,89767,1
78513,89767,1,89767,1
78513,89767,1,89767,1
78513,89767,1,89767,1
78513,89767,1,89767,1
78513,89767,1,89767,1
78513,89767,1,89767,1
78513,89767,1,89767,1
78513,89767,1,89767,1
78513,89767,1,89767,1
78513,89767,1,89767,1
78513,89767,1,89767,1
78513,89767,1,89767,1
78513,89767,1,89767,1
78513,89767,1,89767,1
78513,89767,1,89767,1
78513,89767,1,89767,1
78513,89767,1,89767,1
78513,89767,1,89767,1
78513,89767,1,89767,1
78513,89767,1,89767,1
78513,89767,1,89767,1
78513,89767,1,89767,1
78513,89767,1,89796,1
78513,89796,1,89796,1
78513,89796,1,89796,1
78513,89796,1,89796,1
78513,89796,1,89796,1
78513,89796,1,89796,1
78513,89796,1,89796,1
78513,89796,1,89796,1
78513,89796,1,89796,1
78513,89796,1,89796,1
78513,89796,1,89796,1
78513,89796,1,89796,1
78513,89796,1,89796,1
78513,89796,1,89796,1
78513,89796,1,89796,1
78513,89796,1,89796,1
78513,89796,1,89796,1
78513,89796,1,89796,1
78513,89796,1,89796,1
78513,89796,1,89796,1
78513,89796,1,89796,1
78513,89796,1,89796,1
78513,89796,1,89796,1
78513,89796,1,89796,1
78513,89796,1,89796,1
78513,89796,1,89796,1
78513,89796,1,89796,1
78513,89796,1,89796,1
78513,89796,1,89796,1
78513,89796,1,89796,1
78513,89796,1,89796,1
78513,89796,1,89796,1
78513,89796,1,89796,1
78513,89796,1,89796,1
78513,89796,1,89796,1
78513,89796,1,89796,1
78513,89796,1,89796,1
78513,89796,1,89796,1
78513,89796,1,89796,1
78513,89796,1,89796,1
78513,89796,1,89796,1
78513,89796,1,89796,1
78513,89796,1,89796,1
78513,89796,1,89796,1
78513,89796,1,89796,1
78513,89796,1,89796,1
78513,89796,1,173918,1
78513,173918,1,173917,1
78513,173917,1,174010,0
78513,174010,0,173979,0
78513,173979,0,173983,1
78513,173983,1,174018,1
78513,174018,1,174008,1
78513,174008,1,91648,1
78513,91648,1,91648,1
78513,91648,1,91648,1
78513,91648,1,91648,1
78513,91648,1,91648,1
78513,91648,1,91648,1
78513,91648,1,91648,1
78513,91648,1,91648,1
78513,91648,1,91648,1
78513,91648,1,91648,1
78513,91648,1,91648,1
78513,91648,1,91648,1
78513,91648,1,91648,1
78513,91648,1,91648,1
78513,91648,1,91648,1
78513,91648,1,91648,1
78513,91648,1,91648,1
78513,91648,1,91648,1
78513,91648,1,91648,1
78513,91648,1,91648,1
78513,91648,1,91648,1
78513,91648,1,91648,1
78513,91648,1,91648,1
78513,91648,1,91648,1
78513,91648,1,91648,1
78513,91648,1,91648,1
78513,91648,1,91648,1
78513,91648,1,91648,1
78513,91648,1,91648,1
78513,91648,1,91648,1
78513,91648,1,91648,1
78513,91648,1,91648,1
78513,91648,1,91648,1
78513,91648,1,91648,1
78513,91648,1,91648,1
78513,91648,1,91648,1
78513,91648,1,91648,1
78513,91648,1,91648,1
78513,91648,1,91648,1
78513,91648,1,91648,1
78513,91648,1,91648,1
78513,91648,1,91648,1
78513,91648,1,91648,1
78513,91648,1,91648,1
78513,91648,1,91648,1
78513,91648,1,91648,1
78513,91648,1,91648,1
78513,91648,1,91648,1
78513,91648,1,91648,1
78513,91648,1,91648,1
78513,91648,1,91648,1
78513,91648,1,91648,1
78513,91648,1,91648,1
78513,91648,1,91648,1
78513,91648,1,91648,1
78513,91648,1,91648,1
78513,91648,1,91648,1
78513,91648,1,91648,1
78513,91648,1,91648,1
78513,91648,1,91648,1
78513,91648,1,91648,1
78513,91648,1,91648,1
78513,91648,1,91648,1
78513,91648,1,91648,1
78513,91648,1,91648,1
78513,91648,1,91648,1
78513,91648,1,91648,1
78513,91648,1,91648,1
78513,91648,1,91648,1
78513,91648,1,91648,1
78513,91648,1,91648,1
78513,91648,1,91648,1
78513,91648,1,91648,1
78513,91648,1,91648,1
78513,91648,1,91648,1
78513,91648,1,91648,1
78513,91648,1,91648,1
78513,91648,1,91648,1
78513,91648,1,91648,1
78513,91648,1,91648,1
78513,91648,1,91648,1
78513,91648,1,91648,1
78513,91648,1,91648,1
78513,91648,1,91648,1
78513,91648,1,91648,1
78513,91648,1,91648,1
78513,91648,1,91648,1
78513,91648,1,91648,1
78513,91648,1,91648,1
78513,91648,1,91648,1
78513,91648,1,91648,1
78513,91648,1,91648,1
78513,91648,1,91648,1
78513,91648,1,91649,1
78513,91649,1,91649,1
78513,91649,1,91649,1
78513,91649,1,91649,1
78513,91649,1,91649,1
78513,91649,1,91649,1
78513,91649,1,91649,1
78513,91649,1,91649,1
78513,91649,1,91649,1
78513,91649,1,91649,1
78513,91649,1,91649,1
78513,91649,1,91649,1
78513,91649,1,91649,1
78513,91649,1,91649,1
78513,91649,1,91649,1
78513,91649,1,91649,1
78513,91649,1,91649,1
78513,91649,1,91649,1
78513,91649,1,91649,1
78513,91649,1,91649,1
78513,91649,1,91649,1
78513,91649,1,91649,1
78513,91649,1,91649,1
78513,91649,1,91649,1
78513,91649,1,91649,1
78513,91649,1,91649,1
78513,91649,1,91649,1
78513,91649,1,91649,1
78513,91649,1,91649,1
78513,91649,1,91649,1
78513,91649,1,91649,1
78513,91649,1,91649,1
78513,91649,1,91649,1
78513,91649,1,91649,1
78513,91649,1,91649,1
78513,91649,1,91649,1
78513,91649,1,91649,1
78513,91649,1,91649,1
78513,91649,1,91649,1
78513,91649,1,91649,1
78513,91649,1,91649,1
78513,91649,1,91649,1
78513,91649,1,91649,1
78513,91649,1,91649,1
78514,93221,1,93221,1
78514,93221,1,93221,1
78514,93221,1,93221,1
78514,93221,1,93221,1
78514,93221,1,93221,1
78514,93221,1,93221,1
78514,93221,1,93221,1
78514,93221,1,93221,1
78514,93221,1,93221,1
78514,93221,1,93221,1
78514,93221,1,93221,1
78514,93221,1,93221,1
78514,93221,1,93221,1
78514,93221,1,93221,1
78514,93221,1,93221,1
78514,93221,1,93221,1
78514,93221,1,93221,1
78514,93221,1,93221,1
78514,93221,1,93221,1
78514,93221,1,93221,1
78514,93221,1,93221,1
78514,93221,1,93221,1
78514,93221,1,93221,1
78514,93221,1,93221,1
78514,93221,1,93221,1
78514,93221,1,93221,1
78514,93221,1,93221,1
78514,93221,1,93221,1
78514,93221,1,93221,1
78514,93221,1,93221,1
78514,93221,1,93221,1
78514,93221,1,93221,1
78514,93221,1,93221,1
78514,93221,1,93221,1
78514,93221,1,93221,1
78514,93221,1,93221,1
78514,93221,1,93221,1
78514,93221,1,93221,1
78514,93221,1,93221,1
78514,93221,1,93221,1
78514,93221,1,93221,1
78514,93221,1,93221,1
78514,93221,1,93221,1
78514,93221,1,93221,1
78514,93221,1,93221,1
78514,93221,1,93240,1
78514,93240,1,93240,1
78514,93240,1,93240,1
78514,93240,1,93240,1
78514,93240,1,93240,1
78514,93240,1,93240,1
78514,93240,1,93240,1
78514,93240,1,93240,1
78514,93240,1,93240,1
78514,93240,1,93240,1
78514,93240,1,93240,1
78514,93240,1,93240,1
78514,93240,1,93240,1
78514,93240,1,93240,1
78514,93240,1,93240,1
78514,93240,1,93240,1
78514,93240,1,93240,1
78514,93240,1,93240,1
78514,93240,1,93240,1
78514,93240,1,93240,1
78514,93240,1,93240,1
78514,93240,1,93240,1
78514,93240,1,93240,1
78514,93240,1,93240,1
78514,93240,1,93240,1
78514,93240,1,93240,1
78514,93240,1,93240,1
78514,93240,1,93240,1
78514,93240,1,93240,1
78514,93240,1,93240,1
78514,93240,1,93240,1
78514,93240,1,93240,1
78514,93240,1,93240,1
78514,93240,1,93240,1
78514,93240,1,93240,1
78514,93240,1,93240,1
78514,93240,1,93240,1
78514,93240,1,93240,1
78514,93240,1,93240,1
78514,93240,1,93240,1
78514,93240,1,93240,1
78514,93240,1,93240,1
78514,93240,1,93240,1
78514,93240,1,93240,1
78514,93240,1,93240,1
78514,93240,1,93240,1
78514,93240,1,93207,1
78514,93207,1,93207,1
78514,93207,1,93207,1
78514,93207,1,93207,1
78514,93207,1,93207,1
78514,93207,1,93207,1
78514,93207,1,93207,1
78514,93207,1,93207,1
78514,93207,1,93207,1
78514,93207,1,93207,1
78514,93207,1,93207,1
78514,93207,1,93207,1
78514,93207,1,93207,1
78514,93207,1,93207,1
78514,93207,1,93207,1
78514,93207,1,93207,1
78514,93207,1,93207,1
78514,93207,1,93207,1
78514,93207,1,93207,1
78514,93207,1,93207,1
78514,93207,1,93207,1
78514,93207,1,93207,1
78514,93207,1,93207,1
78514,93207,1,93207,1
78514,93207,1,93207,1
78514,93207,1,93207,1
78514,93207,1,93207,1
78514,93207,1,93207,1
78514,93207,1,93207,1
78514,93207,1,93207,1
78514,93207,1,93207,1
78514,93207,1,93207,1
78514,93207,1,93207,1
78514,93207,1,93207,1
78514,93207,1,93207,1
78514,93207,1,93207,1
78514,93207,1,93207,1
78514,93207,1,93207,1
78514,93207,1,93207,1
78514,93207,1,93207,1
78514,93207,1,93207,1
78514,93207,1,93207,1
78514,93207,1,93207,1
78514,93207,1,84703,1
78514,84703,1,84703,1
78514,84703,1,84703,1
78514,84703,1,84703,1
78514,84703,1,84703,1
78514,84703,1,84703,1
78514,84703,1,84703,1
78514,84703,1,84703,1
78514,84703,1,84703,1
78514,84703,1,84703,1
78514,84703,1,84703,1
78514,84703,1,84703,1
78514,84703,1,84703,1
78514,84703,1,84703,1
78514,84703,1,84703,1
78514,84703,1,84703,1
78514,84703,1,84703,1
78514,84703,1,84703,1
78514,84703,1,84703,1
78514,84703,1,84703,1
78514,84703,1,84703,1
78514,84703,1,84703,1
78514,84703,1,84703,1
78514,84703,1,84703,1
78514,84703,1,84703,1
78514,84703,1,84703,1
78514,84703,1,84703,1
78514,84703,1,84703,1
78514,84703,1,84703,1
78514,84703,1,84703,1
78514,84703,1,84703,1
78514,84703,1,84703,1
78514,84703,1,84703,1
78514,84703,1,84703,1
78514,84703,1,84703,1
78514,84703,1,84703,1
78514,84703,1,84703,1
78514,84703,1,84703,1
78514,84703,1,84703,1
78514,84703,1,84703,1
78514,84703,1,84703,1
78514,84703,1,84703,1
78514,84703,1,84703,1
78514,84703,1,84703,1
78514,84703,1,84703,1
78514,84703,1,84703,1
78514,84703,1,85663,0
78514,85663,0,85663,0
78514,85663,0,85663,0
78514,85663,0,85663,0
78514,85663,0,85663,0
78514,85663,0,85663,0
78514,85663,0,85663,0
78514,85663,0,85663,0
78514,85663,0,85663,0
78514,85663,0,85663,0
78514,85663,0,85663,0
78514,85663,0,85663,0
78514,85663,0,85663,0
78514,85663,0,85663,0
78514,85663,0,85663,0
78514,85663,0,85663,0
78514,85663,0,85663,0
78514,85663,0,85663,0
78514,85663,0,85663,0
78514,85663,0,85663,0
78514,85663,0,85663,0
78514,85663,0,85663,0
78514,85663,0,85663,0
78514,85663,0,85663,0
78514,85663,0,85663,0
78514,85663,0,85663,0
78514,85663,0,85663,0
78514,85663,0,85663,0
78514,85663,0,85663,0
78514,85663,0,85663,0
78514,85663,0,85663,0
78514,85663,0,85663,0
78514,85663,0,85663,0
78514,85663,0,85663,0
78514,85663,0,85663,0
78514,85663,0,85663,0
78514,85663,0,85663,0
78514,85663,0,85663,0
78514,85663,0,85663,0
78514,85663,0,85663,0
78514,85663,0,85663,0
78514,85663,0,85663,0
78514,85663,0,85663,0
78514,85663,0,85663,0
78514,85663,0,85663,0
78514,85663,0,85663,0
78514,85663,0,85660,0
78514,85660,0,85660,0
78514,85660,0,85660,0
78514,85660,0,85660,0
78514,85660,0,85660,0
78514,85660,0,85660,0
78514,85660,0,85660,0
78514,85660,0,85660,0
78514,85660,0,85660,0
78514,85660,0,85660,0
78514,85660,0,85660,0
78514,85660,0,85660,0
78514,85660,0,85660,0
78514,85660,0,85660,0
78514,85660,0,85660,0
78514,85660,0,85660,0
78514,85660,0,85660,0
78514,85660,0,85660,0
78514,85660,0,85660,0
78514,85660,0,85660,0
78514,85660,0,85660,0
78514,85660,0,85660,0
78514,85660,0,85660,0
78514,85660,0,85660,0
78514,85660,0,85660,0
78514,85660,0,85660,0
78514,85660,0,85660,0
78514,85660,0,85660,0
78514,85660,0,85660,0
78514,85660,0,85660,0
78514,85660,0,85660,0
78514,85660,0,85660,0
78514,85660,0,85660,0
78514,85660,0,85660,0
78514,85660,0,85660,0
78514,85660,0,85660,0
78514,85660,0,85660,0
78514,85660,0,85660,0
78514,85660,0,85660,0
78514,85660,0,85660,0
78514,85660,0,85660,0
78514,85660,0,85660,0
78514,85660,0,85660,0
78514,85660,0,85660,0
78514,85660,0,85660,0
78514,85660,0,85660,0
78514,85660,0,84619,1
78514,84619,1,84619,1
78514,84619,1,84619,1
78514,84619,1,84619,1
78514,84619,1,84619,1
78514,84619,1,84619,1
78514,84619,1,84619,1
78514,84619,1,84619,1
78514,84619,1,84619,1
78514,84619,1,84619,1
78514,84619,1,84619,1
78514,84619,1,84619,1
78514,84619,1,84619,1
78514,84619,1,84619,1
78514,84619,1,84619,1
78514,84619,1,84619,1
78514,84619,1,84619,1
78514,84619,1,84619,1
78514,84619,1,84619,1
78514,84619,1,84619,1
78514,84619,1,84619,1
78514,84619,1,84619,1
78514,84619,1,84619,1
78514,84619,1,84619,1
78514,84619,1,84619,1
78514,84619,1,84619,1
78514,84619,1,84619,1
78514,84619,1,84619,1
78514,84619,1,84619,1
78514,84619,1,84619,1
78514,84619,1,84619,1
78514,84619,1,84619,1
78514,84619,1,84619,1
78514,84619,1,84619,1
78514,84619,1,84619,1
78514,84619,1,84619,1
78514,84619,1,84619,1
78514,84619,1,84619,1
78514,84619,1,84619,1
78514,84619,1,84619,1
78514,84619,1,84619,1
78514,84619,1,84619,1
78514,84619,1,84619,1
78514,84619,1,84619,1
78514,84619,1,84619,1
78514,84619,1,84619,1
78514,84619,1,85666,1
78514,85666,1,85666,1
78514,85666,1,85666,1
78514,85666,1,85666,1
78514,85666,1,85666,1
78514,85666,1,85666,1
78514,85666,1,85666,1
78514,85666,1,85666,1
78514,85666,1,85666,1
78514,85666,1,85666,1
78514,85666,1,85666,1
78514,85666,1,85666,1
78514,85666,1,85666,1
78514,85666,1,85666,1
78514,85666,1,85666,1
78514,85666,1,85666,1
78514,85666,1,85666,1
78514,85666,1,85666,1
78514,85666,1,85666,1
78514,85666,1,85666,1
78514,85666,1,85666,1
78514,85666,1,85666,1
78514,85666,1,85666,1
78514,85666,1,85666,1
78514,85666,1,85666,1
78514,85666,1,85666,1
78514,85666,1,85666,1
78514,85666,1,85666,1
78514,85666,1,85666,1
78514,85666,1,85666,1
78514,85666,1,85666,1
78514,85666,1,85666,1
78514,85666,1,85666,1
78514,85666,1,85666,1
78514,85666,1,85666,1
78514,85666,1,85666,1
78514,85666,1,85666,1
78514,85666,1,85666,1
78514,85666,1,85666,1
78514,85666,1,85666,1
78514,85666,1,85666,1
78514,85666,1,85666,1
78514,85666,1,85666,1
78514,85666,1,85666,1
78514,85666,1,85666,1
78514,85666,1,85666,1
78514,85666,1,85668,0
78514,85668,0,85668,0
78514,85668,0,85668,0
78514,85668,0,85668,0
78514,85668,0,85668,0
78514,85668,0,85668,0
78514,85668,0,85668,0
78514,85668,0,85668,0
78514,85668,0,85668,0
78514,85668,0,85668,0
78514,85668,0,85668,0
78514,85668,0,85668,0
78514,85668,0,85668,0
78514,85668,0,85668,0
78514,85668,0,85668,0
78514,85668,0,85668,0
78514,85668,0,85668,0
78514,85668,0,85668,0
78514,85668,0,85668,0
78514,85668,0,85668,0
78514,85668,0,85668,0
78514,85668,0,85668,0
78514,85668,0,85668,0
78514,85668,0,85668,0
78514,85668,0,85668,0
78514,85668,0,85668,0
78514,85668,0,85668,0
78514,85668,0,85668,0
78514,85668,0,85668,0
78514,85668,0,85668,0
78514,85668,0,85668,0
78514,85668,0,85668,0
78514,85668,0,85668,0
78514,85668,0,85668,0
78514,85668,0,85668,0
78514,85668,0,85668,0
78514,85668,0,85668,0
78514,85668,0,85668,0
78514,85668,0,85668,0
78514,85668,0,85668,0
78514,85668,0,85668,0
78514,85668,0,85668,0
78514,85668,0,85668,0
78514,85668,0,85668,0
78514,85668,0,85668,0
78514,85668,0,85668,0
78514,85668,0,85093,1
78514,85093,1,85093,1
78514,85093,1,85093,1
78514,85093,1,85093,1
78514,85093,1,85093,1
78514,85093,1,85093,1
78514,85093,1,85093,1
78514,85093,1,85093,1
78514,85093,1,85093,1
78514,85093,1,85093,1
78514,85093,1,85093,1
78514,85093,1,85093,1
78514,85093,1,85093,1
78514,85093,1,85093,1
78514,85093,1,85093,1
78514,85093,1,85093,1
78514,85093,1,85093,1
78514,85093,1,85093,1
78514,85093,1,85093,1
78514,85093,1,85093,1
78514,85093,1,85093,1
78514,85093,1,85093,1
78514,85093,1,85093,1
78514,85093,1,85093,1
78514,85093,1,85093,1
78514,85093,1,85093,1
78514,85093,1,85093,1
78514,85093,1,85093,1
78514,85093,1,85093,1
78514,85093,1,85093,1
78514,85093,1,85093,1
78514,85093,1,85093,1
78514,85093,1,85093,1
78514,85093,1,85093,1
78514,85093,1,85093,1
78514,85093,1,85093,1
78514,85093,1,85093,1
78514,85093,1,85093,1
78514,85093,1,85093,1
78514,85093,1,85093,1
78514,85093,1,85093,1
78514,85093,1,85093,1
78514,85093,1,85093,1
78514,85093,1,85093,1
78514,85093,1,85093,1
78514,85093,1,85093,1
78514,85093,1,86124,0
78514,86124,0,86124,0
78514,86124,0,86124,0
78514,86124,0,86124,0
78514,86124,0,86124,0
78514,86124,0,86124,0
78514,86124,0,86124,0
78514,86124,0,86124,0
78514,86124,0,86124,0
78514,86124,0,86124,0
78514,86124,0,86124,0
78514,86124,0,86124,0
78514,86124,0,86124,0
78514,86124,0,86124,0
78514,86124,0,86124,0
78514,86124,0,86124,0
78514,86124,0,86124,0
78514,86124,0,86124,0
78514,86124,0,86124,0
78514,86124,0,86124,0
78514,86124,0,86124,0
78514,86124,0,86124,0
78514,86124,0,86124,0
78514,86124,0,86124,0
78514,86124,0,86124,0
78514,86124,0,86124,0
78514,86124,0,86124,0
78514,86124,0,86124,0
78514,86124,0,86124,0
78514,86124,0,86124,0
78514,86124,0,86124,0
78514,86124,0,86124,0
78514,86124,0,86124,0
78514,86124,0,86124,0
78514,86124,0,86124,0
78514,86124,0,86124,0
78514,86124,0,86124,0
78514,86124,0,86124,0
78514,86124,0,86124,0
78514,86124,0,86124,0
78514,86124,0,86124,0
78514,86124,0,86124,0
78514,86124,0,86124,0
78514,86124,0,86124,0
78514,86124,0,86124,0
78514,86124,0,86124,0
78514,86124,0,84624,1
78514,84624,1,84624,1
78514,84624,1,84624,1
78514,84624,1,84624,1
78514,84624,1,84624,1
78514,84624,1,84624,1
78514,84624,1,84624,1
78514,84624,1,84624,1
78514,84624,1,84624,1
78514,84624,1,84624,1
78514,84624,1,84624,1
78514,84624,1,84624,1
78514,84624,1,84624,1
78514,84624,1,84624,1
78514,84624,1,84624,1
78514,84624,1,84624,1
78514,84624,1,84624,1
78514,84624,1,84624,1
78514,84624,1,84624,1
78514,84624,1,84624,1
78514,84624,1,84624,1
78514,84624,1,84624,1
78514,84624,1,84624,1
78514,84624,1,84624,1
78514,84624,1,84624,1
78514,84624,1,84624,1
78514,84624,1,84624,1
78514,84624,1,84624,1
78514,84624,1,84624,1
78514,84624,1,84624,1
78514,84624,1,84624,1
78514,84624,1,84624,1
78514,84624,1,84624,1
78514,84624,1,84624,1
78514,84624,1,84624,1
78514,84624,1,84624,1
78514,84624,1,84624,1
78514,84624,1,84624,1
78514,84624,1,84624,1
78514,84624,1,84624,1
78514,84624,1,84624,1
78514,84624,1,84624,1
78514,84624,1,84624,1
78514,84624,1,84624,1
78514,84624,1,84624,1
78514,84624,1,84624,1
78514,84624,1,85091,1
78514,85091,1,85091,1
78514,85091,1,85091,1
78514,85091,1,85091,1
78514,85091,1,85091,1
78514,85091,1,85091,1
78514,85091,1,85091,1
78514,85091,1,85091,1
78514,85091,1,85091,1
78514,85091,1,85091,1
78514,85091,1,85091,1
78514,85091,1,85091,1
78514,85091,1,85091,1
78514,85091,1,85091,1
78514,85091,1,85091,1
78514,85091,1,85091,1
78514,85091,1,85091,1
78514,85091,1,85091,1
78514,85091,1,85091,1
78514,85091,1,85091,1
78514,85091,1,85091,1
78514,85091,1,85091,1
78514,85091,1,85091,1
78514,85091,1,85091,1
78514,85091,1,85091,1
78514,85091,1,85091,1
78514,85091,1,85091,1
78514,85091,1,85091,1
78514,85091,1,85091,1
78514,85091,1,85091,1
78514,85091,1,85091,1
78514,85091,1,85091,1
78514,85091,1,85091,1
78514,85091,1,85091,1
78514,85091,1,85091,1
78514,85091,1,85091,1
78514,85091,1,85091,1
78514,85091,1,85091,1
78514,85091,1,85091,1
78514,85091,1,85091,1
78514,85091,1,85091,1
78514,85091,1,85091,1
78514,85091,1,85091,1
78514,85091,1,85091,1
78514,85091,1,85091,1
78514,85091,1,85091,1
78514,85091,1,85685,1
78514,85685,1,85685,1
78514,85685,1,85685,1
78514,85685,1,85685,1
78514,85685,1,85685,1
78514,85685,1,85685,1
78514,85685,1,85685,1
78514,85685,1,85685,1
78514,85685,1,85685,1
78514,85685,1,85685,1
78514,85685,1,85685,1
78514,85685,1,85685,1
78514,85685,1,85685,1
78514,85685,1,85685,1
78514,85685,1,85685,1
78514,85685,1,85685,1
78514,85685,1,85685,1
78514,85685,1,85685,1
78514,85685,1,85685,1
78514,85685,1,85685,1
78514,85685,1,85685,1
78514,85685,1,85685,1
78514,85685,1,85685,1
78514,85685,1,85685,1
78514,85685,1,85685,1
78514,85685,1,85685,1
78514,85685,1,85685,1
78514,85685,1,85685,1
78514,85685,1,85685,1
78514,85685,1,85685,1
78514,85685,1,85685,1
78514,85685,1,85685,1
78514,85685,1,85685,1
78514,85685,1,85685,1
78514,85685,1,85685,1
78514,85685,1,85685,1
78514,85685,1,85685,1
78514,85685,1,85685,1
78514,85685,1,85685,1
78514,85685,1,85685,1
78514,85685,1,85685,1
78514,85685,1,85685,1
78514,85685,1,85685,1
78514,85685,1,89300,1
78514,89300,1,89300,1
78514,89300,1,89300,1
78514,89300,1,89300,1
78514,89300,1,89300,1
78514,89300,1,89300,1
78514,89300,1,89300,1
78514,89300,1,89300,1
78514,89300,1,89300,1
78514,89300,1,89300,1
78514,89300,1,89300,1
78514,89300,1,89300,1
78514,89300,1,89300,1
78514,89300,1,89300,1
78514,89300,1,89300,1
78514,89300,1,89300,1
78514,89300,1,89300,1
78514,89300,1,89300,1
78514,89300,1,89300,1
78514,89300,1,89300,1
78514,89300,1,89300,1
78514,89300,1,89300,1
78514,89300,1,89300,1
78514,89300,1,89300,1
78514,89300,1,89300,1
78514,89300,1,89300,1
78514,89300,1,89300,1
78514,89300,1,89300,1
78514,89300,1,89300,1
78514,89300,1,89300,1
78514,89300,1,89300,1
78514,89300,1,89300,1
78514,89300,1,89300,1
78514,89300,1,89300,1
78514,89300,1,89300,1
78514,89300,1,89300,1
78514,89300,1,89300,1
78514,89300,1,89300,1
78514,89300,1,89300,1
78514,89300,1,89300,1
78514,89300,1,89300,1
78514,89300,1,89300,1
78514,89300,1,89300,1
78514,89300,1,89300,1
78514,89300,1,89300,1
78514,89300,1,89300,1
78514,89300,1,89300,1
78514,89300,1,89300,1
78514,89300,1,89300,1
78514,89300,1,89300,1
78514,89300,1,89300,1
78514,89300,1,89300,1
78514,89300,1,89300,1
78514,89300,1,89300,1
78514,89300,1,89300,1
78514,89300,1,89300,1
78514,89300,1,89300,1
78514,89300,1,89300,1
78514,89300,1,89300,1
78514,89300,1,89300,1
78514,89300,1,89300,1
78514,89300,1,89300,1
78514,89300,1,89300,1
78514,89300,1,89300,1
78514,89300,1,89300,1
78514,89300,1,89300,1
78514,89300,1,89300,1
78514,89300,1,89300,1
78514,89300,1,89300,1
78514,89300,1,89300,1
78514,89300,1,89300,1
78514,89300,1,89300,1
78514,89300,1,89300,1
78514,89300,1,89300,1
78514,89300,1,89300,1
78514,89300,1,89300,1
78514,89300,1,89300,1
78514,89300,1,89300,1
78514,89300,1,89300,1
78514,89300,1,89300,1
78514,89300,1,89300,1
78514,89300,1,89300,1
78514,89300,1,89300,1
78514,89300,1,89300,1
78514,89300,1,89300,1
78514,89300,1,89300,1
78514,89300,1,89300,1
78514,89300,1,89300,1
78514,89300,1,89300,1
78514,89300,1,89300,1
78514,89300,1,89300,1
78514,89300,1,89300,1
78514,89300,1,89300,1
78514,89300,1,89300,1
78514,89300,1,89300,1
78514,89300,1,89300,1
78514,89300,1,89300,1
78514,89300,1,91356,1
78514,91356,1,91356,1
78514,91356,1,91356,1
78514,91356,1,91356,1
78514,91356,1,91356,1
78514,91356,1,91356,1
78514,91356,1,91356,1
78514,91356,1,91356,1
78514,91356,1,91356,1
78514,91356,1,91356,1
78514,91356,1,91356,1
78514,91356,1,91356,1
78514,91356,1,91356,1
78514,91356,1,91356,1
78514,91356,1,91356,1
78514,91356,1,91356,1
78514,91356,1,91356,1
78514,91356,1,91356,1
78514,91356,1,91356,1
78514,91356,1,91356,1
78514,91356,1,91356,1
78514,91356,1,91356,1
78514,91356,1,91356,1
78514,91356,1,91356,1
78514,91356,1,91356,1
78514,91356,1,91356,1
78514,91356,1,91356,1
78514,91356,1,91356,1
78514,91356,1,91356,1
78514,91356,1,91356,1
78514,91356,1,91356,1
78514,91356,1,91356,1
78514,91356,1,91356,1
78514,91356,1,91356,1
78514,91356,1,91356,1
78514,91356,1,91356,1
78514,91356,1,91356,1
78514,91356,1,91356,1
78514,91356,1,91356,1
78514,91356,1,91356,1
78514,91356,1,91356,1
78514,91356,1,91356,1
78514,91356,1,91356,1
78514,91356,1,91356,1
78514,91356,1,91356,1
78514,91356,1,91356,1
78514,91356,1,91356,1
78514,91356,1,89278,1
78514,89278,1,89278,1
78514,89278,1,89278,1
78514,89278,1,89278,1
78514,89278,1,89278,1
78514,89278,1,89278,1
78514,89278,1,89278,1
78514,89278,1,89278,1
78514,89278,1,89278,1
78514,89278,1,89278,1
78514,89278,1,89278,1
78514,89278,1,89278,1
78514,89278,1,89278,1
78514,89278,1,89278,1
78514,89278,1,89278,1
78514,89278,1,89278,1
78514,89278,1,89278,1
78514,89278,1,89278,1
78514,89278,1,89278,1
78514,89278,1,89278,1
78514,89278,1,89278,1
78514,89278,1,89278,1
78514,89278,1,89278,1
78514,89278,1,89278,1
78514,89278,1,89278,1
78514,89278,1,89278,1
78514,89278,1,89278,1
78514,89278,1,89278,1
78514,89278,1,89278,1
78514,89278,1,89278,1
78514,89278,1,89278,1
78514,89278,1,89278,1
78514,89278,1,89278,1
78514,89278,1,89278,1
78514,89278,1,89278,1
78514,89278,1,89278,1
78514,89278,1,89278,1
78514,89278,1,89278,1
78514,89278,1,89278,1
78514,89278,1,89278,1
78514,89278,1,89278,1
78514,89278,1,89278,1
78514,89278,1,89278,1
78514,89278,1,89278,1
78514,89278,1,89278,1
78514,89278,1,89278,1
78514,89278,1,89278,1
78514,89278,1,89278,1
78514,89278,1,89278,1
78514,89278,1,89278,1
78514,89278,1,89278,1
78514,89278,1,89278,1
78514,89278,1,89278,1
78514,89278,1,89278,1
78514,89278,1,89278,1
78514,89278,1,89278,1
78514,89278,1,89278,1
78514,89278,1,89278,1
78514,89278,1,89278,1
78514,89278,1,89278,1
78514,89278,1,89278,1
78514,89278,1,89278,1
78514,89278,1,89278,1
78514,89278,1,89278,1
78514,89278,1,89278,1
78514,89278,1,89278,1
78514,89278,1,89278,1
78514,89278,1,89278,1
78514,89278,1,89278,1
78514,89278,1,89278,1
78514,89278,1,89278,1
78514,89278,1,89278,1
78514,89278,1,89278,1
78514,89278,1,89278,1
78514,89278,1,89278,1
78514,89278,1,89278,1
78514,89278,1,89278,1
78514,89278,1,89278,1
78514,89278,1,89278,1
78514,89278,1,89278,1
78514,89278,1,89278,1
78514,89278,1,89278,1
78514,89278,1,89278,1
78514,89278,1,89278,1
78514,89278,1,89278,1
78514,89278,1,89278,1
78514,89278,1,89278,1
78514,89278,1,89278,1
78514,89278,1,89278,1
78514,89278,1,89278,1
78514,89278,1,89278,1
78514,89278,1,89278,1
78514,89278,1,89278,1
78514,89278,1,89278,1
78514,89278,1,89278,1
78514,89278,1,89278,1
78514,89278,1,89278,1
78514,89278,1,89272,1
78514,89272,1,89272,1
78514,89272,1,89272,1
78514,89272,1,89272,1
78514,89272,1,89272,1
78514,89272,1,89272,1
78514,89272,1,89272,1
78514,89272,1,89272,1
78514,89272,1,89272,1
78514,89272,1,89272,1
78514,89272,1,89272,1
78514,89272,1,89272,1
78514,89272,1,89272,1
78514,89272,1,89272,1
78514,89272,1,89272,1
78514,89272,1,89272,1
78514,89272,1,89272,1
78514,89272,1,89272,1
78514,89272,1,89272,1
78514,89272,1,89272,1
78514,89272,1,89272,1
78514,89272,1,89272,1
78514,89272,1,89272,1
78514,89272,1,89272,1
78514,89272,1,89272,1
78514,89272,1,89272,1
78514,89272,1,89272,1
78514,89272,1,89272,1
78514,89272,1,89272,1
78514,89272,1,89272,1
78514,89272,1,89272,1
78514,89272,1,89272,1
78514,89272,1,89272,1
78514,89272,1,89272,1
78514,89272,1,89272,1
78514,89272,1,89272,1
78514,89272,1,89272,1
78514,89272,1,89272,1
78514,89272,1,89272,1
78514,89272,1,89272,1
78514,89272,1,89272,1
78514,89272,1,89272,1
78514,89272,1,89272,1
78514,89272,1,89272,1
78514,89272,1,89272,1
78514,89272,1,89272,1
78514,89272,1,89272,1
78514,89272,1,91647,0
78514,91647,0,91647,0
78514,91647,0,91647,0
78514,91647,0,91647,0
78514,91647,0,91647,0
78514,91647,0,91647,0
78514,91647,0,91647,0
78514,91647,0,91647,0
78514,91647,0,91647,0
78514,91647,0,91647,0
78514,91647,0,91647,0
78514,91647,0,91647,0
78514,91647,0,91647,0
78514,91647,0,91647,0
78514,91647,0,91647,0
78514,91647,0,91647,0
78514,91647,0,91647,0
78514,91647,0,91647,0
78514,91647,0,91647,0
78514,91647,0,91647,0
78514,91647,0,91647,0
78514,91647,0,91647,0
78514,91647,0,91647,0
78514,91647,0,91647,0
78514,91647,0,91647,0
78514,91647,0,91647,0
78514,91647,0,91647,0
78514,91647,0,91647,0
78514,91647,0,91647,0
78514,91647,0,91647,0
78514,91647,0,91647,0
78514,91647,0,91647,0
78514,91647,0,91647,0
78514,91647,0,91647,0
78514,91647,0,91647,0
78514,91647,0,91647,0
78514,91647,0,91647,0
78514,91647,0,91647,0
78514,91647,0,91647,0
78514,91647,0,91647,0
78514,91647,0,91647,0
78514,91647,0,91647,0
78514,91647,0,91647,0
78514,91647,0,91647,0
78514,91647,0,91647,0
78514,91647,0,91647,0
78514,91647,0,89776,1
78514,89776,1,89776,1
78514,89776,1,89776,1
78514,89776,1,89776,1
78514,89776,1,89776,1
78514,89776,1,89776,1
78514,89776,1,89776,1
78514,89776,1,89776,1
78514,89776,1,89776,1
78514,89776,1,89776,1
78514,89776,1,89776,1
78514,89776,1,89776,1
78514,89776,1,89776,1
78514,89776,1,89776,1
78514,89776,1,89776,1
78514,89776,1,89776,1
78514,89776,1,89776,1
78514,89776,1,89776,1
78514,89776,1,89776,1
78514,89776,1,89776,1
78514,89776,1,89776,1
78514,89776,1,89776,1
78514,89776,1,89776,1
78514,89776,1,89776,1
78514,89776,1,89776,1
78514,89776,1,89776,1
78514,89776,1,89776,1
78514,89776,1,89776,1
78514,89776,1,89776,1
78514,89776,1,89776,1
78514,89776,1,89776,1
78514,89776,1,89776,1
78514,89776,1,89776,1
78514,89776,1,89776,1
78514,89776,1,89776,1
78514,89776,1,89776,1
78514,89776,1,89776,1
78514,89776,1,89776,1
78514,89776,1,89776,1
78514,89776,1,89776,1
78514,89776,1,89776,1
78514,89776,1,89776,1
78514,89776,1,89776,1
78514,89776,1,89776,1
78514,89776,1,89776,1
78514,89776,1,89776,1
78514,89776,1,89815,1
78514,89815,1,89815,1
78514,89815,1,89815,1
78514,89815,1,89815,1
78514,89815,1,89815,1
78514,89815,1,89815,1
78514,89815,1,89815,1
78514,89815,1,89815,1
78514,89815,1,89815,1
78514,89815,1,89815,1
78514,89815,1,89815,1
78514,89815,1,89815,1
78514,89815,1,89815,1
78514,89815,1,89815,1
78514,89815,1,89815,1
78514,89815,1,89815,1
78514,89815,1,89815,1
78514,89815,1,89815,1
78514,89815,1,89815,1
78514,89815,1,89815,1
78514,89815,1,89815,1
78514,89815,1,89815,1
78514,89815,1,89815,1
78514,89815,1,89815,1
78514,89815,1,89815,1
78514,89815,1,89815,1
78514,89815,1,89815,1
78514,89815,1,89815,1
78514,89815,1,89815,1
78514,89815,1,89815,1
78514,89815,1,89815,1
78514,89815,1,89815,1
78514,89815,1,89815,1
78514,89815,1,89815,1
78514,89815,1,89815,1
78514,89815,1,89815,1
78514,89815,1,89815,1
78514,89815,1,89815,1
78514,89815,1,89815,1
78514,89815,1,89815,1
78514,89815,1,89815,1
78514,89815,1,89815,1
78514,89815,1,89815,1
78514,89815,1,89815,1
78514,89815,1,89815,1
78514,89815,1,89815,1
78514,89815,1,89815,1
78514,89815,1,89815,1
78514,89815,1,89815,1
78514,89815,1,89815,1
78514,89815,1,89815,1
78514,89815,1,89815,1
78514,89815,1,89815,1
78514,89815,1,89815,1
78514,89815,1,89815,1
78514,89815,1,89815,1
78514,89815,1,89815,1
78514,89815,1,89815,1
78514,89815,1,89815,1
78514,89815,1,89815,1
78514,89815,1,89815,1
78514,89815,1,89815,1
78514,89815,1,89815,1
78514,89815,1,89815,1
78514,89815,1,89815,1
78514,89815,1,89815,1
78514,89815,1,89815,1
78514,89815,1,89815,1
78514,89815,1,89815,1
78514,89815,1,89815,1
78514,89815,1,89815,1
78514,89815,1,89815,1
78514,89815,1,89815,1
78514,89815,1,89815,1
78514,89815,1,89815,1
78514,89815,1,89815,1
78514,89815,1,89815,1
78514,89815,1,89815,1
78514,89815,1,89815,1
78514,89815,1,89815,1
78514,89815,1,89815,1
78514,89815,1,89815,1
78514,89815,1,89815,1
78514,89815,1,89815,1
78514,89815,1,89815,1
78514,89815,1,89815,1
78514,89815,1,89815,1
78514,89815,1,89815,1
78514,89815,1,89815,1
78514,89815,1,89815,1
78514,89815,1,89815,1
78514,89815,1,89815,1
78514,89815,1,89815,1
78514,89815,1,89845,1
78514,89845,1,89845,1
78514,89845,1,89845,1
78514,89845,1,89845,1
78514,89845,1,89845,1
78514,89845,1,89845,1
78514,89845,1,89845,1
78514,89845,1,89845,1
78514,89845,1,89845,1
78514,89845,1,89845,1
78514,89845,1,89845,1
78514,89845,1,89845,1
78514,89845,1,89845,1
78514,89845,1,89845,1
78514,89845,1,89845,1
78514,89845,1,89845,1
78514,89845,1,89845,1
78514,89845,1,89845,1
78514,89845,1,89845,1
78514,89845,1,89845,1
78514,89845,1,89845,1
78514,89845,1,89845,1
78514,89845,1,89845,1
78514,89845,1,89845,1
78514,89845,1,89845,1
78514,89845,1,89845,1
78514,89845,1,89845,1
78514,89845,1,89845,1
78514,89845,1,89845,1
78514,89845,1,89845,1
78514,89845,1,89845,1
78514,89845,1,89845,1
78514,89845,1,89845,1
78514,89845,1,89845,1
78514,89845,1,89845,1
78514,89845,1,89845,1
78514,89845,1,89845,1
78514,89845,1,89845,1
78514,89845,1,89845,1
78514,89845,1,89845,1
78514,89845,1,89845,1
78514,89845,1,89845,1
78514,89845,1,89845,1
78514,89845,1,89845,1
78514,89845,1,89845,1
78514,89845,1,89845,1
78514,89845,1,89845,1
78514,89845,1,89845,1
78514,89845,1,89845,1
78514,89845,1,89845,1
78514,89845,1,89845,1
78514,89845,1,89845,1
78514,89845,1,89845,1
78514,89845,1,89845,1
78514,89845,1,89845,1
78514,89845,1,89845,1
78514,89845,1,89845,1
78514,89845,1,89845,1
78514,89845,1,89845,1
78514,89845,1,89845,1
78514,89845,1,89845,1
78514,89845,1,89845,1
78514,89845,1,89845,1
78514,89845,1,89845,1
78514,89845,1,89845,1
78514,89845,1,89845,1
78514,89845,1,89845,1
78514,89845,1,89845,1
78514,89845,1,89845,1
78514,89845,1,89845,1
78514,89845,1,89845,1
78514,89845,1,89845,1
78514,89845,1,89845,1
78514,89845,1,89845,1
78514,89845,1,89845,1
78514,89845,1,89845,1
78514,89845,1,89845,1
78514,89845,1,89845,1
78514,89845,1,89845,1
78514,89845,1,89845,1
78514,89845,1,89845,1
78514,89845,1,89845,1
78514,89845,1,89845,1
78514,89845,1,89845,1
78514,89845,1,89845,1
78514,89845,1,89845,1
78514,89845,1,89845,1
78514,89845,1,89845,1
78514,89845,1,89845,1
78514,89845,1,89845,1
78514,89845,1,89845,1
78514,89845,1,89845,1
78514,89845,1,89845,1
78514,89845,1,89833,1
78514,89833,1,89833,1
78514,89833,1,89833,1
78514,89833,1,89833,1
78514,89833,1,89833,1
78514,89833,1,89833,1
78514,89833,1,89833,1
78514,89833,1,89833,1
78514,89833,1,89833,1
78514,89833,1,89833,1
78514,89833,1,89833,1
78514,89833,1,89833,1
78514,89833,1,89833,1
78514,89833,1,89833,1
78514,89833,1,89833,1
78514,89833,1,89833,1
78514,89833,1,89833,1
78514,89833,1,89833,1
78514,89833,1,89833,1
78514,89833,1,89833,1
78514,89833,1,89833,1
78514,89833,1,89833,1
78514,89833,1,89833,1
78514,89833,1,89833,1
78514,89833,1,89833,1
78514,89833,1,89833,1
78514,89833,1,89833,1
78514,89833,1,89833,1
78514,89833,1,89833,1
78514,89833,1,89833,1
78514,89833,1,89833,1
78514,89833,1,89833,1
78514,89833,1,89833,1
78514,89833,1,89833,1
78514,89833,1,89833,1
78514,89833,1,89833,1
78514,89833,1,89833,1
78514,89833,1,89833,1
78514,89833,1,89833,1
78514,89833,1,89833,1
78514,89833,1,89833,1
78514,89833,1,89833,1
78514,89833,1,89833,1
78514,89833,1,89833,1
78514,89833,1,89833,1
78514,89833,1,89833,1
78514,89833,1,89809,1
78514,89809,1,89809,1
78514,89809,1,89809,1
78514,89809,1,89809,1
78514,89809,1,89809,1
78514,89809,1,89809,1
78514,89809,1,89809,1
78514,89809,1,89809,1
78514,89809,1,89809,1
78514,89809,1,89809,1
78514,89809,1,89809,1
78514,89809,1,89809,1
78514,89809,1,89809,1
78514,89809,1,89809,1
78514,89809,1,89809,1
78514,89809,1,89809,1
78514,89809,1,89809,1
78514,89809,1,89809,1
78514,89809,1,89809,1
78514,89809,1,89809,1
78514,89809,1,89809,1
78514,89809,1,89809,1
78514,89809,1,89809,1
78514,89809,1,89809,1
78514,89809,1,89809,1
78514,89809,1,89809,1
78514,89809,1,89809,1
78514,89809,1,89809,1
78514,89809,1,89809,1
78514,89809,1,89809,1
78514,89809,1,89809,1
78514,89809,1,89809,1
78514,89809,1,89809,1
78514,89809,1,89809,1
78514,89809,1,89809,1
78514,89809,1,89809,1
78514,89809,1,89809,1
78514,89809,1,89809,1
78514,89809,1,89809,1
78514,89809,1,89809,1
78514,89809,1,89809,1
78514,89809,1,89809,1
78514,89809,1,89809,1
78514,89809,1,89809,1
78514,89809,1,89809,1
78514,89809,1,89809,1
78514,89809,1,173912,0
78514,173912,0,173910,1
78514,173910,1,173894,1
78514,173894,1,173941,1
78514,173941,1,91653,1
78514,91653,1,91653,1
78514,91653,1,91653,1
78514,91653,1,91653,1
78514,91653,1,91653,1
78514,91653,1,91653,1
78514,91653,1,91653,1
78514,91653,1,91653,1
78514,91653,1,91653,1
78514,91653,1,91653,1
78514,91653,1,91653,1
78514,91653,1,91653,1
78514,91653,1,91653,1
78514,91653,1,91653,1
78514,91653,1,91653,1
78514,91653,1,91653,1
78514,91653,1,91653,1
78514,91653,1,91653,1
78514,91653,1,91653,1
78514,91653,1,91653,1
78514,91653,1,91653,1
78514,91653,1,91653,1
78514,91653,1,91653,1
78514,91653,1,91653,1
78514,91653,1,91653,1
78514,91653,1,91653,1
78514,91653,1,91653,1
78514,91653,1,91653,1
78514,91653,1,91653,1
78514,91653,1,91653,1
78514,91653,1,91653,1
78514,91653,1,91653,1
78514,91653,1,91653,1
78514,91653,1,91653,1
78514,91653,1,91653,1
78514,91653,1,91653,1
78514,91653,1,91653,1
78514,91653,1,91653,1
78514,91653,1,91653,1
78514,91653,1,91653,1
78514,91653,1,91653,1
78514,91653,1,91653,1
78514,91653,1,91653,1
78514,91653,1,91653,1
78515,93178,1,93178,1
78515,93178,1,93178,1
78515,93178,1,93178,1
78515,93178,1,93178,1
78515,93178,1,93178,1
78515,93178,1,93178,1
78515,93178,1,93178,1
78515,93178,1,93178,1
78515,93178,1,93178,1
78515,93178,1,93178,1
78515,93178,1,93178,1
78515,93178,1,93178,1
78515,93178,1,93178,1
78515,93178,1,93178,1
78515,93178,1,93178,1
78515,93178,1,93178,1
78515,93178,1,93178,1
78515,93178,1,93178,1
78515,93178,1,93178,1
78515,93178,1,93178,1
78515,93178,1,93178,1
78515,93178,1,93178,1
78515,93178,1,93178,1
78515,93178,1,93178,1
78515,93178,1,93178,1
78515,93178,1,93178,1
78515,93178,1,93178,1
78515,93178,1,93178,1
78515,93178,1,93178,1
78515,93178,1,93178,1
78515,93178,1,93178,1
78515,93178,1,93178,1
78515,93178,1,93178,1
78515,93178,1,93178,1
78515,93178,1,93178,1
78515,93178,1,93178,1
78515,93178,1,93178,1
78515,93178,1,93178,1
78515,93178,1,93178,1
78515,93178,1,93178,1
78515,93178,1,93178,1
78515,93178,1,93178,1
78515,93178,1,93178,1
78515,93178,1,93178,1
78515,93178,1,93178,1
78515,93178,1,93189,1
78515,93189,1,93189,1
78515,93189,1,93189,1
78515,93189,1,93189,1
78515,93189,1,93189,1
78515,93189,1,93189,1
78515,93189,1,93189,1
78515,93189,1,93189,1
78515,93189,1,93189,1
78515,93189,1,93189,1
78515,93189,1,93189,1
78515,93189,1,93189,1
78515,93189,1,93189,1
78515,93189,1,93189,1
78515,93189,1,93189,1
78515,93189,1,93189,1
78515,93189,1,93189,1
78515,93189,1,93189,1
78515,93189,1,93189,1
78515,93189,1,93189,1
78515,93189,1,93189,1
78515,93189,1,93189,1
78515,93189,1,93189,1
78515,93189,1,93189,1
78515,93189,1,93189,1
78515,93189,1,93189,1
78515,93189,1,93189,1
78515,93189,1,93189,1
78515,93189,1,93189,1
78515,93189,1,93189,1
78515,93189,1,93189,1
78515,93189,1,93189,1
78515,93189,1,93189,1
78515,93189,1,93189,1
78515,93189,1,93189,1
78515,93189,1,93189,1
78515,93189,1,93189,1
78515,93189,1,93189,1
78515,93189,1,93189,1
78515,93189,1,93189,1
78515,93189,1,93189,1
78515,93189,1,93189,1
78515,93189,1,93189,1
78515,93189,1,93189,1
78515,93189,1,93189,1
78515,93189,1,93189,1
78515,93189,1,93191,1
78515,93191,1,93191,1
78515,93191,1,93191,1
78515,93191,1,93191,1
78515,93191,1,93191,1
78515,93191,1,93191,1
78515,93191,1,93191,1
78515,93191,1,93191,1
78515,93191,1,93191,1
78515,93191,1,93191,1
78515,93191,1,93191,1
78515,93191,1,93191,1
78515,93191,1,93191,1
78515,93191,1,93191,1
78515,93191,1,93191,1
78515,93191,1,93191,1
78515,93191,1,93191,1
78515,93191,1,93191,1
78515,93191,1,93191,1
78515,93191,1,93191,1
78515,93191,1,93191,1
78515,93191,1,93191,1
78515,93191,1,93191,1
78515,93191,1,93191,1
78515,93191,1,93191,1
78515,93191,1,93191,1
78515,93191,1,93191,1
78515,93191,1,93191,1
78515,93191,1,93191,1
78515,93191,1,93191,1
78515,93191,1,93191,1
78515,93191,1,93191,1
78515,93191,1,93191,1
78515,93191,1,93191,1
78515,93191,1,93191,1
78515,93191,1,93191,1
78515,93191,1,93191,1
78515,93191,1,93191,1
78515,93191,1,93191,1
78515,93191,1,93191,1
78515,93191,1,93191,1
78515,93191,1,93191,1
78515,93191,1,93191,1
78515,93191,1,85097,1
78515,85097,1,85097,1
78515,85097,1,85097,1
78515,85097,1,85097,1
78515,85097,1,85097,1
78515,85097,1,85097,1
78515,85097,1,85097,1
78515,85097,1,85097,1
78515,85097,1,85097,1
78515,85097,1,85097,1
78515,85097,1,85097,1
78515,85097,1,85097,1
78515,85097,1,85097,1
78515,85097,1,85097,1
78515,85097,1,85097,1
78515,85097,1,85097,1
78515,85097,1,85097,1
78515,85097,1,85097,1
78515,85097,1,85097,1
78515,85097,1,85097,1
78515,85097,1,85097,1
78515,85097,1,85097,1
78515,85097,1,85097,1
78515,85097,1,85097,1
78515,85097,1,85097,1
78515,85097,1,85097,1
78515,85097,1,85097,1
78515,85097,1,85097,1
78515,85097,1,85097,1
78515,85097,1,85097,1
78515,85097,1,85097,1
78515,85097,1,85097,1
78515,85097,1,85097,1
78515,85097,1,85097,1
78515,85097,1,85097,1
78515,85097,1,85097,1
78515,85097,1,85097,1
78515,85097,1,85097,1
78515,85097,1,85097,1
78515,85097,1,85097,1
78515,85097,1,85097,1
78515,85097,1,85097,1
78515,85097,1,85097,1
78515,85097,1,85097,1
78515,85097,1,85097,1
78515,85097,1,85097,1
78515,85097,1,85665,1
78515,85665,1,85665,1
78515,85665,1,85665,1
78515,85665,1,85665,1
78515,85665,1,85665,1
78515,85665,1,85665,1
78515,85665,1,85665,1
78515,85665,1,85665,1
78515,85665,1,85665,1
78515,85665,1,85665,1
78515,85665,1,85665,1
78515,85665,1,85665,1
78515,85665,1,85665,1
78515,85665,1,85665,1
78515,85665,1,85665,1
78515,85665,1,85665,1
78515,85665,1,85665,1
78515,85665,1,85665,1
78515,85665,1,85665,1
78515,85665,1,85665,1
78515,85665,1,85665,1
78515,85665,1,85665,1
78515,85665,1,85665,1
78515,85665,1,85665,1
78515,85665,1,85665,1
78515,85665,1,85665,1
78515,85665,1,85665,1
78515,85665,1,85665,1
78515,85665,1,85665,1
78515,85665,1,85665,1
78515,85665,1,85665,1
78515,85665,1,85665,1
78515,85665,1,85665,1
78515,85665,1,85665,1
78515,85665,1,85665,1
78515,85665,1,85665,1
78515,85665,1,85665,1
78515,85665,1,85665,1
78515,85665,1,85665,1
78515,85665,1,85665,1
78515,85665,1,85665,1
78515,85665,1,85665,1
78515,85665,1,85665,1
78515,85665,1,85665,1
78515,85665,1,85665,1
78515,85665,1,85665,1
78515,85665,1,85668,1
78515,85668,1,85668,1
78515,85668,1,85668,1
78515,85668,1,85668,1
78515,85668,1,85668,1
78515,85668,1,85668,1
78515,85668,1,85668,1
78515,85668,1,85668,1
78515,85668,1,85668,1
78515,85668,1,85668,1
78515,85668,1,85668,1
78515,85668,1,85668,1
78515,85668,1,85668,1
78515,85668,1,85668,1
78515,85668,1,85668,1
78515,85668,1,85668,1
78515,85668,1,85668,1
78515,85668,1,85668,1
78515,85668,1,85668,1
78515,85668,1,85668,1
78515,85668,1,85668,1
78515,85668,1,85668,1
78515,85668,1,85668,1
78515,85668,1,85668,1
78515,85668,1,85668,1
78515,85668,1,85668,1
78515,85668,1,85668,1
78515,85668,1,85668,1
78515,85668,1,85668,1
78515,85668,1,85668,1
78515,85668,1,85668,1
78515,85668,1,85668,1
78515,85668,1,85668,1
78515,85668,1,85668,1
78515,85668,1,85668,1
78515,85668,1,85668,1
78515,85668,1,85668,1
78515,85668,1,85668,1
78515,85668,1,85668,1
78515,85668,1,85668,1
78515,85668,1,85668,1
78515,85668,1,85668,1
78515,85668,1,85668,1
78515,85668,1,89292,1
78515,89292,1,89292,1
78515,89292,1,89292,1
78515,89292,1,89292,1
78515,89292,1,89292,1
78515,89292,1,89292,1
78515,89292,1,89292,1
78515,89292,1,89292,1
78515,89292,1,89292,1
78515,89292,1,89292,1
78515,89292,1,89292,1
78515,89292,1,89292,1
78515,89292,1,89292,1
78515,89292,1,89292,1
78515,89292,1,89292,1
78515,89292,1,89292,1
78515,89292,1,89292,1
78515,89292,1,89292,1
78515,89292,1,89292,1
78515,89292,1,89292,1
78515,89292,1,89292,1
78515,89292,1,89292,1
78515,89292,1,89292,1
78515,89292,1,89292,1
78515,89292,1,89292,1
78515,89292,1,89292,1
78515,89292,1,89292,1
78515,89292,1,89292,1
78515,89292,1,89292,1
78515,89292,1,89292,1
78515,89292,1,89292,1
78515,89292,1,89292,1
78515,89292,1,89292,1
78515,89292,1,89292,1
78515,89292,1,89292,1
78515,89292,1,89292,1
78515,89292,1,89292,1
78515,89292,1,89292,1
78515,89292,1,89292,1
78515,89292,1,89292,1
78515,89292,1,89292,1
78515,89292,1,89292,1
78515,89292,1,89292,1
78515,89292,1,89292,1
78515,89292,1,89292,1
78515,89292,1,89292,1
78515,89292,1,89292,1
78515,89292,1,91393,1
78515,91393,1,91393,1
78515,91393,1,91393,1
78515,91393,1,91393,1
78515,91393,1,91393,1
78515,91393,1,91393,1
78515,91393,1,91393,1
78515,91393,1,91393,1
78515,91393,1,91393,1
78515,91393,1,91393,1
78515,91393,1,91393,1
78515,91393,1,91393,1
78515,91393,1,91393,1
78515,91393,1,91393,1
78515,91393,1,91393,1
78515,91393,1,91393,1
78515,91393,1,91393,1
78515,91393,1,91393,1
78515,91393,1,91393,1
78515,91393,1,91393,1
78515,91393,1,91393,1
78515,91393,1,91393,1
78515,91393,1,91393,1
78515,91393,1,91393,1
78515,91393,1,91393,1
78515,91393,1,91393,1
78515,91393,1,91393,1
78515,91393,1,91393,1
78515,91393,1,91393,1
78515,91393,1,91393,1
78515,91393,1,91393,1
78515,91393,1,91393,1
78515,91393,1,91393,1
78515,91393,1,91393,1
78515,91393,1,91393,1
78515,91393,1,91393,1
78515,91393,1,91393,1
78515,91393,1,91393,1
78515,91393,1,91393,1
78515,91393,1,91393,1
78515,91393,1,91393,1
78515,91393,1,91393,1
78515,91393,1,91393,1
78515,91393,1,91393,1
78515,91393,1,91393,1
78515,91393,1,91393,1
78515,91393,1,91393,1
78515,91393,1,91393,1
78515,91393,1,91393,1
78515,91393,1,91393,1
78515,91393,1,91393,1
78515,91393,1,91393,1
78515,91393,1,91393,1
78515,91393,1,91393,1
78515,91393,1,91393,1
78515,91393,1,91393,1
78515,91393,1,91393,1
78515,91393,1,91393,1
78515,91393,1,91393,1
78515,91393,1,91393,1
78515,91393,1,91393,1
78515,91393,1,91393,1
78515,91393,1,91393,1
78515,91393,1,91393,1
78515,91393,1,91393,1
78515,91393,1,91393,1
78515,91393,1,91393,1
78515,91393,1,91393,1
78515,91393,1,91393,1
78515,91393,1,91393,1
78515,91393,1,91393,1
78515,91393,1,91393,1
78515,91393,1,91393,1
78515,91393,1,91393,1
78515,91393,1,91393,1
78515,91393,1,91393,1
78515,91393,1,91393,1
78515,91393,1,91393,1
78515,91393,1,91393,1
78515,91393,1,91393,1
78515,91393,1,91393,1
78515,91393,1,91393,1
78515,91393,1,91393,1
78515,91393,1,91393,1
78515,91393,1,91393,1
78515,91393,1,91393,1
78515,91393,1,91393,1
78515,91393,1,91393,1
78515,91393,1,91393,1
78515,91393,1,91393,1
78515,91393,1,91393,1
78515,91393,1,91393,1
78515,91393,1,91393,1
78515,91393,1,91393,1
78515,91393,1,91393,1
78515,91393,1,91393,1
78515,91393,1,91393,1
78515,91393,1,91376,1
78515,91376,1,91376,1
78515,91376,1,91376,1
78515,91376,1,91376,1
78515,91376,1,91376,1
78515,91376,1,91376,1
78515,91376,1,91376,1
78515,91376,1,91376,1
78515,91376,1,91376,1
78515,91376,1,91376,1
78515,91376,1,91376,1
78515,91376,1,91376,1
78515,91376,1,91376,1
78515,91376,1,91376,1
78515,91376,1,91376,1
78515,91376,1,91376,1
78515,91376,1,91376,1
78515,91376,1,91376,1
78515,91376,1,91376,1
78515,91376,1,91376,1
78515,91376,1,91376,1
78515,91376,1,91376,1
78515,91376,1,91376,1
78515,91376,1,91376,1
78515,91376,1,91376,1
78515,91376,1,91376,1
78515,91376,1,91376,1
78515,91376,1,91376,1
78515,91376,1,91376,1
78515,91376,1,91376,1
78515,91376,1,91376,1
78515,91376,1,91376,1
78515,91376,1,91376,1
78515,91376,1,91376,1
78515,91376,1,91376,1
78515,91376,1,91376,1
78515,91376,1,91376,1
78515,91376,1,91376,1
78515,91376,1,91376,1
78515,91376,1,91376,1
78515,91376,1,91376,1
78515,91376,1,91376,1
78515,91376,1,91376,1
78515,91376,1,91376,1
78515,91376,1,91376,1
78515,91376,1,91376,1
78515,91376,1,91376,1
78515,91376,1,91376,1
78515,91376,1,91376,1
78515,91376,1,91376,1
78515,91376,1,91376,1
78515,91376,1,91376,1
78515,91376,1,91376,1
78515,91376,1,91376,1
78515,91376,1,91376,1
78515,91376,1,91376,1
78515,91376,1,91376,1
78515,91376,1,91376,1
78515,91376,1,91376,1
78515,91376,1,91376,1
78515,91376,1,91376,1
78515,91376,1,91376,1
78515,91376,1,91376,1
78515,91376,1,91376,1
78515,91376,1,91376,1
78515,91376,1,91376,1
78515,91376,1,91376,1
78515,91376,1,91376,1
78515,91376,1,91376,1
78515,91376,1,91376,1
78515,91376,1,91376,1
78515,91376,1,91376,1
78515,91376,1,91376,1
78515,91376,1,91376,1
78515,91376,1,91376,1
78515,91376,1,91376,1
78515,91376,1,91376,1
78515,91376,1,91376,1
78515,91376,1,91376,1
78515,91376,1,91376,1
78515,91376,1,91376,1
78515,91376,1,91376,1
78515,91376,1,91376,1
78515,91376,1,91376,1
78515,91376,1,91376,1
78515,91376,1,91376,1
78515,91376,1,91376,1
78515,91376,1,91376,1
78515,91376,1,91376,1
78515,91376,1,91376,1
78515,91376,1,91376,1
78515,91376,1,91376,1
78515,91376,1,91376,1
78515,91376,1,91376,1
78515,91376,1,91376,1
78515,91376,1,91376,1
78515,91376,1,91376,1
78515,91376,1,91379,1
78515,91379,1,91379,1
78515,91379,1,91379,1
78515,91379,1,91379,1
78515,91379,1,91379,1
78515,91379,1,91379,1
78515,91379,1,91379,1
78515,91379,1,91379,1
78515,91379,1,91379,1
78515,91379,1,91379,1
78515,91379,1,91379,1
78515,91379,1,91379,1
78515,91379,1,91379,1
78515,91379,1,91379,1
78515,91379,1,91379,1
78515,91379,1,91379,1
78515,91379,1,91379,1
78515,91379,1,91379,1
78515,91379,1,91379,1
78515,91379,1,91379,1
78515,91379,1,91379,1
78515,91379,1,91379,1
78515,91379,1,91379,1
78515,91379,1,91379,1
78515,91379,1,91379,1
78515,91379,1,91379,1
78515,91379,1,91379,1
78515,91379,1,91379,1
78515,91379,1,91379,1
78515,91379,1,91379,1
78515,91379,1,91379,1
78515,91379,1,91379,1
78515,91379,1,91379,1
78515,91379,1,91379,1
78515,91379,1,91379,1
78515,91379,1,91379,1
78515,91379,1,91379,1
78515,91379,1,91379,1
78515,91379,1,91379,1
78515,91379,1,91379,1
78515,91379,1,91379,1
78515,91379,1,91379,1
78515,91379,1,91379,1
78515,91379,1,91379,1
78515,91379,1,91379,1
78515,91379,1,91379,1
78515,91379,1,91379,1
78515,91379,1,89773,1
78515,89773,1,89773,1
78515,89773,1,89773,1
78515,89773,1,89773,1
78515,89773,1,89773,1
78515,89773,1,89773,1
78515,89773,1,89773,1
78515,89773,1,89773,1
78515,89773,1,89773,1
78515,89773,1,89773,1
78515,89773,1,89773,1
78515,89773,1,89773,1
78515,89773,1,89773,1
78515,89773,1,89773,1
78515,89773,1,89773,1
78515,89773,1,89773,1
78515,89773,1,89773,1
78515,89773,1,89773,1
78515,89773,1,89773,1
78515,89773,1,89773,1
78515,89773,1,89773,1
78515,89773,1,89773,1
78515,89773,1,89773,1
78515,89773,1,89773,1
78515,89773,1,89773,1
78515,89773,1,89773,1
78515,89773,1,89773,1
78515,89773,1,89773,1
78515,89773,1,89773,1
78515,89773,1,89773,1
78515,89773,1,89773,1
78515,89773,1,89773,1
78515,89773,1,89773,1
78515,89773,1,89773,1
78515,89773,1,89773,1
78515,89773,1,89773,1
78515,89773,1,89773,1
78515,89773,1,89773,1
78515,89773,1,89773,1
78515,89773,1,89773,1
78515,89773,1,89773,1
78515,89773,1,89773,1
78515,89773,1,89773,1
78515,89773,1,89773,1
78515,89773,1,89773,1
78515,89773,1,89773,1
78515,89773,1,89773,1
78515,89773,1,89773,1
78515,89773,1,89773,1
78515,89773,1,89773,1
78515,89773,1,89773,1
78515,89773,1,89773,1
78515,89773,1,89773,1
78515,89773,1,89773,1
78515,89773,1,89773,1
78515,89773,1,89773,1
78515,89773,1,89773,1
78515,89773,1,89773,1
78515,89773,1,89773,1
78515,89773,1,89773,1
78515,89773,1,89773,1
78515,89773,1,89773,1
78515,89773,1,89773,1
78515,89773,1,89773,1
78515,89773,1,89773,1
78515,89773,1,89773,1
78515,89773,1,89773,1
78515,89773,1,89773,1
78515,89773,1,89773,1
78515,89773,1,89773,1
78515,89773,1,89773,1
78515,89773,1,89773,1
78515,89773,1,89773,1
78515,89773,1,89773,1
78515,89773,1,89773,1
78515,89773,1,89773,1
78515,89773,1,89773,1
78515,89773,1,89773,1
78515,89773,1,89773,1
78515,89773,1,89773,1
78515,89773,1,89773,1
78515,89773,1,89773,1
78515,89773,1,89773,1
78515,89773,1,89773,1
78515,89773,1,89773,1
78515,89773,1,89773,1
78515,89773,1,89773,1
78515,89773,1,89773,1
78515,89773,1,89773,1
78515,89773,1,89773,1
78515,89773,1,89773,1
78515,89773,1,89773,1
78515,89773,1,89773,1
78515,89773,1,89782,1
78515,89782,1,89782,1
78515,89782,1,89782,1
78515,89782,1,89782,1
78515,89782,1,89782,1
78515,89782,1,89782,1
78515,89782,1,89782,1
78515,89782,1,89782,1
78515,89782,1,89782,1
78515,89782,1,89782,1
78515,89782,1,89782,1
78515,89782,1,89782,1
78515,89782,1,89782,1
78515,89782,1,89782,1
78515,89782,1,89782,1
78515,89782,1,89782,1
78515,89782,1,89782,1
78515,89782,1,89782,1
78515,89782,1,89782,1
78515,89782,1,89782,1
78515,89782,1,89782,1
78515,89782,1,89782,1
78515,89782,1,89782,1
78515,89782,1,89782,1
78515,89782,1,89782,1
78515,89782,1,89782,1
78515,89782,1,89782,1
78515,89782,1,89782,1
78515,89782,1,89782,1
78515,89782,1,89782,1
78515,89782,1,89782,1
78515,89782,1,89782,1
78515,89782,1,89782,1
78515,89782,1,89782,1
78515,89782,1,89782,1
78515,89782,1,89782,1
78515,89782,1,89782,1
78515,89782,1,89782,1
78515,89782,1,89782,1
78515,89782,1,89782,1
78515,89782,1,89782,1
78515,89782,1,89782,1
78515,89782,1,89782,1
78515,89782,1,89782,1
78515,89782,1,89782,1
78515,89782,1,89782,1
78515,89782,1,89819,1
78515,89819,1,89819,1
78515,89819,1,89819,1
78515,89819,1,89819,1
78515,89819,1,89819,1
78515,89819,1,89819,1
78515,89819,1,89819,1
78515,89819,1,89819,1
78515,89819,1,89819,1
78515,89819,1,89819,1
78515,89819,1,89819,1
78515,89819,1,89819,1
78515,89819,1,89819,1
78515,89819,1,89819,1
78515,89819,1,89819,1
78515,89819,1,89819,1
78515,89819,1,89819,1
78515,89819,1,89819,1
78515,89819,1,89819,1
78515,89819,1,89819,1
78515,89819,1,89819,1
78515,89819,1,89819,1
78515,89819,1,89819,1
78515,89819,1,89819,1
78515,89819,1,89819,1
78515,89819,1,89819,1
78515,89819,1,89819,1
78515,89819,1,89819,1
78515,89819,1,89819,1
78515,89819,1,89819,1
78515,89819,1,89819,1
78515,89819,1,89819,1
78515,89819,1,89819,1
78515,89819,1,89819,1
78515,89819,1,89819,1
78515,89819,1,89819,1
78515,89819,1,89819,1
78515,89819,1,89819,1
78515,89819,1,89819,1
78515,89819,1,89819,1
78515,89819,1,89819,1
78515,89819,1,89819,1
78515,89819,1,89819,1
78515,89819,1,89819,1
78515,89819,1,89819,1
78515,89819,1,89819,1
78515,89819,1,89819,1
78515,89819,1,89819,1
78515,89819,1,89819,1
78515,89819,1,89819,1
78515,89819,1,89819,1
78515,89819,1,89819,1
78515,89819,1,89819,1
78515,89819,1,89819,1
78515,89819,1,89819,1
78515,89819,1,89819,1
78515,89819,1,89819,1
78515,89819,1,89819,1
78515,89819,1,89819,1
78515,89819,1,89819,1
78515,89819,1,89819,1
78515,89819,1,89819,1
78515,89819,1,89819,1
78515,89819,1,89819,1
78515,89819,1,89819,1
78515,89819,1,89819,1
78515,89819,1,89819,1
78515,89819,1,89819,1
78515,89819,1,89819,1
78515,89819,1,89819,1
78515,89819,1,89819,1
78515,89819,1,89819,1
78515,89819,1,89819,1
78515,89819,1,89819,1
78515,89819,1,89819,1
78515,89819,1,89819,1
78515,89819,1,89819,1
78515,89819,1,89819,1
78515,89819,1,89819,1
78515,89819,1,89819,1
78515,89819,1,89819,1
78515,89819,1,89819,1
78515,89819,1,89819,1
78515,89819,1,89819,1
78515,89819,1,89819,1
78515,89819,1,89819,1
78515,89819,1,89819,1
78515,89819,1,89819,1
78515,89819,1,89819,1
78515,89819,1,89819,1
78515,89819,1,89819,1
78515,89819,1,89819,1
78515,89819,1,89819,1
78515,89819,1,173939,1
78515,173939,1,173948,0
78515,173948,0,173930,1
78515,173930,1,173922,1
78515,173922,1,173920,1
78515,173920,1,174003,0
78515,174003,0,173998,1
78515,173998,1,173987,1
78515,173987,1,173981,1
78515,173981,1,91649,1
78515,91649,1,91649,1
78515,91649,1,91649,1
78515,91649,1,91649,1
78515,91649,1,91649,1
78515,91649,1,91649,1
78515,91649,1,91649,1
78515,91649,1,91649,1
78515,91649,1,91649,1
78515,91649,1,91649,1
78515,91649,1,91649,1
78515,91649,1,91649,1
78515,91649,1,91649,1
78515,91649,1,91649,1
78515,91649,1,91649,1
78515,91649,1,91649,1
78515,91649,1,91649,1
78515,91649,1,91649,1
78515,91649,1,91649,1
78515,91649,1,91649,1
78515,91649,1,91649,1
78515,91649,1,91649,1
78515,91649,1,91649,1
78515,91649,1,91649,1
78515,91649,1,91649,1
78515,91649,1,91649,1
78515,91649,1,91649,1
78515,91649,1,91649,1
78515,91649,1,91649,1
78515,91649,1,91649,1
78515,91649,1,91649,1
78515,91649,1,91649,1
78515,91649,1,91649,1
78515,91649,1,91649,1
78515,91649,1,91649,1
78515,91649,1,91649,1
78515,91649,1,91649,1
78515,91649,1,91649,1
78515,91649,1,91649,1
78515,91649,1,91649,1
78515,91649,1,91649,1
78515,91649,1,91649,1
78515,91649,1,91649,1
78515,91649,1,91649,1
78516,93232,1,93232,1
78516,93232,1,93232,1
78516,93232,1,93232,1
78516,93232,1,93232,1
78516,93232,1,93232,1
78516,93232,1,93232,1
78516,93232,1,93232,1
78516,93232,1,93232,1
78516,93232,1,93232,1
78516,93232,1,93232,1
78516,93232,1,93232,1
78516,93232,1,93232,1
78516,93232,1,93232,1
78516,93232,1,93232,1
78516,93232,1,93232,1
78516,93232,1,93232,1
78516,93232,1,93232,1
78516,93232,1,93232,1
78516,93232,1,93232,1
78516,93232,1,93232,1
78516,93232,1,93232,1
78516,93232,1,93232,1
78516,93232,1,93232,1
78516,93232,1,93232,1
78516,93232,1,93232,1
78516,93232,1,93232,1
78516,93232,1,93232,1
78516,93232,1,93232,1
78516,93232,1,93232,1
78516,93232,1,93232,1
78516,93232,1,93232,1
78516,93232,1,93232,1
78516,93232,1,93232,1
78516,93232,1,93232,1
78516,93232,1,93232,1
78516,93232,1,93232,1
78516,93232,1,93232,1
78516,93232,1,93232,1
78516,93232,1,93232,1
78516,93232,1,93232,1
78516,93232,1,93232,1
78516,93232,1,93232,1
78516,93232,1,93232,1
78516,93232,1,93232,1
78516,93232,1,93232,1
78516,93232,1,93181,1
78516,93181,1,93181,1
78516,93181,1,93181,1
78516,93181,1,93181,1
78516,93181,1,93181,1
78516,93181,1,93181,1
78516,93181,1,93181,1
78516,93181,1,93181,1
78516,93181,1,93181,1
78516,93181,1,93181,1
78516,93181,1,93181,1
78516,93181,1,93181,1
78516,93181,1,93181,1
78516,93181,1,93181,1
78516,93181,1,93181,1
78516,93181,1,93181,1
78516,93181,1,93181,1
78516,93181,1,93181,1
78516,93181,1,93181,1
78516,93181,1,93181,1
78516,93181,1,93181,1
78516,93181,1,93181,1
78516,93181,1,93181,1
78516,93181,1,93181,1
78516,93181,1,93181,1
78516,93181,1,93181,1
78516,93181,1,93181,1
78516,93181,1,93181,1
78516,93181,1,93181,1
78516,93181,1,93181,1
78516,93181,1,93181,1
78516,93181,1,93181,1
78516,93181,1,93181,1
78516,93181,1,93181,1
78516,93181,1,93181,1
78516,93181,1,93181,1
78516,93181,1,93181,1
78516,93181,1,93181,1
78516,93181,1,93181,1
78516,93181,1,93181,1
78516,93181,1,93181,1
78516,93181,1,93181,1
78516,93181,1,93181,1
78516,93181,1,93181,1
78516,93181,1,93181,1
78516,93181,1,93181,1
78516,93181,1,93174,0
78516,93174,0,93174,0
78516,93174,0,93174,0
78516,93174,0,93174,0
78516,93174,0,93174,0
78516,93174,0,93174,0
78516,93174,0,93174,0
78516,93174,0,93174,0
78516,93174,0,93174,0
78516,93174,0,93174,0
78516,93174,0,93174,0
78516,93174,0,93174,0
78516,93174,0,93174,0
78516,93174,0,93174,0
78516,93174,0,93174,0
78516,93174,0,93174,0
78516,93174,0,93174,0
78516,93174,0,93174,0
78516,93174,0,93174,0
78516,93174,0,93174,0
78516,93174,0,93174,0
78516,93174,0,93174,0
78516,93174,0,93174,0
78516,93174,0,93174,0
78516,93174,0,93174,0
78516,93174,0,93174,0
78516,93174,0,93174,0
78516,93174,0,93174,0
78516,93174,0,93174,0
78516,93174,0,93174,0
78516,93174,0,93174,0
78516,93174,0,93174,0
78516,93174,0,93174,0
78516,93174,0,93174,0
78516,93174,0,93174,0
78516,93174,0,93174,0
78516,93174,0,93174,0
78516,93174,0,93174,0
78516,93174,0,93174,0
78516,93174,0,93174,0
78516,93174,0,93174,0
78516,93174,0,93174,0
78516,93174,0,93174,0
78516,93174,0,93161,1
78516,93161,1,93161,1
78516,93161,1,93161,1
78516,93161,1,93161,1
78516,93161,1,93161,1
78516,93161,1,93161,1
78516,93161,1,93161,1
78516,93161,1,93161,1
78516,93161,1,93161,1
78516,93161,1,93161,1
78516,93161,1,93161,1
78516,93161,1,93161,1
78516,93161,1,93161,1
78516,93161,1,93161,1
78516,93161,1,93161,1
78516,93161,1,93161,1
78516,93161,1,93161,1
78516,93161,1,93161,1
78516,93161,1,93161,1
78516,93161,1,93161,1
78516,93161,1,93161,1
78516,93161,1,93161,1
78516,93161,1,93161,1
78516,93161,1,93161,1
78516,93161,1,93161,1
78516,93161,1,93161,1
78516,93161,1,93161,1
78516,93161,1,93161,1
78516,93161,1,93161,1
78516,93161,1,93161,1
78516,93161,1,93161,1
78516,93161,1,93161,1
78516,93161,1,93161,1
78516,93161,1,93161,1
78516,93161,1,93161,1
78516,93161,1,93161,1
78516,93161,1,93161,1
78516,93161,1,93161,1
78516,93161,1,93161,1
78516,93161,1,93161,1
78516,93161,1,93161,1
78516,93161,1,93161,1
78516,93161,1,93161,1
78516,93161,1,93211,1
78516,93211,1,93211,1
78516,93211,1,93211,1
78516,93211,1,93211,1
78516,93211,1,93211,1
78516,93211,1,93211,1
78516,93211,1,93211,1
78516,93211,1,93211,1
78516,93211,1,93211,1
78516,93211,1,93211,1
78516,93211,1,93211,1
78516,93211,1,93211,1
78516,93211,1,93211,1
78516,93211,1,93211,1
78516,93211,1,93211,1
78516,93211,1,93211,1
78516,93211,1,93211,1
78516,93211,1,93211,1
78516,93211,1,93211,1
78516,93211,1,93211,1
78516,93211,1,93211,1
78516,93211,1,93211,1
78516,93211,1,93211,1
78516,93211,1,93211,1
78516,93211,1,93211,1
78516,93211,1,93211,1
78516,93211,1,93211,1
78516,93211,1,93211,1
78516,93211,1,93211,1
78516,93211,1,93211,1
78516,93211,1,93211,1
78516,93211,1,93211,1
78516,93211,1,93211,1
78516,93211,1,93211,1
78516,93211,1,93211,1
78516,93211,1,93211,1
78516,93211,1,93211,1
78516,93211,1,93211,1
78516,93211,1,93211,1
78516,93211,1,93211,1
78516,93211,1,93211,1
78516,93211,1,93211,1
78516,93211,1,93211,1
78516,93211,1,93189,1
78516,93189,1,93189,1
78516,93189,1,93189,1
78516,93189,1,93189,1
78516,93189,1,93189,1
78516,93189,1,93189,1
78516,93189,1,93189,1
78516,93189,1,93189,1
78516,93189,1,93189,1
78516,93189,1,93189,1
78516,93189,1,93189,1
78516,93189,1,93189,1
78516,93189,1,93189,1
78516,93189,1,93189,1
78516,93189,1,93189,1
78516,93189,1,93189,1
78516,93189,1,93189,1
78516,93189,1,93189,1
78516,93189,1,93189,1
78516,93189,1,93189,1
78516,93189,1,93189,1
78516,93189,1,93189,1
78516,93189,1,93189,1
78516,93189,1,93189,1
78516,93189,1,93189,1
78516,93189,1,93189,1
78516,93189,1,93189,1
78516,93189,1,93189,1
78516,93189,1,93189,1
78516,93189,1,93189,1
78516,93189,1,93189,1
78516,93189,1,93189,1
78516,93189,1,93189,1
78516,93189,1,93189,1
78516,93189,1,93189,1
78516,93189,1,93189,1
78516,93189,1,93189,1
78516,93189,1,93189,1
78516,93189,1,93189,1
78516,93189,1,93189,1
78516,93189,1,93189,1
78516,93189,1,93189,1
78516,93189,1,93189,1
78516,93189,1,86105,0
78516,86105,0,86105,0
78516,86105,0,86105,0
78516,86105,0,86105,0
78516,86105,0,86105,0
78516,86105,0,86105,0
78516,86105,0,86105,0
78516,86105,0,86105,0
78516,86105,0,86105,0
78516,86105,0,86105,0
78516,86105,0,86105,0
78516,86105,0,86105,0
78516,86105,0,86105,0
78516,86105,0,86105,0
78516,86105,0,86105,0
78516,86105,0,86105,0
78516,86105,0,86105,0
78516,86105,0,86105,0
78516,86105,0,86105,0
78516,86105,0,86105,0
78516,86105,0,86105,0
78516,86105,0,86105,0
78516,86105,0,86105,0
78516,86105,0,86105,0
78516,86105,0,86105,0
78516,86105,0,86105,0
78516,86105,0,86105,0
78516,86105,0,86105,0
78516,86105,0,86105,0
78516,86105,0,86105,0
78516,86105,0,86105,0
78516,86105,0,86105,0
78516,86105,0,86105,0
78516,86105,0,86105,0
78516,86105,0,86105,0
78516,86105,0,86105,0
78516,86105,0,86105,0
78516,86105,0,86105,0
78516,86105,0,86105,0
78516,86105,0,86105,0
78516,86105,0,86105,0
78516,86105,0,86105,0
78516,86105,0,86105,0
78516,86105,0,86105,0
78516,86105,0,86105,0
78516,86105,0,86105,0
78516,86105,0,85682,0
78516,85682,0,85682,0
78516,85682,0,85682,0
78516,85682,0,85682,0
78516,85682,0,85682,0
78516,85682,0,85682,0
78516,85682,0,85682,0
78516,85682,0,85682,0
78516,85682,0,85682,0
78516,85682,0,85682,0
78516,85682,0,85682,0
78516,85682,0,85682,0
78516,85682,0,85682,0
78516,85682,0,85682,0
78516,85682,0,85682,0
78516,85682,0,85682,0
78516,85682,0,85682,0
78516,85682,0,85682,0
78516,85682,0,85682,0
78516,85682,0,85682,0
78516,85682,0,85682,0
78516,85682,0,85682,0
78516,85682,0,85682,0
78516,85682,0,85682,0
78516,85682,0,85682,0
78516,85682,0,85682,0
78516,85682,0,85682,0
78516,85682,0,85682,0
78516,85682,0,85682,0
78516,85682,0,85682,0
78516,85682,0,85682,0
78516,85682,0,85682,0
78516,85682,0,85682,0
78516,85682,0,85682,0
78516,85682,0,85682,0
78516,85682,0,85682,0
78516,85682,0,85682,0
78516,85682,0,85682,0
78516,85682,0,85682,0
78516,85682,0,85682,0
78516,85682,0,85682,0
78516,85682,0,85682,0
78516,85682,0,85682,0
78516,85682,0,85682,0
78516,85682,0,85682,0
78516,85682,0,85682,0
78516,85682,0,85105,1
78516,85105,1,85105,1
78516,85105,1,85105,1
78516,85105,1,85105,1
78516,85105,1,85105,1
78516,85105,1,85105,1
78516,85105,1,85105,1
78516,85105,1,85105,1
78516,85105,1,85105,1
78516,85105,1,85105,1
78516,85105,1,85105,1
78516,85105,1,85105,1
78516,85105,1,85105,1
78516,85105,1,85105,1
78516,85105,1,85105,1
78516,85105,1,85105,1
78516,85105,1,85105,1
78516,85105,1,85105,1
78516,85105,1,85105,1
78516,85105,1,85105,1
78516,85105,1,85105,1
78516,85105,1,85105,1
78516,85105,1,85105,1
78516,85105,1,85105,1
78516,85105,1,85105,1
78516,85105,1,85105,1
78516,85105,1,85105,1
78516,85105,1,85105,1
78516,85105,1,85105,1
78516,85105,1,85105,1
78516,85105,1,85105,1
78516,85105,1,85105,1
78516,85105,1,85105,1
78516,85105,1,85105,1
78516,85105,1,85105,1
78516,85105,1,85105,1
78516,85105,1,85105,1
78516,85105,1,85105,1
78516,85105,1,85105,1
78516,85105,1,85105,1
78516,85105,1,85105,1
78516,85105,1,85105,1
78516,85105,1,85105,1
78516,85105,1,85105,1
78516,85105,1,85105,1
78516,85105,1,85105,1
78516,85105,1,85102,1
78516,85102,1,85102,1
78516,85102,1,85102,1
78516,85102,1,85102,1
78516,85102,1,85102,1
78516,85102,1,85102,1
78516,85102,1,85102,1
78516,85102,1,85102,1
78516,85102,1,85102,1
78516,85102,1,85102,1
78516,85102,1,85102,1
78516,85102,1,85102,1
78516,85102,1,85102,1
78516,85102,1,85102,1
78516,85102,1,85102,1
78516,85102,1,85102,1
78516,85102,1,85102,1
78516,85102,1,85102,1
78516,85102,1,85102,1
78516,85102,1,85102,1
78516,85102,1,85102,1
78516,85102,1,85102,1
78516,85102,1,85102,1
78516,85102,1,85102,1
78516,85102,1,85102,1
78516,85102,1,85102,1
78516,85102,1,85102,1
78516,85102,1,85102,1
78516,85102,1,85102,1
78516,85102,1,85102,1
78516,85102,1,85102,1
78516,85102,1,85102,1
78516,85102,1,85102,1
78516,85102,1,85102,1
78516,85102,1,85102,1
78516,85102,1,85102,1
78516,85102,1,85102,1
78516,85102,1,85102,1
78516,85102,1,85102,1
78516,85102,1,85102,1
78516,85102,1,85102,1
78516,85102,1,85102,1
78516,85102,1,85102,1
78516,85102,1,85102,1
78516,85102,1,85102,1
78516,85102,1,85102,1
78516,85102,1,86098,1
78516,86098,1,86098,1
78516,86098,1,86098,1
78516,86098,1,86098,1
78516,86098,1,86098,1
78516,86098,1,86098,1
78516,86098,1,86098,1
78516,86098,1,86098,1
78516,86098,1,86098,1
78516,86098,1,86098,1
78516,86098,1,86098,1
78516,86098,1,86098,1
78516,86098,1,86098,1
78516,86098,1,86098,1
78516,86098,1,86098,1
78516,86098,1,86098,1
78516,86098,1,86098,1
78516,86098,1,86098,1
78516,86098,1,86098,1
78516,86098,1,86098,1
78516,86098,1,86098,1
78516,86098,1,86098,1
78516,86098,1,86098,1
78516,86098,1,86098,1
78516,86098,1,86098,1
78516,86098,1,86098,1
78516,86098,1,86098,1
78516,86098,1,86098,1
78516,86098,1,86098,1
78516,86098,1,86098,1
78516,86098,1,86098,1
78516,86098,1,86098,1
78516,86098,1,86098,1
78516,86098,1,86098,1
78516,86098,1,86098,1
78516,86098,1,86098,1
78516,86098,1,86098,1
78516,86098,1,86098,1
78516,86098,1,86098,1
78516,86098,1,86098,1
78516,86098,1,86098,1
78516,86098,1,86098,1
78516,86098,1,86098,1
78516,86098,1,86098,1
78516,86098,1,86098,1
78516,86098,1,86098,1
78516,86098,1,85677,1
78516,85677,1,85677,1
78516,85677,1,85677,1
78516,85677,1,85677,1
78516,85677,1,85677,1
78516,85677,1,85677,1
78516,85677,1,85677,1
78516,85677,1,85677,1
78516,85677,1,85677,1
78516,85677,1,85677,1
78516,85677,1,85677,1
78516,85677,1,85677,1
78516,85677,1,85677,1
78516,85677,1,85677,1
78516,85677,1,85677,1
78516,85677,1,85677,1
78516,85677,1,85677,1
78516,85677,1,85677,1
78516,85677,1,85677,1
78516,85677,1,85677,1
78516,85677,1,85677,1
78516,85677,1,85677,1
78516,85677,1,85677,1
78516,85677,1,85677,1
78516,85677,1,85677,1
78516,85677,1,85677,1
78516,85677,1,85677,1
78516,85677,1,85677,1
78516,85677,1,85677,1
78516,85677,1,85677,1
78516,85677,1,85677,1
78516,85677,1,85677,1
78516,85677,1,85677,1
78516,85677,1,85677,1
78516,85677,1,85677,1
78516,85677,1,85677,1
78516,85677,1,85677,1
78516,85677,1,85677,1
78516,85677,1,85677,1
78516,85677,1,85677,1
78516,85677,1,85677,1
78516,85677,1,85677,1
78516,85677,1,85677,1
78516,85677,1,91353,1
78516,91353,1,91353,1
78516,91353,1,91353,1
78516,91353,1,91353,1
78516,91353,1,91353,1
78516,91353,1,91353,1
78516,91353,1,91353,1
78516,91353,1,91353,1
78516,91353,1,91353,1
78516,91353,1,91353,1
78516,91353,1,91353,1
78516,91353,1,91353,1
78516,91353,1,91353,1
78516,91353,1,91353,1
78516,91353,1,91353,1
78516,91353,1,91353,1
78516,91353,1,91353,1
78516,91353,1,91353,1
78516,91353,1,91353,1
78516,91353,1,91353,1
78516,91353,1,91353,1
78516,91353,1,91353,1
78516,91353,1,91353,1
78516,91353,1,91353,1
78516,91353,1,91353,1
78516,91353,1,91353,1
78516,91353,1,91353,1
78516,91353,1,91353,1
78516,91353,1,91353,1
78516,91353,1,91353,1
78516,91353,1,91353,1
78516,91353,1,91353,1
78516,91353,1,91353,1
78516,91353,1,91353,1
78516,91353,1,91353,1
78516,91353,1,91353,1
78516,91353,1,91353,1
78516,91353,1,91353,1
78516,91353,1,91353,1
78516,91353,1,91353,1
78516,91353,1,91353,1
78516,91353,1,91353,1
78516,91353,1,91353,1
78516,91353,1,91353,1
78516,91353,1,91353,1
78516,91353,1,91353,1
78516,91353,1,91353,1
78516,91353,1,91353,1
78516,91353,1,91353,1
78516,91353,1,91353,1
78516,91353,1,91353,1
78516,91353,1,91353,1
78516,91353,1,91353,1
78516,91353,1,91353,1
78516,91353,1,91353,1
78516,91353,1,91353,1
78516,91353,1,91353,1
78516,91353,1,91353,1
78516,91353,1,91353,1
78516,91353,1,91353,1
78516,91353,1,91353,1
78516,91353,1,91353,1
78516,91353,1,91353,1
78516,91353,1,91353,1
78516,91353,1,91353,1
78516,91353,1,91353,1
78516,91353,1,91353,1
78516,91353,1,91353,1
78516,91353,1,91353,1
78516,91353,1,91353,1
78516,91353,1,91353,1
78516,91353,1,91353,1
78516,91353,1,91353,1
78516,91353,1,91353,1
78516,91353,1,91353,1
78516,91353,1,91353,1
78516,91353,1,91353,1
78516,91353,1,91353,1
78516,91353,1,91353,1
78516,91353,1,91353,1
78516,91353,1,91353,1
78516,91353,1,91353,1
78516,91353,1,91353,1
78516,91353,1,91353,1
78516,91353,1,91353,1
78516,91353,1,91353,1
78516,91353,1,91353,1
78516,91353,1,91353,1
78516,91353,1,91353,1
78516,91353,1,91353,1
78516,91353,1,91353,1
78516,91353,1,91353,1
78516,91353,1,91353,1
78516,91353,1,91353,1
78516,91353,1,91353,1
78516,91353,1,91353,1
78516,91353,1,91353,1
78516,91353,1,91361,1
78516,91361,1,91361,1
78516,91361,1,91361,1
78516,91361,1,91361,1
78516,91361,1,91361,1
78516,91361,1,91361,1
78516,91361,1,91361,1
78516,91361,1,91361,1
78516,91361,1,91361,1
78516,91361,1,91361,1
78516,91361,1,91361,1
78516,91361,1,91361,1
78516,91361,1,91361,1
78516,91361,1,91361,1
78516,91361,1,91361,1
78516,91361,1,91361,1
78516,91361,1,91361,1
78516,91361,1,91361,1
78516,91361,1,91361,1
78516,91361,1,91361,1
78516,91361,1,91361,1
78516,91361,1,91361,1
78516,91361,1,91361,1
78516,91361,1,91361,1
78516,91361,1,91361,1
78516,91361,1,91361,1
78516,91361,1,91361,1
78516,91361,1,91361,1
78516,91361,1,91361,1
78516,91361,1,91361,1
78516,91361,1,91361,1
78516,91361,1,91361,1
78516,91361,1,91361,1
78516,91361,1,91361,1
78516,91361,1,91361,1
78516,91361,1,91361,1
78516,91361,1,91361,1
78516,91361,1,91361,1
78516,91361,1,91361,1
78516,91361,1,91361,1
78516,91361,1,91361,1
78516,91361,1,91361,1
78516,91361,1,91361,1
78516,91361,1,91361,1
78516,91361,1,91361,1
78516,91361,1,91361,1
78516,91361,1,91361,1
78516,91361,1,91396,1
78516,91396,1,91396,1
78516,91396,1,91396,1
78516,91396,1,91396,1
78516,91396,1,91396,1
78516,91396,1,91396,1
78516,91396,1,91396,1
78516,91396,1,91396,1
78516,91396,1,91396,1
78516,91396,1,91396,1
78516,91396,1,91396,1
78516,91396,1,91396,1
78516,91396,1,91396,1
78516,91396,1,91396,1
78516,91396,1,91396,1
78516,91396,1,91396,1
78516,91396,1,91396,1
78516,91396,1,91396,1
78516,91396,1,91396,1
78516,91396,1,91396,1
78516,91396,1,91396,1
78516,91396,1,91396,1
78516,91396,1,91396,1
78516,91396,1,91396,1
78516,91396,1,91396,1
78516,91396,1,91396,1
78516,91396,1,91396,1
78516,91396,1,91396,1
78516,91396,1,91396,1
78516,91396,1,91396,1
78516,91396,1,91396,1
78516,91396,1,91396,1
78516,91396,1,91396,1
78516,91396,1,91396,1
78516,91396,1,91396,1
78516,91396,1,91396,1
78516,91396,1,91396,1
78516,91396,1,91396,1
78516,91396,1,91396,1
78516,91396,1,91396,1
78516,91396,1,91396,1
78516,91396,1,91396,1
78516,91396,1,91396,1
78516,91396,1,91396,1
78516,91396,1,91396,1
78516,91396,1,91396,1
78516,91396,1,91396,1
78516,91396,1,91392,1
78516,91392,1,91392,1
78516,91392,1,91392,1
78516,91392,1,91392,1
78516,91392,1,91392,1
78516,91392,1,91392,1
78516,91392,1,91392,1
78516,91392,1,91392,1
78516,91392,1,91392,1
78516,91392,1,91392,1
78516,91392,1,91392,1
78516,91392,1,91392,1
78516,91392,1,91392,1
78516,91392,1,91392,1
78516,91392,1,91392,1
78516,91392,1,91392,1
78516,91392,1,91392,1
78516,91392,1,91392,1
78516,91392,1,91392,1
78516,91392,1,91392,1
78516,91392,1,91392,1
78516,91392,1,91392,1
78516,91392,1,91392,1
78516,91392,1,91392,1
78516,91392,1,91392,1
78516,91392,1,91392,1
78516,91392,1,91392,1
78516,91392,1,91392,1
78516,91392,1,91392,1
78516,91392,1,91392,1
78516,91392,1,91392,1
78516,91392,1,91392,1
78516,91392,1,91392,1
78516,91392,1,91392,1
78516,91392,1,91392,1
78516,91392,1,91392,1
78516,91392,1,91392,1
78516,91392,1,91392,1
78516,91392,1,91392,1
78516,91392,1,91392,1
78516,91392,1,91392,1
78516,91392,1,91392,1
78516,91392,1,91392,1
78516,91392,1,91392,1
78516,91392,1,91392,1
78516,91392,1,91392,1
78516,91392,1,91392,1
78516,91392,1,91392,1
78516,91392,1,91392,1
78516,91392,1,91392,1
78516,91392,1,91392,1
78516,91392,1,91392,1
78516,91392,1,91392,1
78516,91392,1,91392,1
78516,91392,1,91392,1
78516,91392,1,91392,1
78516,91392,1,91392,1
78516,91392,1,91392,1
78516,91392,1,91392,1
78516,91392,1,91392,1
78516,91392,1,91392,1
78516,91392,1,91392,1
78516,91392,1,91392,1
78516,91392,1,91392,1
78516,91392,1,91392,1
78516,91392,1,91392,1
78516,91392,1,91392,1
78516,91392,1,91392,1
78516,91392,1,91392,1
78516,91392,1,91392,1
78516,91392,1,91392,1
78516,91392,1,91392,1
78516,91392,1,91392,1
78516,91392,1,91392,1
78516,91392,1,91392,1
78516,91392,1,91392,1
78516,91392,1,91392,1
78516,91392,1,91392,1
78516,91392,1,91392,1
78516,91392,1,91392,1
78516,91392,1,91392,1
78516,91392,1,91392,1
78516,91392,1,91392,1
78516,91392,1,91392,1
78516,91392,1,91392,1
78516,91392,1,91392,1
78516,91392,1,91392,1
78516,91392,1,91392,1
78516,91392,1,91392,1
78516,91392,1,91392,1
78516,91392,1,91392,1
78516,91392,1,91392,1
78516,91392,1,91392,1
78516,91392,1,91392,1
78516,91392,1,91392,1
78516,91392,1,91392,1
78516,91392,1,91392,1
78516,91392,1,91646,0
78516,91646,0,91646,0
78516,91646,0,91646,0
78516,91646,0,91646,0
78516,91646,0,91646,0
78516,91646,0,91646,0
78516,91646,0,91646,0
78516,91646,0,91646,0
78516,91646,0,91646,0
78516,91646,0,91646,0
78516,91646,0,91646,0
78516,91646,0,91646,0
78516,91646,0,91646,0
78516,91646,0,91646,0
78516,91646,0,91646,0
78516,91646,0,91646,0
78516,91646,0,91646,0
78516,91646,0,91646,0
78516,91646,0,91646,0
78516,91646,0,91646,0
78516,91646,0,91646,0
78516,91646,0,91646,0
78516,91646,0,91646,0
78516,91646,0,91646,0
78516,91646,0,91646,0
78516,91646,0,91646,0
78516,91646,0,91646,0
78516,91646,0,91646,0
78516,91646,0,91646,0
78516,91646,0,91646,0
78516,91646,0,91646,0
78516,91646,0,91646,0
78516,91646,0,91646,0
78516,91646,0,91646,0
78516,91646,0,91646,0
78516,91646,0,91646,0
78516,91646,0,91646,0
78516,91646,0,91646,0
78516,91646,0,91646,0
78516,91646,0,91646,0
78516,91646,0,91646,0
78516,91646,0,91646,0
78516,91646,0,91646,0
78516,91646,0,91646,0
78516,91646,0,89846,1
78516,89846,1,89846,1
78516,89846,1,89846,1
78516,89846,1,89846,1
78516,89846,1,89846,1
78516,89846,1,89846,1
78516,89846,1,89846,1
78516,89846,1,89846,1
78516,89846,1,89846,1
78516,89846,1,89846,1
78516,89846,1,89846,1
78516,89846,1,89846,1
78516,89846,1,89846,1
78516,89846,1,89846,1
78516,89846,1,89846,1
78516,89846,1,89846,1
78516,89846,1,89846,1
78516,89846,1,89846,1
78516,89846,1,89846,1
78516,89846,1,89846,1
78516,89846,1,89846,1
78516,89846,1,89846,1
78516,89846,1,89846,1
78516,89846,1,89846,1
78516,89846,1,89846,1
78516,89846,1,89846,1
78516,89846,1,89846,1
78516,89846,1,89846,1
78516,89846,1,89846,1
78516,89846,1,89846,1
78516,89846,1,89846,1
78516,89846,1,89846,1
78516,89846,1,89846,1
78516,89846,1,89846,1
78516,89846,1,89846,1
78516,89846,1,89846,1
78516,89846,1,89846,1
78516,89846,1,89846,1
78516,89846,1,89846,1
78516,89846,1,89846,1
78516,89846,1,89846,1
78516,89846,1,89846,1
78516,89846,1,89846,1
78516,89846,1,89846,1
78516,89846,1,89846,1
78516,89846,1,89846,1
78516,89846,1,89846,1
78516,89846,1,89846,1
78516,89846,1,89846,1
78516,89846,1,89846,1
78516,89846,1,89846,1
78516,89846,1,89846,1
78516,89846,1,89846,1
78516,89846,1,89846,1
78516,89846,1,89846,1
78516,89846,1,89846,1
78516,89846,1,89846,1
78516,89846,1,89846,1
78516,89846,1,89846,1
78516,89846,1,89846,1
78516,89846,1,89846,1
78516,89846,1,89846,1
78516,89846,1,89846,1
78516,89846,1,89846,1
78516,89846,1,89846,1
78516,89846,1,89846,1
78516,89846,1,89846,1
78516,89846,1,89846,1
78516,89846,1,89846,1
78516,89846,1,89846,1
78516,89846,1,89846,1
78516,89846,1,89846,1
78516,89846,1,89846,1
78516,89846,1,89846,1
78516,89846,1,89846,1
78516,89846,1,89846,1
78516,89846,1,89846,1
78516,89846,1,89846,1
78516,89846,1,89846,1
78516,89846,1,89846,1
78516,89846,1,89846,1
78516,89846,1,89846,1
78516,89846,1,89846,1
78516,89846,1,89846,1
78516,89846,1,89846,1
78516,89846,1,89846,1
78516,89846,1,89846,1
78516,89846,1,89846,1
78516,89846,1,89846,1
78516,89846,1,89846,1
78516,89846,1,89846,1
78516,89846,1,89846,1
78516,89846,1,89846,1
78516,89846,1,89818,1
78516,89818,1,89818,1
78516,89818,1,89818,1
78516,89818,1,89818,1
78516,89818,1,89818,1
78516,89818,1,89818,1
78516,89818,1,89818,1
78516,89818,1,89818,1
78516,89818,1,89818,1
78516,89818,1,89818,1
78516,89818,1,89818,1
78516,89818,1,89818,1
78516,89818,1,89818,1
78516,89818,1,89818,1
78516,89818,1,89818,1
78516,89818,1,89818,1
78516,89818,1,89818,1
78516,89818,1,89818,1
78516,89818,1,89818,1
78516,89818,1,89818,1
78516,89818,1,89818,1
78516,89818,1,89818,1
78516,89818,1,89818,1
78516,89818,1,89818,1
78516,89818,1,89818,1
78516,89818,1,89818,1
78516,89818,1,89818,1
78516,89818,1,89818,1
78516,89818,1,89818,1
78516,89818,1,89818,1
78516,89818,1,89818,1
78516,89818,1,89818,1
78516,89818,1,89818,1
78516,89818,1,89818,1
78516,89818,1,89818,1
78516,89818,1,89818,1
78516,89818,1,89818,1
78516,89818,1,89818,1
78516,89818,1,89818,1
78516,89818,1,89818,1
78516,89818,1,89818,1
78516,89818,1,89818,1
78516,89818,1,89818,1
78516,89818,1,89818,1
78516,89818,1,89818,1
78516,89818,1,89818,1
78516,89818,1,89818,1
78516,89818,1,89818,1
78516,89818,1,89818,1
78516,89818,1,89818,1
78516,89818,1,89818,1
78516,89818,1,89818,1
78516,89818,1,89818,1
78516,89818,1,89818,1
78516,89818,1,89818,1
78516,89818,1,89818,1
78516,89818,1,89818,1
78516,89818,1,89818,1
78516,89818,1,89818,1
78516,89818,1,89818,1
78516,89818,1,89818,1
78516,89818,1,89818,1
78516,89818,1,89818,1
78516,89818,1,89818,1
78516,89818,1,89818,1
78516,89818,1,89818,1
78516,89818,1,89818,1
78516,89818,1,89818,1
78516,89818,1,89818,1
78516,89818,1,89818,1
78516,89818,1,89818,1
78516,89818,1,89818,1
78516,89818,1,89818,1
78516,89818,1,89818,1
78516,89818,1,89818,1
78516,89818,1,89818,1
78516,89818,1,89818,1
78516,89818,1,89818,1
78516,89818,1,89818,1
78516,89818,1,89818,1
78516,89818,1,89818,1
78516,89818,1,89818,1
78516,89818,1,89818,1
78516,89818,1,89818,1
78516,89818,1,89818,1
78516,89818,1,89818,1
78516,89818,1,89818,1
78516,89818,1,89818,1
78516,89818,1,89818,1
78516,89818,1,89818,1
78516,89818,1,89818,1
78516,89818,1,89818,1
78516,89818,1,89818,1
78516,89818,1,89879,1
78516,89879,1,89879,1
78516,89879,1,89879,1
78516,89879,1,89879,1
78516,89879,1,89879,1
78516,89879,1,89879,1
78516,89879,1,89879,1
78516,89879,1,89879,1
78516,89879,1,89879,1
78516,89879,1,89879,1
78516,89879,1,89879,1
78516,89879,1,89879,1
78516,89879,1,89879,1
78516,89879,1,89879,1
78516,89879,1,89879,1
78516,89879,1,89879,1
78516,89879,1,89879,1
78516,89879,1,89879,1
78516,89879,1,89879,1
78516,89879,1,89879,1
78516,89879,1,89879,1
78516,89879,1,89879,1
78516,89879,1,89879,1
78516,89879,1,89879,1
78516,89879,1,89879,1
78516,89879,1,89879,1
78516,89879,1,89879,1
78516,89879,1,89879,1
78516,89879,1,89879,1
78516,89879,1,89879,1
78516,89879,1,89879,1
78516,89879,1,89879,1
78516,89879,1,89879,1
78516,89879,1,89879,1
78516,89879,1,89879,1
78516,89879,1,89879,1
78516,89879,1,89879,1
78516,89879,1,89879,1
78516,89879,1,89879,1
78516,89879,1,89879,1
78516,89879,1,89879,1
78516,89879,1,89879,1
78516,89879,1,89879,1
78516,89879,1,89879,1
78516,89879,1,89797,1
78516,89797,1,89797,1
78516,89797,1,89797,1
78516,89797,1,89797,1
78516,89797,1,89797,1
78516,89797,1,89797,1
78516,89797,1,89797,1
78516,89797,1,89797,1
78516,89797,1,89797,1
78516,89797,1,89797,1
78516,89797,1,89797,1
78516,89797,1,89797,1
78516,89797,1,89797,1
78516,89797,1,89797,1
78516,89797,1,89797,1
78516,89797,1,89797,1
78516,89797,1,89797,1
78516,89797,1,89797,1
78516,89797,1,89797,1
78516,89797,1,89797,1
78516,89797,1,89797,1
78516,89797,1,89797,1
78516,89797,1,89797,1
78516,89797,1,89797,1
78516,89797,1,89797,1
78516,89797,1,89797,1
78516,89797,1,89797,1
78516,89797,1,89797,1
78516,89797,1,89797,1
78516,89797,1,89797,1
78516,89797,1,89797,1
78516,89797,1,89797,1
78516,89797,1,89797,1
78516,89797,1,89797,1
78516,89797,1,89797,1
78516,89797,1,89797,1
78516,89797,1,89797,1
78516,89797,1,89797,1
78516,89797,1,89797,1
78516,89797,1,89797,1
78516,89797,1,89797,1
78516,89797,1,89797,1
78516,89797,1,89797,1
78516,89797,1,89797,1
78516,89797,1,89797,1
78516,89797,1,89797,1
78516,89797,1,173918,1
78516,173918,1,173920,1
78516,173920,1,174001,1
78516,174001,1,173964,0
78516,173964,0,173960,1
78516,173960,1,173973,0
78516,173973,0,173998,1
78516,173998,1,174000,1
78516,174000,1,173974,1
78516,173974,1,91657,1
78516,91657,1,91657,1
78516,91657,1,91657,1
78516,91657,1,91657,1
78516,91657,1,91657,1
78516,91657,1,91657,1
78516,91657,1,91657,1
78516,91657,1,91657,1
78516,91657,1,91657,1
78516,91657,1,91657,1
78516,91657,1,91657,1
78516,91657,1,91657,1
78516,91657,1,91657,1
78516,91657,1,91657,1
78516,91657,1,91657,1
78516,91657,1,91657,1
78516,91657,1,91657,1
78516,91657,1,91657,1
78516,91657,1,91657,1
78516,91657,1,91657,1
78516,91657,1,91657,1
78516,91657,1,91657,1
78516,91657,1,91657,1
78516,91657,1,91657,1
78516,91657,1,91657,1
78516,91657,1,91657,1
78516,91657,1,91657,1
78516,91657,1,91657,1
78516,91657,1,91657,1
78516,91657,1,91657,1
78516,91657,1,91657,1
78516,91657,1,91657,1
78516,91657,1,91657,1
78516,91657,1,91657,1
78516,91657,1,91657,1
78516,91657,1,91657,1
78516,91657,1,91657,1
78516,91657,1,91657,1
78516,91657,1,91657,1
78516,91657,1,91657,1
78516,91657,1,91657,1
78516,91657,1,91657,1
78516,91657,1,91657,1
78516,91657,1,91657,1
78517,93220,1,93220,1
78517,93220,1,93220,1
78517,93220,1,93220,1
78517,93220,1,93220,1
78517,93220,1,93220,1
78517,93220,1,93220,1
78517,93220,1,93220,1
78517,93220,1,93220,1
78517,93220,1,93220,1
78517,93220,1,93220,1
78517,93220,1,93220,1
78517,93220,1,93220,1
78517,93220,1,93220,1
78517,93220,1,93220,1
78517,93220,1,93220,1
78517,93220,1,93220,1
78517,93220,1,93220,1
78517,93220,1,93220,1
78517,93220,1,93220,1
78517,93220,1,93220,1
78517,93220,1,93220,1
78517,93220,1,93220,1
78517,93220,1,93220,1
78517,93220,1,93220,1
78517,93220,1,93220,1
78517,93220,1,93220,1
78517,93220,1,93220,1
78517,93220,1,93220,1
78517,93220,1,93220,1
78517,93220,1,93220,1
78517,93220,1,93220,1
78517,93220,1,93220,1
78517,93220,1,93220,1
78517,93220,1,93220,1
78517,93220,1,93220,1
78517,93220,1,93220,1
78517,93220,1,93220,1
78517,93220,1,93220,1
78517,93220,1,93220,1
78517,93220,1,93220,1
78517,93220,1,93220,1
78517,93220,1,93220,1
78517,93220,1,93220,1
78517,93220,1,93220,1
78517,93220,1,93220,1
78517,93220,1,93238,1
78517,93238,1,93238,1
78517,93238,1,93238,1
78517,93238,1,93238,1
78517,93238,1,93238,1
78517,93238,1,93238,1
78517,93238,1,93238,1
78517,93238,1,93238,1
78517,93238,1,93238,1
78517,93238,1,93238,1
78517,93238,1,93238,1
78517,93238,1,93238,1
78517,93238,1,93238,1
78517,93238,1,93238,1
78517,93238,1,93238,1
78517,93238,1,93238,1
78517,93238,1,93238,1
78517,93238,1,93238,1
78517,93238,1,93238,1
78517,93238,1,93238,1
78517,93238,1,93238,1
78517,93238,1,93238,1
78517,93238,1,93238,1
78517,93238,1,93238,1
78517,93238,1,93238,1
78517,93238,1,93238,1
78517,93238,1,93238,1
78517,93238,1,93238,1
78517,93238,1,93238,1
78517,93238,1,93238,1
78517,93238,1,93238,1
78517,93238,1,93238,1
78517,93238,1,93238,1
78517,93238,1,93238,1
78517,93238,1,93238,1
78517,93238,1,93238,1
78517,93238,1,93238,1
78517,93238,1,93238,1
78517,93238,1,93238,1
78517,93238,1,93238,1
78517,93238,1,93238,1
78517,93238,1,93238,1
78517,93238,1,93238,1
78517,93238,1,93238,1
78517,93238,1,93238,1
78517,93238,1,93238,1
78517,93238,1,93240,1
78517,93240,1,93240,1
78517,93240,1,93240,1
78517,93240,1,93240,1
78517,93240,1,93240,1
78517,93240,1,93240,1
78517,93240,1,93240,1
78517,93240,1,93240,1
78517,93240,1,93240,1
78517,93240,1,93240,1
78517,93240,1,93240,1
78517,93240,1,93240,1
78517,93240,1,93240,1
78517,93240,1,93240,1
78517,93240,1,93240,1
78517,93240,1,93240,1
78517,93240,1,93240,1
78517,93240,1,93240,1
78517,93240,1,93240,1
78517,93240,1,93240,1
78517,93240,1,93240,1
78517,93240,1,93240,1
78517,93240,1,93240,1
78517,93240,1,93240,1
78517,93240,1,93240,1
78517,93240,1,93240,1
78517,93240,1,93240,1
78517,93240,1,93240,1
78517,93240,1,93240,1
78517,93240,1,93240,1
78517,93240,1,93240,1
78517,93240,1,93240,1
78517,93240,1,93240,1
78517,93240,1,93240,1
78517,93240,1,93240,1
78517,93240,1,93240,1
78517,93240,1,93240,1
78517,93240,1,93240,1
78517,93240,1,93240,1
78517,93240,1,93240,1
78517,93240,1,93240,1
78517,93240,1,93240,1
78517,93240,1,93240,1
78517,93240,1,85657,1
78517,85657,1,85657,1
78517,85657,1,85657,1
78517,85657,1,85657,1
78517,85657,1,85657,1
78517,85657,1,85657,1
78517,85657,1,85657,1
78517,85657,1,85657,1
78517,85657,1,85657,1
78517,85657,1,85657,1
78517,85657,1,85657,1
78517,85657,1,85657,1
78517,85657,1,85657,1
78517,85657,1,85657,1
78517,85657,1,85657,1
78517,85657,1,85657,1
78517,85657,1,85657,1
78517,85657,1,85657,1
78517,85657,1,85657,1
78517,85657,1,85657,1
78517,85657,1,85657,1
78517,85657,1,85657,1
78517,85657,1,85657,1
78517,85657,1,85657,1
78517,85657,1,85657,1
78517,85657,1,85657,1
78517,85657,1,85657,1
78517,85657,1,85657,1
78517,85657,1,85657,1
78517,85657,1,85657,1
78517,85657,1,85657,1
78517,85657,1,85657,1
78517,85657,1,85657,1
78517,85657,1,85657,1
78517,85657,1,85657,1
78517,85657,1,85657,1
78517,85657,1,85657,1
78517,85657,1,85657,1
78517,85657,1,85657,1
78517,85657,1,85657,1
78517,85657,1,85657,1
78517,85657,1,85657,1
78517,85657,1,85657,1
78517,85657,1,85657,1
78517,85657,1,85657,1
78517,85657,1,85657,1
78517,85657,1,85682,1
78517,85682,1,85682,1
78517,85682,1,85682,1
78517,85682,1,85682,1
78517,85682,1,85682,1
78517,85682,1,85682,1
78517,85682,1,85682,1
78517,85682,1,85682,1
78517,85682,1,85682,1
78517,85682,1,85682,1
78517,85682,1,85682,1
78517,85682,1,85682,1
78517,85682,1,85682,1
78517,85682,1,85682,1
78517,85682,1,85682,1
78517,85682,1,85682,1
78517,85682,1,85682,1
78517,85682,1,85682,1
78517,85682,1,85682,1
78517,85682,1,85682,1
78517,85682,1,85682,1
78517,85682,1,85682,1
78517,85682,1,85682,1
78517,85682,1,85682,1
78517,85682,1,85682,1
78517,85682,1,85682,1
78517,85682,1,85682,1
78517,85682,1,85682,1
78517,85682,1,85682,1
78517,85682,1,85682,1
78517,85682,1,85682,1
78517,85682,1,85682,1
78517,85682,1,85682,1
78517,85682,1,85682,1
78517,85682,1,85682,1
78517,85682,1,85682,1
78517,85682,1,85682,1
78517,85682,1,85682,1
78517,85682,1,85682,1
78517,85682,1,85682,1
78517,85682,1,85682,1
78517,85682,1,85682,1
78517,85682,1,85682,1
78517,85682,1,85682,1
78517,85682,1,85682,1
78517,85682,1,85682,1
78517,85682,1,85092,1
78517,85092,1,85092,1
78517,85092,1,85092,1
78517,85092,1,85092,1
78517,85092,1,85092,1
78517,85092,1,85092,1
78517,85092,1,85092,1
78517,85092,1,85092,1
78517,85092,1,85092,1
78517,85092,1,85092,1
78517,85092,1,85092,1
78517,85092,1,85092,1
78517,85092,1,85092,1
78517,85092,1,85092,1
78517,85092,1,85092,1
78517,85092,1,85092,1
78517,85092,1,85092,1
78517,85092,1,85092,1
78517,85092,1,85092,1
78517,85092,1,85092,1
78517,85092,1,85092,1
78517,85092,1,85092,1
78517,85092,1,85092,1
78517,85092,1,85092,1
78517,85092,1,85092,1
78517,85092,1,85092,1
78517,85092,1,85092,1
78517,85092,1,85092,1
78517,85092,1,85092,1
78517,85092,1,85092,1
78517,85092,1,85092,1
78517,85092,1,85092,1
78517,85092,1,85092,1
78517,85092,1,85092,1
78517,85092,1,85092,1
78517,85092,1,85092,1
78517,85092,1,85092,1
78517,85092,1,85092,1
78517,85092,1,85092,1
78517,85092,1,85092,1
78517,85092,1,85092,1
78517,85092,1,85092,1
78517,85092,1,85092,1
78517,85092,1,89298,1
78517,89298,1,89298,1
78517,89298,1,89298,1
78517,89298,1,89298,1
78517,89298,1,89298,1
78517,89298,1,89298,1
78517,89298,1,89298,1
78517,89298,1,89298,1
78517,89298,1,89298,1
78517,89298,1,89298,1
78517,89298,1,89298,1
78517,89298,1,89298,1
78517,89298,1,89298,1
78517,89298,1,89298,1
78517,89298,1,89298,1
78517,89298,1,89298,1
78517,89298,1,89298,1
78517,89298,1,89298,1
78517,89298,1,89298,1
78517,89298,1,89298,1
78517,89298,1,89298,1
78517,89298,1,89298,1
78517,89298,1,89298,1
78517,89298,1,89298,1
78517,89298,1,89298,1
78517,89298,1,89298,1
78517,89298,1,89298,1
78517,89298,1,89298,1
78517,89298,1,89298,1
78517,89298,1,89298,1
78517,89298,1,89298,1
78517,89298,1,89298,1
78517,89298,1,89298,1
78517,89298,1,89298,1
78517,89298,1,89298,1
78517,89298,1,89298,1
78517,89298,1,89298,1
78517,89298,1,89298,1
78517,89298,1,89298,1
78517,89298,1,89298,1
78517,89298,1,89298,1
78517,89298,1,89298,1
78517,89298,1,89298,1
78517,89298,1,89298,1
78517,89298,1,89298,1
78517,89298,1,89298,1
78517,89298,1,89298,1
78517,89298,1,91348,1
78517,91348,1,91348,1
78517,91348,1,91348,1
78517,91348,1,91348,1
78517,91348,1,91348,1
78517,91348,1,91348,1
78517,91348,1,91348,1
78517,91348,1,91348,1
78517,91348,1,91348,1
78517,91348,1,91348,1
78517,91348,1,91348,1
78517,91348,1,91348,1
78517,91348,1,91348,1
78517,91348,1,91348,1
78517,91348,1,91348,1
78517,91348,1,91348,1
78517,91348,1,91348,1
78517,91348,1,91348,1
78517,91348,1,91348,1
78517,91348,1,91348,1
78517,91348,1,91348,1
78517,91348,1,91348,1
78517,91348,1,91348,1
78517,91348,1,91348,1
78517,91348,1,91348,1
78517,91348,1,91348,1
78517,91348,1,91348,1
78517,91348,1,91348,1
78517,91348,1,91348,1
78517,91348,1,91348,1
78517,91348,1,91348,1
78517,91348,1,91348,1
78517,91348,1,91348,1
78517,91348,1,91348,1
78517,91348,1,91348,1
78517,91348,1,91348,1
78517,91348,1,91348,1
78517,91348,1,91348,1
78517,91348,1,91348,1
78517,91348,1,91348,1
78517,91348,1,91348,1
78517,91348,1,91348,1
78517,91348,1,91348,1
78517,91348,1,91348,1
78517,91348,1,91348,1
78517,91348,1,91348,1
78517,91348,1,91348,1
78517,91348,1,91348,1
78517,91348,1,91348,1
78517,91348,1,91348,1
78517,91348,1,91348,1
78517,91348,1,91348,1
78517,91348,1,91348,1
78517,91348,1,91348,1
78517,91348,1,91348,1
78517,91348,1,91348,1
78517,91348,1,91348,1
78517,91348,1,91348,1
78517,91348,1,91348,1
78517,91348,1,91348,1
78517,91348,1,91348,1
78517,91348,1,91348,1
78517,91348,1,91348,1
78517,91348,1,91348,1
78517,91348,1,91348,1
78517,91348,1,91348,1
78517,91348,1,91348,1
78517,91348,1,91348,1
78517,91348,1,91348,1
78517,91348,1,91348,1
78517,91348,1,91348,1
78517,91348,1,91348,1
78517,91348,1,91348,1
78517,91348,1,91348,1
78517,91348,1,91348,1
78517,91348,1,91348,1
78517,91348,1,91348,1
78517,91348,1,91348,1
78517,91348,1,91348,1
78517,91348,1,91348,1
78517,91348,1,91348,1
78517,91348,1,91348,1
78517,91348,1,91348,1
78517,91348,1,91348,1
78517,91348,1,91348,1
78517,91348,1,91348,1
78517,91348,1,91348,1
78517,91348,1,91348,1
78517,91348,1,91348,1
78517,91348,1,91348,1
78517,91348,1,91348,1
78517,91348,1,91348,1
78517,91348,1,91348,1
78517,91348,1,91348,1
78517,91348,1,91348,1
78517,91348,1,91348,1
78517,91348,1,91348,1
78517,91348,1,89274,1
78517,89274,1,89274,1
78517,89274,1,89274,1
78517,89274,1,89274,1
78517,89274,1,89274,1
78517,89274,1,89274,1
78517,89274,1,89274,1
78517,89274,1,89274,1
78517,89274,1,89274,1
78517,89274,1,89274,1
78517,89274,1,89274,1
78517,89274,1,89274,1
78517,89274,1,89274,1
78517,89274,1,89274,1
78517,89274,1,89274,1
78517,89274,1,89274,1
78517,89274,1,89274,1
78517,89274,1,89274,1
78517,89274,1,89274,1
78517,89274,1,89274,1
78517,89274,1,89274,1
78517,89274,1,89274,1
78517,89274,1,89274,1
78517,89274,1,89274,1
78517,89274,1,89274,1
78517,89274,1,89274,1
78517,89274,1,89274,1
78517,89274,1,89274,1
78517,89274,1,89274,1
78517,89274,1,89274,1
78517,89274,1,89274,1
78517,89274,1,89274,1
78517,89274,1,89274,1
78517,89274,1,89274,1
78517,89274,1,89274,1
78517,89274,1,89274,1
78517,89274,1,89274,1
78517,89274,1,89274,1
78517,89274,1,89274,1
78517,89274,1,89274,1
78517,89274,1,89274,1
78517,89274,1,89274,1
78517,89274,1,89274,1
78517,89274,1,89274,1
78517,89274,1,89274,1
78517,89274,1,89274,1
78517,89274,1,89274,1
78517,89274,1,89274,1
78517,89274,1,89274,1
78517,89274,1,89274,1
78517,89274,1,89274,1
78517,89274,1,89274,1
78517,89274,1,89274,1
78517,89274,1,89274,1
78517,89274,1,89274,1
78517,89274,1,89274,1
78517,89274,1,89274,1
78517,89274,1,89274,1
78517,89274,1,89274,1
78517,89274,1,89274,1
78517,89274,1,89274,1
78517,89274,1,89274,1
78517,89274,1,89274,1
78517,89274,1,89274,1
78517,89274,1,89274,1
78517,89274,1,89274,1
78517,89274,1,89274,1
78517,89274,1,89274,1
78517,89274,1,89274,1
78517,89274,1,89274,1
78517,89274,1,89274,1
78517,89274,1,89274,1
78517,89274,1,89274,1
78517,89274,1,89274,1
78517,89274,1,89274,1
78517,89274,1,89274,1
78517,89274,1,89274,1
78517,89274,1,89274,1
78517,89274,1,89274,1
78517,89274,1,89274,1
78517,89274,1,89274,1
78517,89274,1,89274,1
78517,89274,1,89274,1
78517,89274,1,89274,1
78517,89274,1,89274,1
78517,89274,1,89274,1
78517,89274,1,89274,1
78517,89274,1,89274,1
78517,89274,1,89274,1
78517,89274,1,89274,1
78517,89274,1,89274,1
78517,89274,1,89274,1
78517,89274,1,89274,1
78517,89274,1,89274,1
78517,89274,1,89274,1
78517,89274,1,89274,1
78517,89274,1,89274,1
78517,89274,1,91384,1
78517,91384,1,91384,1
78517,91384,1,91384,1
78517,91384,1,91384,1
78517,91384,1,91384,1
78517,91384,1,91384,1
78517,91384,1,91384,1
78517,91384,1,91384,1
78517,91384,1,91384,1
78517,91384,1,91384,1
78517,91384,1,91384,1
78517,91384,1,91384,1
78517,91384,1,91384,1
78517,91384,1,91384,1
78517,91384,1,91384,1
78517,91384,1,91384,1
78517,91384,1,91384,1
78517,91384,1,91384,1
78517,91384,1,91384,1
78517,91384,1,91384,1
78517,91384,1,91384,1
78517,91384,1,91384,1
78517,91384,1,91384,1
78517,91384,1,91384,1
78517,91384,1,91384,1
78517,91384,1,91384,1
78517,91384,1,91384,1
78517,91384,1,91384,1
78517,91384,1,91384,1
78517,91384,1,91384,1
78517,91384,1,91384,1
78517,91384,1,91384,1
78517,91384,1,91384,1
78517,91384,1,91384,1
78517,91384,1,91384,1
78517,91384,1,91384,1
78517,91384,1,91384,1
78517,91384,1,91384,1
78517,91384,1,91384,1
78517,91384,1,91384,1
78517,91384,1,91384,1
78517,91384,1,91384,1
78517,91384,1,91384,1
78517,91384,1,91384,1
78517,91384,1,91384,1
78517,91384,1,91384,1
78517,91384,1,91384,1
78517,91384,1,89789,1
78517,89789,1,89789,1
78517,89789,1,89789,1
78517,89789,1,89789,1
78517,89789,1,89789,1
78517,89789,1,89789,1
78517,89789,1,89789,1
78517,89789,1,89789,1
78517,89789,1,89789,1
78517,89789,1,89789,1
78517,89789,1,89789,1
78517,89789,1,89789,1
78517,89789,1,89789,1
78517,89789,1,89789,1
78517,89789,1,89789,1
78517,89789,1,89789,1
78517,89789,1,89789,1
78517,89789,1,89789,1
78517,89789,1,89789,1
78517,89789,1,89789,1
78517,89789,1,89789,1
78517,89789,1,89789,1
78517,89789,1,89789,1
78517,89789,1,89789,1
78517,89789,1,89789,1
78517,89789,1,89789,1
78517,89789,1,89789,1
78517,89789,1,89789,1
78517,89789,1,89789,1
78517,89789,1,89789,1
78517,89789,1,89789,1
78517,89789,1,89789,1
78517,89789,1,89789,1
78517,89789,1,89789,1
78517,89789,1,89789,1
78517,89789,1,89789,1
78517,89789,1,89789,1
78517,89789,1,89789,1
78517,89789,1,89789,1
78517,89789,1,89789,1
78517,89789,1,89789,1
78517,89789,1,89789,1
78517,89789,1,89789,1
78517,89789,1,89789,1
78517,89789,1,89789,1
78517,89789,1,89789,1
78517,89789,1,89789,1
78517,89789,1,89789,1
78517,89789,1,89789,1
78517,89789,1,89789,1
78517,89789,1,89789,1
78517,89789,1,89789,1
78517,89789,1,89789,1
78517,89789,1,89789,1
78517,89789,1,89789,1
78517,89789,1,89789,1
78517,89789,1,89789,1
78517,89789,1,89789,1
78517,89789,1,89789,1
78517,89789,1,89789,1
78517,89789,1,89789,1
78517,89789,1,89789,1
78517,89789,1,89789,1
78517,89789,1,89789,1
78517,89789,1,89789,1
78517,89789,1,89789,1
78517,89789,1,89789,1
78517,89789,1,89789,1
78517,89789,1,89789,1
78517,89789,1,89789,1
78517,89789,1,89789,1
78517,89789,1,89789,1
78517,89789,1,89789,1
78517,89789,1,89789,1
78517,89789,1,89789,1
78517,89789,1,89789,1
78517,89789,1,89789,1
78517,89789,1,89789,1
78517,89789,1,89789,1
78517,89789,1,89789,1
78517,89789,1,89789,1
78517,89789,1,89789,1
78517,89789,1,89789,1
78517,89789,1,89789,1
78517,89789,1,89789,1
78517,89789,1,89789,1
78517,89789,1,89789,1
78517,89789,1,89789,1
78517,89789,1,89789,1
78517,89789,1,89789,1
78517,89789,1,89789,1
78517,89789,1,89789,1
78517,89789,1,89789,1
78517,89789,1,89802,1
78517,89802,1,89802,1
78517,89802,1,89802,1
78517,89802,1,89802,1
78517,89802,1,89802,1
78517,89802,1,89802,1
78517,89802,1,89802,1
78517,89802,1,89802,1
78517,89802,1,89802,1
78517,89802,1,89802,1
78517,89802,1,89802,1
78517,89802,1,89802,1
78517,89802,1,89802,1
78517,89802,1,89802,1
78517,89802,1,89802,1
78517,89802,1,89802,1
78517,89802,1,89802,1
78517,89802,1,89802,1
78517,89802,1,89802,1
78517,89802,1,89802,1
78517,89802,1,89802,1
78517,89802,1,89802,1
78517,89802,1,89802,1
78517,89802,1,89802,1
78517,89802,1,89802,1
78517,89802,1,89802,1
78517,89802,1,89802,1
78517,89802,1,89802,1
78517,89802,1,89802,1
78517,89802,1,89802,1
78517,89802,1,89802,1
78517,89802,1,89802,1
78517,89802,1,89802,1
78517,89802,1,89802,1
78517,89802,1,89802,1
78517,89802,1,89802,1
78517,89802,1,89802,1
78517,89802,1,89802,1
78517,89802,1,89802,1
78517,89802,1,89802,1
78517,89802,1,89802,1
78517,89802,1,89802,1
78517,89802,1,89802,1
78517,89802,1,89802,1
78517,89802,1,89802,1
78517,89802,1,89802,1
78517,89802,1,89802,1
78517,89802,1,89802,1
78517,89802,1,89802,1
78517,89802,1,89802,1
78517,89802,1,89802,1
78517,89802,1,89802,1
78517,89802,1,89802,1
78517,89802,1,89802,1
78517,89802,1,89802,1
78517,89802,1,89802,1
78517,89802,1,89802,1
78517,89802,1,89802,1
78517,89802,1,89802,1
78517,89802,1,89802,1
78517,89802,1,89802,1
78517,89802,1,89802,1
78517,89802,1,89802,1
78517,89802,1,89802,1
78517,89802,1,89802,1
78517,89802,1,89802,1
78517,89802,1,89802,1
78517,89802,1,89802,1
78517,89802,1,89802,1
78517,89802,1,89802,1
78517,89802,1,89802,1
78517,89802,1,89802,1
78517,89802,1,89802,1
78517,89802,1,89802,1
78517,89802,1,89802,1
78517,89802,1,89802,1
78517,89802,1,89802,1
78517,89802,1,89802,1
78517,89802,1,89802,1
78517,89802,1,89802,1
78517,89802,1,89802,1
78517,89802,1,89802,1
78517,89802,1,89802,1
78517,89802,1,89802,1
78517,89802,1,89802,1
78517,89802,1,89802,1
78517,89802,1,89802,1
78517,89802,1,89802,1
78517,89802,1,89802,1
78517,89802,1,89802,1
78517,89802,1,89802,1
78517,89802,1,89802,1
78517,89802,1,89802,1
78517,89802,1,89808,1
78517,89808,1,89808,1
78517,89808,1,89808,1
78517,89808,1,89808,1
78517,89808,1,89808,1
78517,89808,1,89808,1
78517,89808,1,89808,1
78517,89808,1,89808,1
78517,89808,1,89808,1
78517,89808,1,89808,1
78517,89808,1,89808,1
78517,89808,1,89808,1
78517,89808,1,89808,1
78517,89808,1,89808,1
78517,89808,1,89808,1
78517,89808,1,89808,1
78517,89808,1,89808,1
78517,89808,1,89808,1
78517,89808,1,89808,1
78517,89808,1,89808,1
78517,89808,1,89808,1
78517,89808,1,89808,1
78517,89808,1,89808,1
78517,89808,1,89808,1
78517,89808,1,89808,1
78517,89808,1,89808,1
78517,89808,1,89808,1
78517,89808,1,89808,1
78517,89808,1,89808,1
78517,89808,1,89808,1
78517,89808,1,89808,1
78517,89808,1,89808,1
78517,89808,1,89808,1
78517,89808,1,89808,1
78517,89808,1,89808,1
78517,89808,1,89808,1
78517,89808,1,89808,1
78517,89808,1,89808,1
78517,89808,1,89808,1
78517,89808,1,89808,1
78517,89808,1,89808,1
78517,89808,1,89808,1
78517,89808,1,89808,1
78517,89808,1,89808,1
78517,89808,1,89849,1
78517,89849,1,89849,1
78517,89849,1,89849,1
78517,89849,1,89849,1
78517,89849,1,89849,1
78517,89849,1,89849,1
78517,89849,1,89849,1
78517,89849,1,89849,1
78517,89849,1,89849,1
78517,89849,1,89849,1
78517,89849,1,89849,1
78517,89849,1,89849,1
78517,89849,1,89849,1
78517,89849,1,89849,1
78517,89849,1,89849,1
78517,89849,1,89849,1
78517,89849,1,89849,1
78517,89849,1,89849,1
78517,89849,1,89849,1
78517,89849,1,89849,1
78517,89849,1,89849,1
78517,89849,1,89849,1
78517,89849,1,89849,1
78517,89849,1,89849,1
78517,89849,1,89849,1
78517,89849,1,89849,1
78517,89849,1,89849,1
78517,89849,1,89849,1
78517,89849,1,89849,1
78517,89849,1,89849,1
78517,89849,1,89849,1
78517,89849,1,89849,1
78517,89849,1,89849,1
78517,89849,1,89849,1
78517,89849,1,89849,1
78517,89849,1,89849,1
78517,89849,1,89849,1
78517,89849,1,89849,1
78517,89849,1,89849,1
78517,89849,1,89849,1
78517,89849,1,89849,1
78517,89849,1,89849,1
78517,89849,1,89849,1
78517,89849,1,89849,1
78517,89849,1,89849,1
78517,89849,1,89849,1
78517,89849,1,173898,1
78517,173898,1,173905,1
78517,173905,1,173976,1
78517,173976,1,173987,0
78517,173987,0,173981,0
78517,173981,0,173955,1
78517,173955,1,173959,1
78517,173959,1,173980,1
78518,93146,1,93146,1
78518,93146,1,93146,1
78518,93146,1,93146,1
78518,93146,1,93146,1
78518,93146,1,93146,1
78518,93146,1,93146,1
78518,93146,1,93146,1
78518,93146,1,93146,1
78518,93146,1,93146,1
78518,93146,1,93146,1
78518,93146,1,93146,1
78518,93146,1,93146,1
78518,93146,1,93146,1
78518,93146,1,93146,1
78518,93146,1,93146,1
78518,93146,1,93146,1
78518,93146,1,93146,1
78518,93146,1,93146,1
78518,93146,1,93146,1
78518,93146,1,93146,1
78518,93146,1,93146,1
78518,93146,1,93146,1
78518,93146,1,93146,1
78518,93146,1,93146,1
78518,93146,1,93146,1
78518,93146,1,93146,1
78518,93146,1,93146,1
78518,93146,1,93146,1
78518,93146,1,93146,1
78518,93146,1,93146,1
78518,93146,1,93146,1
78518,93146,1,93146,1
78518,93146,1,93146,1
78518,93146,1,93146,1
78518,93146,1,93146,1
78518,93146,1,93146,1
78518,93146,1,93146,1
78518,93146,1,93146,1
78518,93146,1,93146,1
78518,93146,1,93146,1
78518,93146,1,93146,1
78518,93146,1,93146,1
78518,93146,1,93146,1
78518,93146,1,93146,1
78518,93146,1,93146,1
78518,93146,1,93168,1
78518,93168,1,93168,1
78518,93168,1,93168,1
78518,93168,1,93168,1
78518,93168,1,93168,1
78518,93168,1,93168,1
78518,93168,1,93168,1
78518,93168,1,93168,1
78518,93168,1,93168,1
78518,93168,1,93168,1
78518,93168,1,93168,1
78518,93168,1,93168,1
78518,93168,1,93168,1
78518,93168,1,93168,1
78518,93168,1,93168,1
78518,93168,1,93168,1
78518,93168,1,93168,1
78518,93168,1,93168,1
78518,93168,1,93168,1
78518,93168,1,93168,1
78518,93168,1,93168,1
78518,93168,1,93168,1
78518,93168,1,93168,1
78518,93168,1,93168,1
78518,93168,1,93168,1
78518,93168,1,93168,1
78518,93168,1,93168,1
78518,93168,1,93168,1
78518,93168,1,93168,1
78518,93168,1,93168,1
78518,93168,1,93168,1
78518,93168,1,93168,1
78518,93168,1,93168,1
78518,93168,1,93168,1
78518,93168,1,93168,1
78518,93168,1,93168,1
78518,93168,1,93168,1
78518,93168,1,93168,1
78518,93168,1,93168,1
78518,93168,1,93168,1
78518,93168,1,93168,1
78518,93168,1,93168,1
78518,93168,1,93168,1
78518,93168,1,93168,1
78518,93168,1,93168,1
78518,93168,1,93168,1
78518,93168,1,93240,1
78518,93240,1,93240,1
78518,93240,1,93240,1
78518,93240,1,93240,1
78518,93240,1,93240,1
78518,93240,1,93240,1
78518,93240,1,93240,1
78518,93240,1,93240,1
78518,93240,1,93240,1
78518,93240,1,93240,1
78518,93240,1,93240,1
78518,93240,1,93240,1
78518,93240,1,93240,1
78518,93240,1,93240,1
78518,93240,1,93240,1
78518,93240,1,93240,1
78518,93240,1,93240,1
78518,93240,1,93240,1
78518,93240,1,93240,1
78518,93240,1,93240,1
78518,93240,1,93240,1
78518,93240,1,93240,1
78518,93240,1,93240,1
78518,93240,1,93240,1
78518,93240,1,93240,1
78518,93240,1,93240,1
78518,93240,1,93240,1
78518,93240,1,93240,1
78518,93240,1,93240,1
78518,93240,1,93240,1
78518,93240,1,93240,1
78518,93240,1,93240,1
78518,93240,1,93240,1
78518,93240,1,93240,1
78518,93240,1,93240,1
78518,93240,1,93240,1
78518,93240,1,93240,1
78518,93240,1,93240,1
78518,93240,1,93240,1
78518,93240,1,93240,1
78518,93240,1,93240,1
78518,93240,1,93240,1
78518,93240,1,93240,1
78518,93240,1,85682,1
78518,85682,1,85682,1
78518,85682,1,85682,1
78518,85682,1,85682,1
78518,85682,1,85682,1
78518,85682,1,85682,1
78518,85682,1,85682,1
78518,85682,1,85682,1
78518,85682,1,85682,1
78518,85682,1,85682,1
78518,85682,1,85682,1
78518,85682,1,85682,1
78518,85682,1,85682,1
78518,85682,1,85682,1
78518,85682,1,85682,1
78518,85682,1,85682,1
78518,85682,1,85682,1
78518,85682,1,85682,1
78518,85682,1,85682,1
78518,85682,1,85682,1
78518,85682,1,85682,1
78518,85682,1,85682,1
78518,85682,1,85682,1
78518,85682,1,85682,1
78518,85682,1,85682,1
78518,85682,1,85682,1
78518,85682,1,85682,1
78518,85682,1,85682,1
78518,85682,1,85682,1
78518,85682,1,85682,1
78518,85682,1,85682,1
78518,85682,1,85682,1
78518,85682,1,85682,1
78518,85682,1,85682,1
78518,85682,1,85682,1
78518,85682,1,85682,1
78518,85682,1,85682,1
78518,85682,1,85682,1
78518,85682,1,85682,1
78518,85682,1,85682,1
78518,85682,1,85682,1
78518,85682,1,85682,1
78518,85682,1,85682,1
78518,85682,1,85682,1
78518,85682,1,85682,1
78518,85682,1,85682,1
78518,85682,1,86103,1
78518,86103,1,86103,1
78518,86103,1,86103,1
78518,86103,1,86103,1
78518,86103,1,86103,1
78518,86103,1,86103,1
78518,86103,1,86103,1
78518,86103,1,86103,1
78518,86103,1,86103,1
78518,86103,1,86103,1
78518,86103,1,86103,1
78518,86103,1,86103,1
78518,86103,1,86103,1
78518,86103,1,86103,1
78518,86103,1,86103,1
78518,86103,1,86103,1
78518,86103,1,86103,1
78518,86103,1,86103,1
78518,86103,1,86103,1
78518,86103,1,86103,1
78518,86103,1,86103,1
78518,86103,1,86103,1
78518,86103,1,86103,1
78518,86103,1,86103,1
78518,86103,1,86103,1
78518,86103,1,86103,1
78518,86103,1,86103,1
78518,86103,1,86103,1
78518,86103,1,86103,1
78518,86103,1,86103,1
78518,86103,1,86103,1
78518,86103,1,86103,1
78518,86103,1,86103,1
78518,86103,1,86103,1
78518,86103,1,86103,1
78518,86103,1,86103,1
78518,86103,1,86103,1
78518,86103,1,86103,1
78518,86103,1,86103,1
78518,86103,1,86103,1
78518,86103,1,86103,1
78518,86103,1,86103,1
78518,86103,1,86103,1
78518,86103,1,86103,1
78518,86103,1,86103,1
78518,86103,1,86103,1
78518,86103,1,84626,1
78518,84626,1,84626,1
78518,84626,1,84626,1
78518,84626,1,84626,1
78518,84626,1,84626,1
78518,84626,1,84626,1
78518,84626,1,84626,1
78518,84626,1,84626,1
78518,84626,1,84626,1
78518,84626,1,84626,1
78518,84626,1,84626,1
78518,84626,1,84626,1
78518,84626,1,84626,1
78518,84626,1,84626,1
78518,84626,1,84626,1
78518,84626,1,84626,1
78518,84626,1,84626,1
78518,84626,1,84626,1
78518,84626,1,84626,1
78518,84626,1,84626,1
78518,84626,1,84626,1
78518,84626,1,84626,1
78518,84626,1,84626,1
78518,84626,1,84626,1
78518,84626,1,84626,1
78518,84626,1,84626,1
78518,84626,1,84626,1
78518,84626,1,84626,1
78518,84626,1,84626,1
78518,84626,1,84626,1
78518,84626,1,84626,1
78518,84626,1,84626,1
78518,84626,1,84626,1
78518,84626,1,84626,1
78518,84626,1,84626,1
78518,84626,1,84626,1
78518,84626,1,84626,1
78518,84626,1,84626,1
78518,84626,1,84626,1
78518,84626,1,84626,1
78518,84626,1,84626,1
78518,84626,1,84626,1
78518,84626,1,84626,1
78518,84626,1,89270,1
78518,89270,1,89270,1
78518,89270,1,89270,1
78518,89270,1,89270,1
78518,89270,1,89270,1
78518,89270,1,89270,1
78518,89270,1,89270,1
78518,89270,1,89270,1
78518,89270,1,89270,1
78518,89270,1,89270,1
78518,89270,1,89270,1
78518,89270,1,89270,1
78518,89270,1,89270,1
78518,89270,1,89270,1
78518,89270,1,89270,1
78518,89270,1,89270,1
78518,89270,1,89270,1
78518,89270,1,89270,1
78518,89270,1,89270,1
78518,89270,1,89270,1
78518,89270,1,89270,1
78518,89270,1,89270,1
78518,89270,1,89270,1
78518,89270,1,89270,1
78518,89270,1,89270,1
78518,89270,1,89270,1
78518,89270,1,89270,1
78518,89270,1,89270,1
78518,89270,1,89270,1
78518,89270,1,89270,1
78518,89270,1,89270,1
78518,89270,1,89270,1
78518,89270,1,89270,1
78518,89270,1,89270,1
78518,89270,1,89270,1
78518,89270,1,89270,1
78518,89270,1,89270,1
78518,89270,1,89270,1
78518,89270,1,89270,1
78518,89270,1,89270,1
78518,89270,1,89270,1
78518,89270,1,89270,1
78518,89270,1,89270,1
78518,89270,1,89270,1
78518,89270,1,89270,1
78518,89270,1,89270,1
78518,89270,1,89270,1
78518,89270,1,89270,1
78518,89270,1,89270,1
78518,89270,1,89270,1
78518,89270,1,89270,1
78518,89270,1,89270,1
78518,89270,1,89270,1
78518,89270,1,89270,1
78518,89270,1,89270,1
78518,89270,1,89270,1
78518,89270,1,89270,1
78518,89270,1,89270,1
78518,89270,1,89270,1
78518,89270,1,89270,1
78518,89270,1,89270,1
78518,89270,1,89270,1
78518,89270,1,89270,1
78518,89270,1,89270,1
78518,89270,1,89270,1
78518,89270,1,89270,1
78518,89270,1,89270,1
78518,89270,1,89270,1
78518,89270,1,89270,1
78518,89270,1,89270,1
78518,89270,1,89270,1
78518,89270,1,89270,1
78518,89270,1,89270,1
78518,89270,1,89270,1
78518,89270,1,89270,1
78518,89270,1,89270,1
78518,89270,1,89270,1
78518,89270,1,89270,1
78518,89270,1,89270,1
78518,89270,1,89270,1
78518,89270,1,89270,1
78518,89270,1,89270,1
78518,89270,1,89270,1
78518,89270,1,89270,1
78518,89270,1,89270,1
78518,89270,1,89270,1
78518,89270,1,89270,1
78518,89270,1,89270,1
78518,89270,1,89270,1
78518,89270,1,89270,1
78518,89270,1,89270,1
78518,89270,1,89270,1
78518,89270,1,89270,1
78518,89270,1,89270,1
78518,89270,1,89270,1
78518,89270,1,89270,1
78518,89270,1,89270,1
78518,89270,1,91355,1
78518,91355,1,91355,1
78518,91355,1,91355,1
78518,91355,1,91355,1
78518,91355,1,91355,1
78518,91355,1,91355,1
78518,91355,1,91355,1
78518,91355,1,91355,1
78518,91355,1,91355,1
78518,91355,1,91355,1
78518,91355,1,91355,1
78518,91355,1,91355,1
78518,91355,1,91355,1
78518,91355,1,91355,1
78518,91355,1,91355,1
78518,91355,1,91355,1
78518,91355,1,91355,1
78518,91355,1,91355,1
78518,91355,1,91355,1
78518,91355,1,91355,1
78518,91355,1,91355,1
78518,91355,1,91355,1
78518,91355,1,91355,1
78518,91355,1,91355,1
78518,91355,1,91355,1
78518,91355,1,91355,1
78518,91355,1,91355,1
78518,91355,1,91355,1
78518,91355,1,91355,1
78518,91355,1,91355,1
78518,91355,1,91355,1
78518,91355,1,91355,1
78518,91355,1,91355,1
78518,91355,1,91355,1
78518,91355,1,91355,1
78518,91355,1,91355,1
78518,91355,1,91355,1
78518,91355,1,91355,1
78518,91355,1,91355,1
78518,91355,1,91355,1
78518,91355,1,91355,1
78518,91355,1,91355,1
78518,91355,1,91355,1
78518,91355,1,91355,1
78518,91355,1,91355,1
78518,91355,1,91355,1
78518,91355,1,91355,1
78518,91355,1,89284,1
78518,89284,1,89284,1
78518,89284,1,89284,1
78518,89284,1,89284,1
78518,89284,1,89284,1
78518,89284,1,89284,1
78518,89284,1,89284,1
78518,89284,1,89284,1
78518,89284,1,89284,1
78518,89284,1,89284,1
78518,89284,1,89284,1
78518,89284,1,89284,1
78518,89284,1,89284,1
78518,89284,1,89284,1
78518,89284,1,89284,1
78518,89284,1,89284,1
78518,89284,1,89284,1
78518,89284,1,89284,1
78518,89284,1,89284,1
78518,89284,1,89284,1
78518,89284,1,89284,1
78518,89284,1,89284,1
78518,89284,1,89284,1
78518,89284,1,89284,1
78518,89284,1,89284,1
78518,89284,1,89284,1
78518,89284,1,89284,1
78518,89284,1,89284,1
78518,89284,1,89284,1
78518,89284,1,89284,1
78518,89284,1,89284,1
78518,89284,1,89284,1
78518,89284,1,89284,1
78518,89284,1,89284,1
78518,89284,1,89284,1
78518,89284,1,89284,1
78518,89284,1,89284,1
78518,89284,1,89284,1
78518,89284,1,89284,1
78518,89284,1,89284,1
78518,89284,1,89284,1
78518,89284,1,89284,1
78518,89284,1,89284,1
78518,89284,1,89284,1
78518,89284,1,89284,1
78518,89284,1,89284,1
78518,89284,1,89284,1
78518,89284,1,89284,1
78518,89284,1,89284,1
78518,89284,1,89284,1
78518,89284,1,89284,1
78518,89284,1,89284,1
78518,89284,1,89284,1
78518,89284,1,89284,1
78518,89284,1,89284,1
78518,89284,1,89284,1
78518,89284,1,89284,1
78518,89284,1,89284,1
78518,89284,1,89284,1
78518,89284,1,89284,1
78518,89284,1,89284,1
78518,89284,1,89284,1
78518,89284,1,89284,1
78518,89284,1,89284,1
78518,89284,1,89284,1
78518,89284,1,89284,1
78518,89284,1,89284,1
78518,89284,1,89284,1
78518,89284,1,89284,1
78518,89284,1,89284,1
78518,89284,1,89284,1
78518,89284,1,89284,1
78518,89284,1,89284,1
78518,89284,1,89284,1
78518,89284,1,89284,1
78518,89284,1,89284,1
78518,89284,1,89284,1
78518,89284,1,89284,1
78518,89284,1,89284,1
78518,89284,1,89284,1
78518,89284,1,89284,1
78518,89284,1,89284,1
78518,89284,1,89284,1
78518,89284,1,89284,1
78518,89284,1,89284,1
78518,89284,1,89284,1
78518,89284,1,89284,1
78518,89284,1,89284,1
78518,89284,1,89284,1
78518,89284,1,89284,1
78518,89284,1,89284,1
78518,89284,1,89284,1
78518,89284,1,89284,1
78518,89284,1,89284,1
78518,89284,1,89284,1
78518,89284,1,89284,1
78518,89284,1,89284,1
78518,89284,1,91377,1
78518,91377,1,91377,1
78518,91377,1,91377,1
78518,91377,1,91377,1
78518,91377,1,91377,1
78518,91377,1,91377,1
78518,91377,1,91377,1
78518,91377,1,91377,1
78518,91377,1,91377,1
78518,91377,1,91377,1
78518,91377,1,91377,1
78518,91377,1,91377,1
78518,91377,1,91377,1
78518,91377,1,91377,1
78518,91377,1,91377,1
78518,91377,1,91377,1
78518,91377,1,91377,1
78518,91377,1,91377,1
78518,91377,1,91377,1
78518,91377,1,91377,1
78518,91377,1,91377,1
78518,91377,1,91377,1
78518,91377,1,91377,1
78518,91377,1,91377,1
78518,91377,1,91377,1
78518,91377,1,91377,1
78518,91377,1,91377,1
78518,91377,1,91377,1
78518,91377,1,91377,1
78518,91377,1,91377,1
78518,91377,1,91377,1
78518,91377,1,91377,1
78518,91377,1,91377,1
78518,91377,1,91377,1
78518,91377,1,91377,1
78518,91377,1,91377,1
78518,91377,1,91377,1
78518,91377,1,91377,1
78518,91377,1,91377,1
78518,91377,1,91377,1
78518,91377,1,91377,1
78518,91377,1,91377,1
78518,91377,1,91377,1
78518,91377,1,91377,1
78518,91377,1,91377,1
78518,91377,1,91377,1
78518,91377,1,91377,1
78518,91377,1,91647,1
78518,91647,1,91647,1
78518,91647,1,91647,1
78518,91647,1,91647,1
78518,91647,1,91647,1
78518,91647,1,91647,1
78518,91647,1,91647,1
78518,91647,1,91647,1
78518,91647,1,91647,1
78518,91647,1,91647,1
78518,91647,1,91647,1
78518,91647,1,91647,1
78518,91647,1,91647,1
78518,91647,1,91647,1
78518,91647,1,91647,1
78518,91647,1,91647,1
78518,91647,1,91647,1
78518,91647,1,91647,1
78518,91647,1,91647,1
78518,91647,1,91647,1
78518,91647,1,91647,1
78518,91647,1,91647,1
78518,91647,1,91647,1
78518,91647,1,91647,1
78518,91647,1,91647,1
78518,91647,1,91647,1
78518,91647,1,91647,1
78518,91647,1,91647,1
78518,91647,1,91647,1
78518,91647,1,91647,1
78518,91647,1,91647,1
78518,91647,1,91647,1
78518,91647,1,91647,1
78518,91647,1,91647,1
78518,91647,1,91647,1
78518,91647,1,91647,1
78518,91647,1,91647,1
78518,91647,1,91647,1
78518,91647,1,91647,1
78518,91647,1,91647,1
78518,91647,1,91647,1
78518,91647,1,91647,1
78518,91647,1,91647,1
78518,91647,1,91647,1
78518,91647,1,91647,1
78518,91647,1,91647,1
78518,91647,1,91647,1
78518,91647,1,91647,1
78518,91647,1,91647,1
78518,91647,1,91647,1
78518,91647,1,91647,1
78518,91647,1,91647,1
78518,91647,1,91647,1
78518,91647,1,91647,1
78518,91647,1,91647,1
78518,91647,1,91647,1
78518,91647,1,91647,1
78518,91647,1,91647,1
78518,91647,1,91647,1
78518,91647,1,91647,1
78518,91647,1,91647,1
78518,91647,1,91647,1
78518,91647,1,91647,1
78518,91647,1,91647,1
78518,91647,1,91647,1
78518,91647,1,91647,1
78518,91647,1,91647,1
78518,91647,1,91647,1
78518,91647,1,91647,1
78518,91647,1,91647,1
78518,91647,1,91647,1
78518,91647,1,91647,1
78518,91647,1,91647,1
78518,91647,1,91647,1
78518,91647,1,91647,1
78518,91647,1,91647,1
78518,91647,1,91647,1
78518,91647,1,91647,1
78518,91647,1,91647,1
78518,91647,1,91647,1
78518,91647,1,91647,1
78518,91647,1,91647,1
78518,91647,1,91647,1
78518,91647,1,91647,1
78518,91647,1,91647,1
78518,91647,1,91647,1
78518,91647,1,91647,1
78518,91647,1,91647,1
78518,91647,1,91647,1
78518,91647,1,91647,1
78518,91647,1,91647,1
78518,91647,1,91647,1
78518,91647,1,91647,1
78518,91647,1,89770,1
78518,89770,1,89770,1
78518,89770,1,89770,1
78518,89770,1,89770,1
78518,89770,1,89770,1
78518,89770,1,89770,1
78518,89770,1,89770,1
78518,89770,1,89770,1
78518,89770,1,89770,1
78518,89770,1,89770,1
78518,89770,1,89770,1
78518,89770,1,89770,1
78518,89770,1,89770,1
78518,89770,1,89770,1
78518,89770,1,89770,1
78518,89770,1,89770,1
78518,89770,1,89770,1
78518,89770,1,89770,1
78518,89770,1,89770,1
78518,89770,1,89770,1
78518,89770,1,89770,1
78518,89770,1,89770,1
78518,89770,1,89770,1
78518,89770,1,89770,1
78518,89770,1,89770,1
78518,89770,1,89770,1
78518,89770,1,89770,1
78518,89770,1,89770,1
78518,89770,1,89770,1
78518,89770,1,89770,1
78518,89770,1,89770,1
78518,89770,1,89770,1
78518,89770,1,89770,1
78518,89770,1,89770,1
78518,89770,1,89770,1
78518,89770,1,89770,1
78518,89770,1,89770,1
78518,89770,1,89770,1
78518,89770,1,89770,1
78518,89770,1,89770,1
78518,89770,1,89770,1
78518,89770,1,89770,1
78518,89770,1,89770,1
78518,89770,1,89770,1
78518,89770,1,89770,1
78518,89770,1,89770,1
78518,89770,1,89770,1
78518,89770,1,89770,1
78518,89770,1,89770,1
78518,89770,1,89770,1
78518,89770,1,89770,1
78518,89770,1,89770,1
78518,89770,1,89770,1
78518,89770,1,89770,1
78518,89770,1,89770,1
78518,89770,1,89770,1
78518,89770,1,89770,1
78518,89770,1,89770,1
78518,89770,1,89770,1
78518,89770,1,89770,1
78518,89770,1,89770,1
78518,89770,1,89770,1
78518,89770,1,89770,1
78518,89770,1,89770,1
78518,89770,1,89770,1
78518,89770,1,89770,1
78518,89770,1,89770,1
78518,89770,1,89770,1
78518,89770,1,89770,1
78518,89770,1,89770,1
78518,89770,1,89770,1
78518,89770,1,89770,1
78518,89770,1,89770,1
78518,89770,1,89770,1
78518,89770,1,89770,1
78518,89770,1,89770,1
78518,89770,1,89770,1
78518,89770,1,89770,1
78518,89770,1,89770,1
78518,89770,1,89770,1
78518,89770,1,89770,1
78518,89770,1,89770,1
78518,89770,1,89770,1
78518,89770,1,89770,1
78518,89770,1,89770,1
78518,89770,1,89770,1
78518,89770,1,89770,1
78518,89770,1,89770,1
78518,89770,1,89770,1
78518,89770,1,89770,1
78518,89770,1,89770,1
78518,89770,1,89770,1
78518,89770,1,89770,1
78518,89770,1,89794,1
78518,89794,1,89794,1
78518,89794,1,89794,1
78518,89794,1,89794,1
78518,89794,1,89794,1
78518,89794,1,89794,1
78518,89794,1,89794,1
78518,89794,1,89794,1
78518,89794,1,89794,1
78518,89794,1,89794,1
78518,89794,1,89794,1
78518,89794,1,89794,1
78518,89794,1,89794,1
78518,89794,1,89794,1
78518,89794,1,89794,1
78518,89794,1,89794,1
78518,89794,1,89794,1
78518,89794,1,89794,1
78518,89794,1,89794,1
78518,89794,1,89794,1
78518,89794,1,89794,1
78518,89794,1,89794,1
78518,89794,1,89794,1
78518,89794,1,89794,1
78518,89794,1,89794,1
78518,89794,1,89794,1
78518,89794,1,89794,1
78518,89794,1,89794,1
78518,89794,1,89794,1
78518,89794,1,89794,1
78518,89794,1,89794,1
78518,89794,1,89794,1
78518,89794,1,89794,1
78518,89794,1,89794,1
78518,89794,1,89794,1
78518,89794,1,89794,1
78518,89794,1,89794,1
78518,89794,1,89794,1
78518,89794,1,89794,1
78518,89794,1,89794,1
78518,89794,1,89794,1
78518,89794,1,89794,1
78518,89794,1,89794,1
78518,89794,1,89794,1
78518,89794,1,89835,1
78518,89835,1,89835,1
78518,89835,1,89835,1
78518,89835,1,89835,1
78518,89835,1,89835,1
78518,89835,1,89835,1
78518,89835,1,89835,1
78518,89835,1,89835,1
78518,89835,1,89835,1
78518,89835,1,89835,1
78518,89835,1,89835,1
78518,89835,1,89835,1
78518,89835,1,89835,1
78518,89835,1,89835,1
78518,89835,1,89835,1
78518,89835,1,89835,1
78518,89835,1,89835,1
78518,89835,1,89835,1
78518,89835,1,89835,1
78518,89835,1,89835,1
78518,89835,1,89835,1
78518,89835,1,89835,1
78518,89835,1,89835,1
78518,89835,1,89835,1
78518,89835,1,89835,1
78518,89835,1,89835,1
78518,89835,1,89835,1
78518,89835,1,89835,1
78518,89835,1,89835,1
78518,89835,1,89835,1
78518,89835,1,89835,1
78518,89835,1,89835,1
78518,89835,1,89835,1
78518,89835,1,89835,1
78518,89835,1,89835,1
78518,89835,1,89835,1
78518,89835,1,89835,1
78518,89835,1,89835,1
78518,89835,1,89835,1
78518,89835,1,89835,1
78518,89835,1,89835,1
78518,89835,1,89835,1
78518,89835,1,89835,1
78518,89835,1,89835,1
78518,89835,1,89835,1
78518,89835,1,89835,1
78518,89835,1,173887,1
78518,173887,1,173932,1
78518,173932,1,173995,1
78518,173995,1,173962,1
78519,93205,1,93205,1
78519,93205,1,93205,1
78519,93205,1,93205,1
78519,93205,1,93205,1
78519,93205,1,93205,1
78519,93205,1,93205,1
78519,93205,1,93205,1
78519,93205,1,93205,1
78519,93205,1,93205,1
78519,93205,1,93205,1
78519,93205,1,93205,1
78519,93205,1,93205,1
78519,93205,1,93205,1
78519,93205,1,93205,1
78519,93205,1,93205,1
78519,93205,1,93205,1
78519,93205,1,93205,1
78519,93205,1,93205,1
78519,93205,1,93205,1
78519,93205,1,93205,1
78519,93205,1,93205,1
78519,93205,1,93205,1
78519,93205,1,93205,1
78519,93205,1,93205,1
78519,93205,1,93205,1
78519,93205,1,93205,1
78519,93205,1,93205,1
78519,93205,1,93205,1
78519,93205,1,93205,1
78519,93205,1,93205,1
78519,93205,1,93205,1
78519,93205,1,93205,1
78519,93205,1,93205,1
78519,93205,1,93205,1
78519,93205,1,93205,1
78519,93205,1,93205,1
78519,93205,1,93205,1
78519,93205,1,93205,1
78519,93205,1,93205,1
78519,93205,1,93205,1
78519,93205,1,93205,1
78519,93205,1,93205,1
78519,93205,1,93205,1
78519,93205,1,93205,1
78519,93205,1,93205,1
78519,93205,1,93227,1
78519,93227,1,93227,1
78519,93227,1,93227,1
78519,93227,1,93227,1
78519,93227,1,93227,1
78519,93227,1,93227,1
78519,93227,1,93227,1
78519,93227,1,93227,1
78519,93227,1,93227,1
78519,93227,1,93227,1
78519,93227,1,93227,1
78519,93227,1,93227,1
78519,93227,1,93227,1
78519,93227,1,93227,1
78519,93227,1,93227,1
78519,93227,1,93227,1
78519,93227,1,93227,1
78519,93227,1,93227,1
78519,93227,1,93227,1
78519,93227,1,93227,1
78519,93227,1,93227,1
78519,93227,1,93227,1
78519,93227,1,93227,1
78519,93227,1,93227,1
78519,93227,1,93227,1
78519,93227,1,93227,1
78519,93227,1,93227,1
78519,93227,1,93227,1
78519,93227,1,93227,1
78519,93227,1,93227,1
78519,93227,1,93227,1
78519,93227,1,93227,1
78519,93227,1,93227,1
78519,93227,1,93227,1
78519,93227,1,93227,1
78519,93227,1,93227,1
78519,93227,1,93227,1
78519,93227,1,93227,1
78519,93227,1,93227,1
78519,93227,1,93227,1
78519,93227,1,93227,1
78519,93227,1,93227,1
78519,93227,1,93227,1
78519,93227,1,93227,1
78519,93227,1,93227,1
78519,93227,1,93227,1
78519,93227,1,93173,1
78519,93173,1,93173,1
78519,93173,1,93173,1
78519,93173,1,93173,1
78519,93173,1,93173,1
78519,93173,1,93173,1
78519,93173,1,93173,1
78519,93173,1,93173,1
78519,93173,1,93173,1
78519,93173,1,93173,1
78519,93173,1,93173,1
78519,93173,1,93173,1
78519,93173,1,93173,1
78519,93173,1,93173,1
78519,93173,1,93173,1
78519,93173,1,93173,1
78519,93173,1,93173,1
78519,93173,1,93173,1
78519,93173,1,93173,1
78519,93173,1,93173,1
78519,93173,1,93173,1
78519,93173,1,93173,1
78519,93173,1,93173,1
78519,93173,1,93173,1
78519,93173,1,93173,1
78519,93173,1,93173,1
78519,93173,1,93173,1
78519,93173,1,93173,1
78519,93173,1,93173,1
78519,93173,1,93173,1
78519,93173,1,93173,1
78519,93173,1,93173,1
78519,93173,1,93173,1
78519,93173,1,93173,1
78519,93173,1,93173,1
78519,93173,1,93173,1
78519,93173,1,93173,1
78519,93173,1,93173,1
78519,93173,1,93173,1
78519,93173,1,93173,1
78519,93173,1,93173,1
78519,93173,1,93173,1
78519,93173,1,93173,1
78519,93173,1,85678,1
78519,85678,1,85678,1
78519,85678,1,85678,1
78519,85678,1,85678,1
78519,85678,1,85678,1
78519,85678,1,85678,1
78519,85678,1,85678,1
78519,85678,1,85678,1
78519,85678,1,85678,1
78519,85678,1,85678,1
78519,85678,1,85678,1
78519,85678,1,85678,1
78519,85678,1,85678,1
78519,85678,1,85678,1
78519,85678,1,85678,1
78519,85678,1,85678,1
78519,85678,1,85678,1
78519,85678,1,85678,1
78519,85678,1,85678,1
78519,85678,1,85678,1
78519,85678,1,85678,1
78519,85678,1,85678,1
78519,85678,1,85678,1
78519,85678,1,85678,1
78519,85678,1,85678,1
78519,85678,1,85678,1
78519,85678,1,85678,1
78519,85678,1,85678,1
78519,85678,1,85678,1
78519,85678,1,85678,1
78519,85678,1,85678,1
78519,85678,1,85678,1
78519,85678,1,85678,1
78519,85678,1,85678,1
78519,85678,1,85678,1
78519,85678,1,85678,1
78519,85678,1,85678,1
78519,85678,1,85678,1
78519,85678,1,85678,1
78519,85678,1,85678,1
78519,85678,1,85678,1
78519,85678,1,85678,1
78519,85678,1,85678,1
78519,85678,1,85678,1
78519,85678,1,85678,1
78519,85678,1,85678,1
78519,85678,1,85675,1
78519,85675,1,85675,1
78519,85675,1,85675,1
78519,85675,1,85675,1
78519,85675,1,85675,1
78519,85675,1,85675,1
78519,85675,1,85675,1
78519,85675,1,85675,1
78519,85675,1,85675,1
78519,85675,1,85675,1
78519,85675,1,85675,1
78519,85675,1,85675,1
78519,85675,1,85675,1
78519,85675,1,85675,1
78519,85675,1,85675,1
78519,85675,1,85675,1
78519,85675,1,85675,1
78519,85675,1,85675,1
78519,85675,1,85675,1
78519,85675,1,85675,1
78519,85675,1,85675,1
78519,85675,1,85675,1
78519,85675,1,85675,1
78519,85675,1,85675,1
78519,85675,1,85675,1
78519,85675,1,85675,1
78519,85675,1,85675,1
78519,85675,1,85675,1
78519,85675,1,85675,1
78519,85675,1,85675,1
78519,85675,1,85675,1
78519,85675,1,85675,1
78519,85675,1,85675,1
78519,85675,1,85675,1
78519,85675,1,85675,1
78519,85675,1,85675,1
78519,85675,1,85675,1
78519,85675,1,85675,1
78519,85675,1,85675,1
78519,85675,1,85675,1
78519,85675,1,85675,1
78519,85675,1,85675,1
78519,85675,1,85675,1
78519,85675,1,85675,1
78519,85675,1,85675,1
78519,85675,1,85675,1
78519,85675,1,85659,1
78519,85659,1,85659,1
78519,85659,1,85659,1
78519,85659,1,85659,1
78519,85659,1,85659,1
78519,85659,1,85659,1
78519,85659,1,85659,1
78519,85659,1,85659,1
78519,85659,1,85659,1
78519,85659,1,85659,1
78519,85659,1,85659,1
78519,85659,1,85659,1
78519,85659,1,85659,1
78519,85659,1,85659,1
78519,85659,1,85659,1
78519,85659,1,85659,1
78519,85659,1,85659,1
78519,85659,1,85659,1
78519,85659,1,85659,1
78519,85659,1,85659,1
78519,85659,1,85659,1
78519,85659,1,85659,1
78519,85659,1,85659,1
78519,85659,1,85659,1
78519,85659,1,85659,1
78519,85659,1,85659,1
78519,85659,1,85659,1
78519,85659,1,85659,1
78519,85659,1,85659,1
78519,85659,1,85659,1
78519,85659,1,85659,1
78519,85659,1,85659,1
78519,85659,1,85659,1
78519,85659,1,85659,1
78519,85659,1,85659,1
78519,85659,1,85659,1
78519,85659,1,85659,1
78519,85659,1,85659,1
78519,85659,1,85659,1
78519,85659,1,85659,1
78519,85659,1,85659,1
78519,85659,1,85659,1
78519,85659,1,85659,1
78519,85659,1,89300,1
78519,89300,1,89300,1
78519,89300,1,89300,1
78519,89300,1,89300,1
78519,89300,1,89300,1
78519,89300,1,89300,1
78519,89300,1,89300,1
78519,89300,1,89300,1
78519,89300,1,89300,1
78519,89300,1,89300,1
78519,89300,1,89300,1
78519,89300,1,89300,1
78519,89300,1,89300,1
78519,89300,1,89300,1
78519,89300,1,89300,1
78519,89300,1,89300,1
78519,89300,1,89300,1
78519,89300,1,89300,1
78519,89300,1,89300,1
78519,89300,1,89300,1
78519,89300,1,89300,1
78519,89300,1,89300,1
78519,89300,1,89300,1
78519,89300,1,89300,1
78519,89300,1,89300,1
78519,89300,1,89300,1
78519,89300,1,89300,1
78519,89300,1,89300,1
78519,89300,1,89300,1
78519,89300,1,89300,1
78519,89300,1,89300,1
78519,89300,1,89300,1
78519,89300,1,89300,1
78519,89300,1,89300,1
78519,89300,1,89300,1
78519,89300,1,89300,1
78519,89300,1,89300,1
78519,89300,1,89300,1
78519,89300,1,89300,1
78519,89300,1,89300,1
78519,89300,1,89300,1
78519,89300,1,89300,1
78519,89300,1,89300,1
78519,89300,1,89300,1
78519,89300,1,89300,1
78519,89300,1,89300,1
78519,89300,1,89300,1
78519,89300,1,89300,1
78519,89300,1,89300,1
78519,89300,1,89300,1
78519,89300,1,89300,1
78519,89300,1,89300,1
78519,89300,1,89300,1
78519,89300,1,89300,1
78519,89300,1,89300,1
78519,89300,1,89300,1
78519,89300,1,89300,1
78519,89300,1,89300,1
78519,89300,1,89300,1
78519,89300,1,89300,1
78519,89300,1,89300,1
78519,89300,1,89300,1
78519,89300,1,89300,1
78519,89300,1,89300,1
78519,89300,1,89300,1
78519,89300,1,89300,1
78519,89300,1,89300,1
78519,89300,1,89300,1
78519,89300,1,89300,1
78519,89300,1,89300,1
78519,89300,1,89300,1
78519,89300,1,89300,1
78519,89300,1,89300,1
78519,89300,1,89300,1
78519,89300,1,89300,1
78519,89300,1,89300,1
78519,89300,1,89300,1
78519,89300,1,89300,1
78519,89300,1,89300,1
78519,89300,1,89300,1
78519,89300,1,89300,1
78519,89300,1,89300,1
78519,89300,1,89300,1
78519,89300,1,89300,1
78519,89300,1,89300,1
78519,89300,1,89300,1
78519,89300,1,89300,1
78519,89300,1,89300,1
78519,89300,1,89300,1
78519,89300,1,89300,1
78519,89300,1,89300,1
78519,89300,1,89300,1
78519,89300,1,89300,1
78519,89300,1,89300,1
78519,89300,1,89300,1
78519,89300,1,89300,1
78519,89300,1,89300,1
78519,89300,1,89295,1
78519,89295,1,89295,1
78519,89295,1,89295,1
78519,89295,1,89295,1
78519,89295,1,89295,1
78519,89295,1,89295,1
78519,89295,1,89295,1
78519,89295,1,89295,1
78519,89295,1,89295,1
78519,89295,1,89295,1
78519,89295,1,89295,1
78519,89295,1,89295,1
78519,89295,1,89295,1
78519,89295,1,89295,1
78519,89295,1,89295,1
78519,89295,1,89295,1
78519,89295,1,89295,1
78519,89295,1,89295,1
78519,89295,1,89295,1
78519,89295,1,89295,1
78519,89295,1,89295,1
78519,89295,1,89295,1
78519,89295,1,89295,1
78519,89295,1,89295,1
78519,89295,1,89295,1
78519,89295,1,89295,1
78519,89295,1,89295,1
78519,89295,1,89295,1
78519,89295,1,89295,1
78519,89295,1,89295,1
78519,89295,1,89295,1
78519,89295,1,89295,1
78519,89295,1,89295,1
78519,89295,1,89295,1
78519,89295,1,89295,1
78519,89295,1,89295,1
78519,89295,1,89295,1
78519,89295,1,89295,1
78519,89295,1,89295,1
78519,89295,1,89295,1
78519,89295,1,89295,1
78519,89295,1,89295,1
78519,89295,1,89295,1
78519,89295,1,89295,1
78519,89295,1,89295,1
78519,89295,1,89295,1
78519,89295,1,89295,1
78519,89295,1,89294,1
78519,89294,1,89294,1
78519,89294,1,89294,1
78519,89294,1,89294,1
78519,89294,1,89294,1
78519,89294,1,89294,1
78519,89294,1,89294,1
78519,89294,1,89294,1
78519,89294,1,89294,1
78519,89294,1,89294,1
78519,89294,1,89294,1
78519,89294,1,89294,1
78519,89294,1,89294,1
78519,89294,1,89294,1
78519,89294,1,89294,1
78519,89294,1,89294,1
78519,89294,1,89294,1
78519,89294,1,89294,1
78519,89294,1,89294,1
78519,89294,1,89294,1
78519,89294,1,89294,1
78519,89294,1,89294,1
78519,89294,1,89294,1
78519,89294,1,89294,1
78519,89294,1,89294,1
78519,89294,1,89294,1
78519,89294,1,89294,1
78519,89294,1,89294,1
78519,89294,1,89294,1
78519,89294,1,89294,1
78519,89294,1,89294,1
78519,89294,1,89294,1
78519,89294,1,89294,1
78519,89294,1,89294,1
78519,89294,1,89294,1
78519,89294,1,89294,1
78519,89294,1,89294,1
78519,89294,1,89294,1
78519,89294,1,89294,1
78519,89294,1,89294,1
78519,89294,1,89294,1
78519,89294,1,89294,1
78519,89294,1,89294,1
78519,89294,1,89294,1
78519,89294,1,89294,1
78519,89294,1,89294,1
78519,89294,1,89294,1
78519,89294,1,89271,1
78519,89271,1,89271,1
78519,89271,1,89271,1
78519,89271,1,89271,1
78519,89271,1,89271,1
78519,89271,1,89271,1
78519,89271,1,89271,1
78519,89271,1,89271,1
78519,89271,1,89271,1
78519,89271,1,89271,1
78519,89271,1,89271,1
78519,89271,1,89271,1
78519,89271,1,89271,1
78519,89271,1,89271,1
78519,89271,1,89271,1
78519,89271,1,89271,1
78519,89271,1,89271,1
78519,89271,1,89271,1
78519,89271,1,89271,1
78519,89271,1,89271,1
78519,89271,1,89271,1
78519,89271,1,89271,1
78519,89271,1,89271,1
78519,89271,1,89271,1
78519,89271,1,89271,1
78519,89271,1,89271,1
78519,89271,1,89271,1
78519,89271,1,89271,1
78519,89271,1,89271,1
78519,89271,1,89271,1
78519,89271,1,89271,1
78519,89271,1,89271,1
78519,89271,1,89271,1
78519,89271,1,89271,1
78519,89271,1,89271,1
78519,89271,1,89271,1
78519,89271,1,89271,1
78519,89271,1,89271,1
78519,89271,1,89271,1
78519,89271,1,89271,1
78519,89271,1,89271,1
78519,89271,1,89271,1
78519,89271,1,89271,1
78519,89271,1,89271,1
78519,89271,1,89271,1
78519,89271,1,89271,1
78519,89271,1,89271,1
78519,89271,1,89271,1
78519,89271,1,89271,1
78519,89271,1,89271,1
78519,89271,1,89271,1
78519,89271,1,89271,1
78519,89271,1,89271,1
78519,89271,1,89271,1
78519,89271,1,89271,1
78519,89271,1,89271,1
78519,89271,1,89271,1
78519,89271,1,89271,1
78519,89271,1,89271,1
78519,89271,1,89271,1
78519,89271,1,89271,1
78519,89271,1,89271,1
78519,89271,1,89271,1
78519,89271,1,89271,1
78519,89271,1,89271,1
78519,89271,1,89271,1
78519,89271,1,89271,1
78519,89271,1,89271,1
78519,89271,1,89271,1
78519,89271,1,89271,1
78519,89271,1,89271,1
78519,89271,1,89271,1
78519,89271,1,89271,1
78519,89271,1,89271,1
78519,89271,1,89271,1
78519,89271,1,89271,1
78519,89271,1,89271,1
78519,89271,1,89271,1
78519,89271,1,89271,1
78519,89271,1,89271,1
78519,89271,1,89271,1
78519,89271,1,89271,1
78519,89271,1,89271,1
78519,89271,1,89271,1
78519,89271,1,89271,1
78519,89271,1,89271,1
78519,89271,1,89271,1
78519,89271,1,89271,1
78519,89271,1,89271,1
78519,89271,1,89271,1
78519,89271,1,89271,1
78519,89271,1,89271,1
78519,89271,1,89271,1
78519,89271,1,89271,1
78519,89271,1,89271,1
78519,89271,1,89271,1
78519,89271,1,89271,1
78519,89271,1,91349,0
78519,91349,0,91349,0
78519,91349,0,91349,0
78519,91349,0,91349,0
78519,91349,0,91349,0
78519,91349,0,91349,0
78519,91349,0,91349,0
78519,91349,0,91349,0
78519,91349,0,91349,0
78519,91349,0,91349,0
78519,91349,0,91349,0
78519,91349,0,91349,0
78519,91349,0,91349,0
78519,91349,0,91349,0
78519,91349,0,91349,0
78519,91349,0,91349,0
78519,91349,0,91349,0
78519,91349,0,91349,0
78519,91349,0,91349,0
78519,91349,0,91349,0
78519,91349,0,91349,0
78519,91349,0,91349,0
78519,91349,0,91349,0
78519,91349,0,91349,0
78519,91349,0,91349,0
78519,91349,0,91349,0
78519,91349,0,91349,0
78519,91349,0,91349,0
78519,91349,0,91349,0
78519,91349,0,91349,0
78519,91349,0,91349,0
78519,91349,0,91349,0
78519,91349,0,91349,0
78519,91349,0,91349,0
78519,91349,0,91349,0
78519,91349,0,91349,0
78519,91349,0,91349,0
78519,91349,0,91349,0
78519,91349,0,91349,0
78519,91349,0,91349,0
78519,91349,0,91349,0
78519,91349,0,91349,0
78519,91349,0,91349,0
78519,91349,0,91349,0
78519,91349,0,91349,0
78519,91349,0,91349,0
78519,91349,0,91349,0
78519,91349,0,89237,1
78519,89237,1,89237,1
78519,89237,1,89237,1
78519,89237,1,89237,1
78519,89237,1,89237,1
78519,89237,1,89237,1
78519,89237,1,89237,1
78519,89237,1,89237,1
78519,89237,1,89237,1
78519,89237,1,89237,1
78519,89237,1,89237,1
78519,89237,1,89237,1
78519,89237,1,89237,1
78519,89237,1,89237,1
78519,89237,1,89237,1
78519,89237,1,89237,1
78519,89237,1,89237,1
78519,89237,1,89237,1
78519,89237,1,89237,1
78519,89237,1,89237,1
78519,89237,1,89237,1
78519,89237,1,89237,1
78519,89237,1,89237,1
78519,89237,1,89237,1
78519,89237,1,89237,1
78519,89237,1,89237,1
78519,89237,1,89237,1
78519,89237,1,89237,1
78519,89237,1,89237,1
78519,89237,1,89237,1
78519,89237,1,89237,1
78519,89237,1,89237,1
78519,89237,1,89237,1
78519,89237,1,89237,1
78519,89237,1,89237,1
78519,89237,1,89237,1
78519,89237,1,89237,1
78519,89237,1,89237,1
78519,89237,1,89237,1
78519,89237,1,89237,1
78519,89237,1,89237,1
78519,89237,1,89237,1
78519,89237,1,89237,1
78519,89237,1,89237,1
78519,89237,1,89237,1
78519,89237,1,89237,1
78519,89237,1,89237,1
78519,89237,1,89282,0
78519,89282,0,89282,0
78519,89282,0,89282,0
78519,89282,0,89282,0
78519,89282,0,89282,0
78519,89282,0,89282,0
78519,89282,0,89282,0
78519,89282,0,89282,0
78519,89282,0,89282,0
78519,89282,0,89282,0
78519,89282,0,89282,0
78519,89282,0,89282,0
78519,89282,0,89282,0
78519,89282,0,89282,0
78519,89282,0,89282,0
78519,89282,0,89282,0
78519,89282,0,89282,0
78519,89282,0,89282,0
78519,89282,0,89282,0
78519,89282,0,89282,0
78519,89282,0,89282,0
78519,89282,0,89282,0
78519,89282,0,89282,0
78519,89282,0,89282,0
78519,89282,0,89282,0
78519,89282,0,89282,0
78519,89282,0,89282,0
78519,89282,0,89282,0
78519,89282,0,89282,0
78519,89282,0,89282,0
78519,89282,0,89282,0
78519,89282,0,89282,0
78519,89282,0,89282,0
78519,89282,0,89282,0
78519,89282,0,89282,0
78519,89282,0,89282,0
78519,89282,0,89282,0
78519,89282,0,89282,0
78519,89282,0,89282,0
78519,89282,0,89282,0
78519,89282,0,89282,0
78519,89282,0,89282,0
78519,89282,0,89282,0
78519,89282,0,89282,0
78519,89282,0,89282,0
78519,89282,0,89282,0
78519,89282,0,89282,0
78519,89282,0,89282,0
78519,89282,0,89282,0
78519,89282,0,89282,0
78519,89282,0,89282,0
78519,89282,0,89282,0
78519,89282,0,89282,0
78519,89282,0,89282,0
78519,89282,0,89282,0
78519,89282,0,89282,0
78519,89282,0,89282,0
78519,89282,0,89282,0
78519,89282,0,89282,0
78519,89282,0,89282,0
78519,89282,0,89282,0
78519,89282,0,89282,0
78519,89282,0,89282,0
78519,89282,0,89282,0
78519,89282,0,89282,0
78519,89282,0,89282,0
78519,89282,0,89282,0
78519,89282,0,89282,0
78519,89282,0,89282,0
78519,89282,0,89282,0
78519,89282,0,89282,0
78519,89282,0,89282,0
78519,89282,0,89282,0
78519,89282,0,89282,0
78519,89282,0,89282,0
78519,89282,0,89282,0
78519,89282,0,89282,0
78519,89282,0,89282,0
78519,89282,0,89282,0
78519,89282,0,89282,0
78519,89282,0,89282,0
78519,89282,0,89282,0
78519,89282,0,89282,0
78519,89282,0,89282,0
78519,89282,0,89282,0
78519,89282,0,89282,0
78519,89282,0,89282,0
78519,89282,0,89282,0
78519,89282,0,89282,0
78519,89282,0,89282,0
78519,89282,0,89282,0
78519,89282,0,89282,0
78519,89282,0,89282,0
78519,89282,0,89282,0
78519,89282,0,89282,0
78519,89282,0,89282,0
78519,89282,0,89282,0
78519,89282,0,91397,1
78519,91397,1,91397,1
78519,91397,1,91397,1
78519,91397,1,91397,1
78519,91397,1,91397,1
78519,91397,1,91397,1
78519,91397,1,91397,1
78519,91397,1,91397,1
78519,91397,1,91397,1
78519,91397,1,91397,1
78519,91397,1,91397,1
78519,91397,1,91397,1
78519,91397,1,91397,1
78519,91397,1,91397,1
78519,91397,1,91397,1
78519,91397,1,91397,1
78519,91397,1,91397,1
78519,91397,1,91397,1
78519,91397,1,91397,1
78519,91397,1,91397,1
78519,91397,1,91397,1
78519,91397,1,91397,1
78519,91397,1,91397,1
78519,91397,1,91397,1
78519,91397,1,91397,1
78519,91397,1,91397,1
78519,91397,1,91397,1
78519,91397,1,91397,1
78519,91397,1,91397,1
78519,91397,1,91397,1
78519,91397,1,91397,1
78519,91397,1,91397,1
78519,91397,1,91397,1
78519,91397,1,91397,1
78519,91397,1,91397,1
78519,91397,1,91397,1
78519,91397,1,91397,1
78519,91397,1,91397,1
78519,91397,1,91397,1
78519,91397,1,91397,1
78519,91397,1,91397,1
78519,91397,1,91397,1
78519,91397,1,91397,1
78519,91397,1,91397,1
78519,91397,1,91397,1
78519,91397,1,91397,1
78519,91397,1,91397,1
78519,91397,1,89275,1
78519,89275,1,89275,1
78519,89275,1,89275,1
78519,89275,1,89275,1
78519,89275,1,89275,1
78519,89275,1,89275,1
78519,89275,1,89275,1
78519,89275,1,89275,1
78519,89275,1,89275,1
78519,89275,1,89275,1
78519,89275,1,89275,1
78519,89275,1,89275,1
78519,89275,1,89275,1
78519,89275,1,89275,1
78519,89275,1,89275,1
78519,89275,1,89275,1
78519,89275,1,89275,1
78519,89275,1,89275,1
78519,89275,1,89275,1
78519,89275,1,89275,1
78519,89275,1,89275,1
78519,89275,1,89275,1
78519,89275,1,89275,1
78519,89275,1,89275,1
78519,89275,1,89275,1
78519,89275,1,89275,1
78519,89275,1,89275,1
78519,89275,1,89275,1
78519,89275,1,89275,1
78519,89275,1,89275,1
78519,89275,1,89275,1
78519,89275,1,89275,1
78519,89275,1,89275,1
78519,89275,1,89275,1
78519,89275,1,89275,1
78519,89275,1,89275,1
78519,89275,1,89275,1
78519,89275,1,89275,1
78519,89275,1,89275,1
78519,89275,1,89275,1
78519,89275,1,89275,1
78519,89275,1,89275,1
78519,89275,1,89275,1
78519,89275,1,89275,1
78519,89275,1,89275,1
78519,89275,1,89275,1
78519,89275,1,89275,1
78519,89275,1,89275,1
78519,89275,1,89275,1
78519,89275,1,89275,1
78519,89275,1,89275,1
78519,89275,1,89275,1
78519,89275,1,89275,1
78519,89275,1,89275,1
78519,89275,1,89275,1
78519,89275,1,89275,1
78519,89275,1,89275,1
78519,89275,1,89275,1
78519,89275,1,89275,1
78519,89275,1,89275,1
78519,89275,1,89275,1
78519,89275,1,89275,1
78519,89275,1,89275,1
78519,89275,1,89275,1
78519,89275,1,89275,1
78519,89275,1,89275,1
78519,89275,1,89275,1
78519,89275,1,89275,1
78519,89275,1,89275,1
78519,89275,1,89275,1
78519,89275,1,89275,1
78519,89275,1,89275,1
78519,89275,1,89275,1
78519,89275,1,89275,1
78519,89275,1,89275,1
78519,89275,1,89275,1
78519,89275,1,89275,1
78519,89275,1,89275,1
78519,89275,1,89275,1
78519,89275,1,89275,1
78519,89275,1,89275,1
78519,89275,1,89275,1
78519,89275,1,89275,1
78519,89275,1,89275,1
78519,89275,1,89275,1
78519,89275,1,89275,1
78519,89275,1,89275,1
78519,89275,1,89275,1
78519,89275,1,89275,1
78519,89275,1,89275,1
78519,89275,1,89275,1
78519,89275,1,89275,1
78519,89275,1,89275,1
78519,89275,1,89275,1
78519,89275,1,89275,1
78519,89275,1,89275,1
78519,89275,1,89275,1
78519,89275,1,91642,1
78519,91642,1,91642,1
78519,91642,1,91642,1
78519,91642,1,91642,1
78519,91642,1,91642,1
78519,91642,1,91642,1
78519,91642,1,91642,1
78519,91642,1,91642,1
78519,91642,1,91642,1
78519,91642,1,91642,1
78519,91642,1,91642,1
78519,91642,1,91642,1
78519,91642,1,91642,1
78519,91642,1,91642,1
78519,91642,1,91642,1
78519,91642,1,91642,1
78519,91642,1,91642,1
78519,91642,1,91642,1
78519,91642,1,91642,1
78519,91642,1,91642,1
78519,91642,1,91642,1
78519,91642,1,91642,1
78519,91642,1,91642,1
78519,91642,1,91642,1
78519,91642,1,91642,1
78519,91642,1,91642,1
78519,91642,1,91642,1
78519,91642,1,91642,1
78519,91642,1,91642,1
78519,91642,1,91642,1
78519,91642,1,91642,1
78519,91642,1,91642,1
78519,91642,1,91642,1
78519,91642,1,91642,1
78519,91642,1,91642,1
78519,91642,1,91642,1
78519,91642,1,91642,1
78519,91642,1,91642,1
78519,91642,1,91642,1
78519,91642,1,91642,1
78519,91642,1,91642,1
78519,91642,1,91642,1
78519,91642,1,91642,1
78519,91642,1,91642,1
78519,91642,1,91642,1
78519,91642,1,91642,1
78519,91642,1,91642,1
78519,91642,1,91642,1
78519,91642,1,91642,1
78519,91642,1,91642,1
78519,91642,1,91642,1
78519,91642,1,91642,1
78519,91642,1,91642,1
78519,91642,1,91642,1
78519,91642,1,91642,1
78519,91642,1,91642,1
78519,91642,1,91642,1
78519,91642,1,91642,1
78519,91642,1,91642,1
78519,91642,1,91642,1
78519,91642,1,91642,1
78519,91642,1,91642,1
78519,91642,1,91642,1
78519,91642,1,91642,1
78519,91642,1,91642,1
78519,91642,1,91642,1
78519,91642,1,91642,1
78519,91642,1,91642,1
78519,91642,1,91642,1
78519,91642,1,91642,1
78519,91642,1,91642,1
78519,91642,1,91642,1
78519,91642,1,91642,1
78519,91642,1,91642,1
78519,91642,1,91642,1
78519,91642,1,91642,1
78519,91642,1,91642,1
78519,91642,1,91642,1
78519,91642,1,91642,1
78519,91642,1,91642,1
78519,91642,1,91642,1
78519,91642,1,91642,1
78519,91642,1,91642,1
78519,91642,1,91642,1
78519,91642,1,91642,1
78519,91642,1,91642,1
78519,91642,1,91642,1
78519,91642,1,91642,1
78519,91642,1,91642,1
78519,91642,1,91642,1
78519,91642,1,91642,1
78519,91642,1,91642,1
78519,91642,1,91642,1
78519,91642,1,89808,1
78519,89808,1,89808,1
78519,89808,1,89808,1
78519,89808,1,89808,1
78519,89808,1,89808,1
78519,89808,1,89808,1
78519,89808,1,89808,1
78519,89808,1,89808,1
78519,89808,1,89808,1
78519,89808,1,89808,1
78519,89808,1,89808,1
78519,89808,1,89808,1
78519,89808,1,89808,1
78519,89808,1,89808,1
78519,89808,1,89808,1
78519,89808,1,89808,1
78519,89808,1,89808,1
78519,89808,1,89808,1
78519,89808,1,89808,1
78519,89808,1,89808,1
78519,89808,1,89808,1
78519,89808,1,89808,1
78519,89808,1,89808,1
78519,89808,1,89808,1
78519,89808,1,89808,1
78519,89808,1,89808,1
78519,89808,1,89808,1
78519,89808,1,89808,1
78519,89808,1,89808,1
78519,89808,1,89808,1
78519,89808,1,89808,1
78519,89808,1,89808,1
78519,89808,1,89808,1
78519,89808,1,89808,1
78519,89808,1,89808,1
78519,89808,1,89808,1
78519,89808,1,89808,1
78519,89808,1,89808,1
78519,89808,1,89808,1
78519,89808,1,89808,1
78519,89808,1,89808,1
78519,89808,1,89808,1
78519,89808,1,89808,1
78519,89808,1,89808,1
78519,89808,1,89808,1
78519,89808,1,89808,1
78519,89808,1,173898,1
78519,173898,1,173885,0
78519,173885,0,173889,1
78519,173889,1,173884,1
78519,173884,1,173895,1
78519,173895,1,173951,1
78519,173951,1,173982,1
78519,173982,1,91664,1
78519,91664,1,91664,1
78519,91664,1,91664,1
78519,91664,1,91664,1
78519,91664,1,91664,1
78519,91664,1,91664,1
78519,91664,1,91664,1
78519,91664,1,91664,1
78519,91664,1,91664,1
78519,91664,1,91664,1
78519,91664,1,91664,1
78519,91664,1,91664,1
78519,91664,1,91664,1
78519,91664,1,91664,1
78519,91664,1,91664,1
78519,91664,1,91664,1
78519,91664,1,91664,1
78519,91664,1,91664,1
78519,91664,1,91664,1
78519,91664,1,91664,1
78519,91664,1,91664,1
78519,91664,1,91664,1
78519,91664,1,91664,1
78519,91664,1,91664,1
78519,91664,1,91664,1
78519,91664,1,91664,1
78519,91664,1,91664,1
78519,91664,1,91664,1
78519,91664,1,91664,1
78519,91664,1,91664,1
78519,91664,1,91664,1
78519,91664,1,91664,1
78519,91664,1,91664,1
78519,91664,1,91664,1
78519,91664,1,91664,1
78519,91664,1,91664,1
78519,91664,1,91664,1
78519,91664,1,91664,1
78519,91664,1,91664,1
78519,91664,1,91664,1
78519,91664,1,91664,1
78519,91664,1,91664,1
78519,91664,1,91664,1
78519,91664,1,91664,1
78519,91664,1,91664,1
78519,91664,1,91664,1
78519,91664,1,91664,1
78519,91664,1,91664,1
78519,91664,1,91664,1
78519,91664,1,91664,1
78519,91664,1,91664,1
78519,91664,1,91664,1
78519,91664,1,91664,1
78519,91664,1,91664,1
78519,91664,1,91664,1
78519,91664,1,91664,1
78519,91664,1,91664,1
78519,91664,1,91664,1
78519,91664,1,91664,1
78519,91664,1,91664,1
78519,91664,1,91664,1
78519,91664,1,91664,1
78519,91664,1,91664,1
78519,91664,1,91664,1
78519,91664,1,91664,1
78519,91664,1,91664,1
78519,91664,1,91664,1
78519,91664,1,91664,1
78519,91664,1,91664,1
78519,91664,1,91664,1
78519,91664,1,91664,1
78519,91664,1,91664,1
78519,91664,1,91664,1
78519,91664,1,91664,1
78519,91664,1,91664,1
78519,91664,1,91664,1
78519,91664,1,91664,1
78519,91664,1,91664,1
78519,91664,1,91664,1
78519,91664,1,91664,1
78519,91664,1,91664,1
78519,91664,1,91664,1
78519,91664,1,91664,1
78519,91664,1,91664,1
78519,91664,1,91664,1
78519,91664,1,91664,1
78519,91664,1,91664,1
78519,91664,1,91664,1
78519,91664,1,91664,1
78519,91664,1,91664,1
78519,91664,1,91664,1
78519,91664,1,91664,1
78519,91664,1,91664,1
78519,91664,1,91648,1
78519,91648,1,91648,1
78519,91648,1,91648,1
78519,91648,1,91648,1
78519,91648,1,91648,1
78519,91648,1,91648,1
78519,91648,1,91648,1
78519,91648,1,91648,1
78519,91648,1,91648,1
78519,91648,1,91648,1
78519,91648,1,91648,1
78519,91648,1,91648,1
78519,91648,1,91648,1
78519,91648,1,91648,1
78519,91648,1,91648,1
78519,91648,1,91648,1
78519,91648,1,91648,1
78519,91648,1,91648,1
78519,91648,1,91648,1
78519,91648,1,91648,1
78519,91648,1,91648,1
78519,91648,1,91648,1
78519,91648,1,91648,1
78519,91648,1,91648,1
78519,91648,1,91648,1
78519,91648,1,91648,1
78519,91648,1,91648,1
78519,91648,1,91648,1
78519,91648,1,91648,1
78519,91648,1,91648,1
78519,91648,1,91648,1
78519,91648,1,91648,1
78519,91648,1,91648,1
78519,91648,1,91648,1
78519,91648,1,91648,1
78519,91648,1,91648,1
78519,91648,1,91648,1
78519,91648,1,91648,1
78519,91648,1,91648,1
78519,91648,1,91648,1
78519,91648,1,91648,1
78519,91648,1,91648,1
78519,91648,1,91648,1
78519,91648,1,91648,1
78520,93238,0,93238,0
78520,93238,0,93238,0
78520,93238,0,93238,0
78520,93238,0,93238,0
78520,93238,0,93238,0
78520,93238,0,93238,0
78520,93238,0,93238,0
78520,93238,0,93238,0
78520,93238,0,93238,0
78520,93238,0,93238,0
78520,93238,0,93238,0
78520,93238,0,93238,0
78520,93238,0,93238,0
78520,93238,0,93238,0
78520,93238,0,93238,0
78520,93238,0,93238,0
78520,93238,0,93238,0
78520,93238,0,93238,0
78520,93238,0,93238,0
78520,93238,0,93238,0
78520,93238,0,93238,0
78520,93238,0,93238,0
78520,93238,0,93238,0
78520,93238,0,93238,0
78520,93238,0,93238,0
78520,93238,0,93238,0
78520,93238,0,93238,0
78520,93238,0,93238,0
78520,93238,0,93238,0
78520,93238,0,93238,0
78520,93238,0,93238,0
78520,93238,0,93238,0
78520,93238,0,93238,0
78520,93238,0,93238,0
78520,93238,0,93238,0
78520,93238,0,93238,0
78520,93238,0,93238,0
78520,93238,0,93238,0
78520,93238,0,93238,0
78520,93238,0,93238,0
78520,93238,0,93238,0
78520,93238,0,93238,0
78520,93238,0,93238,0
78520,93238,0,93238,0
78520,93238,0,93238,0
78520,93238,0,93149,1
78520,93149,1,93149,1
78520,93149,1,93149,1
78520,93149,1,93149,1
78520,93149,1,93149,1
78520,93149,1,93149,1
78520,93149,1,93149,1
78520,93149,1,93149,1
78520,93149,1,93149,1
78520,93149,1,93149,1
78520,93149,1,93149,1
78520,93149,1,93149,1
78520,93149,1,93149,1
78520,93149,1,93149,1
78520,93149,1,93149,1
78520,93149,1,93149,1
78520,93149,1,93149,1
78520,93149,1,93149,1
78520,93149,1,93149,1
78520,93149,1,93149,1
78520,93149,1,93149,1
78520,93149,1,93149,1
78520,93149,1,93149,1
78520,93149,1,93149,1
78520,93149,1,93149,1
78520,93149,1,93149,1
78520,93149,1,93149,1
78520,93149,1,93149,1
78520,93149,1,93149,1
78520,93149,1,93149,1
78520,93149,1,93149,1
78520,93149,1,93149,1
78520,93149,1,93149,1
78520,93149,1,93149,1
78520,93149,1,93149,1
78520,93149,1,93149,1
78520,93149,1,93149,1
78520,93149,1,93149,1
78520,93149,1,93149,1
78520,93149,1,93149,1
78520,93149,1,93149,1
78520,93149,1,93149,1
78520,93149,1,93149,1
78520,93149,1,93149,1
78520,93149,1,93149,1
78520,93149,1,93149,1
78520,93149,1,93185,1
78520,93185,1,93185,1
78520,93185,1,93185,1
78520,93185,1,93185,1
78520,93185,1,93185,1
78520,93185,1,93185,1
78520,93185,1,93185,1
78520,93185,1,93185,1
78520,93185,1,93185,1
78520,93185,1,93185,1
78520,93185,1,93185,1
78520,93185,1,93185,1
78520,93185,1,93185,1
78520,93185,1,93185,1
78520,93185,1,93185,1
78520,93185,1,93185,1
78520,93185,1,93185,1
78520,93185,1,93185,1
78520,93185,1,93185,1
78520,93185,1,93185,1
78520,93185,1,93185,1
78520,93185,1,93185,1
78520,93185,1,93185,1
78520,93185,1,93185,1
78520,93185,1,93185,1
78520,93185,1,93185,1
78520,93185,1,93185,1
78520,93185,1,93185,1
78520,93185,1,93185,1
78520,93185,1,93185,1
78520,93185,1,93185,1
78520,93185,1,93185,1
78520,93185,1,93185,1
78520,93185,1,93185,1
78520,93185,1,93185,1
78520,93185,1,93185,1
78520,93185,1,93185,1
78520,93185,1,93185,1
78520,93185,1,93185,1
78520,93185,1,93185,1
78520,93185,1,93185,1
78520,93185,1,93185,1
78520,93185,1,93185,1
78520,93185,1,93185,1
78520,93185,1,93185,1
78520,93185,1,93185,1
78520,93185,1,93233,1
78520,93233,1,93233,1
78520,93233,1,93233,1
78520,93233,1,93233,1
78520,93233,1,93233,1
78520,93233,1,93233,1
78520,93233,1,93233,1
78520,93233,1,93233,1
78520,93233,1,93233,1
78520,93233,1,93233,1
78520,93233,1,93233,1
78520,93233,1,93233,1
78520,93233,1,93233,1
78520,93233,1,93233,1
78520,93233,1,93233,1
78520,93233,1,93233,1
78520,93233,1,93233,1
78520,93233,1,93233,1
78520,93233,1,93233,1
78520,93233,1,93233,1
78520,93233,1,93233,1
78520,93233,1,93233,1
78520,93233,1,93233,1
78520,93233,1,93233,1
78520,93233,1,93233,1
78520,93233,1,93233,1
78520,93233,1,93233,1
78520,93233,1,93233,1
78520,93233,1,93233,1
78520,93233,1,93233,1
78520,93233,1,93233,1
78520,93233,1,93233,1
78520,93233,1,93233,1
78520,93233,1,93233,1
78520,93233,1,93233,1
78520,93233,1,93233,1
78520,93233,1,93233,1
78520,93233,1,93233,1
78520,93233,1,93233,1
78520,93233,1,93233,1
78520,93233,1,93233,1
78520,93233,1,93233,1
78520,93233,1,93233,1
78520,93233,1,93233,1
78520,93233,1,93233,1
78520,93233,1,93233,1
78520,93233,1,93235,1
78520,93235,1,85662,1
78520,85662,1,85662,1
78520,85662,1,85662,1
78520,85662,1,85662,1
78520,85662,1,85662,1
78520,85662,1,85662,1
78520,85662,1,85662,1
78520,85662,1,85662,1
78520,85662,1,85662,1
78520,85662,1,85662,1
78520,85662,1,85662,1
78520,85662,1,85662,1
78520,85662,1,85662,1
78520,85662,1,85662,1
78520,85662,1,85662,1
78520,85662,1,85662,1
78520,85662,1,85662,1
78520,85662,1,85662,1
78520,85662,1,85662,1
78520,85662,1,85662,1
78520,85662,1,85662,1
78520,85662,1,85662,1
78520,85662,1,85662,1
78520,85662,1,85662,1
78520,85662,1,85662,1
78520,85662,1,85662,1
78520,85662,1,85662,1
78520,85662,1,85662,1
78520,85662,1,85662,1
78520,85662,1,85662,1
78520,85662,1,85662,1
78520,85662,1,85662,1
78520,85662,1,85662,1
78520,85662,1,85662,1
78520,85662,1,85662,1
78520,85662,1,85662,1
78520,85662,1,85662,1
78520,85662,1,85662,1
78520,85662,1,85662,1
78520,85662,1,85662,1
78520,85662,1,85662,1
78520,85662,1,85662,1
78520,85662,1,85662,1
78520,85662,1,85662,1
78520,85662,1,85662,1
78520,85662,1,85662,1
78520,85662,1,84706,1
78520,84706,1,84706,1
78520,84706,1,84706,1
78520,84706,1,84706,1
78520,84706,1,84706,1
78520,84706,1,84706,1
78520,84706,1,84706,1
78520,84706,1,84706,1
78520,84706,1,84706,1
78520,84706,1,84706,1
78520,84706,1,84706,1
78520,84706,1,84706,1
78520,84706,1,84706,1
78520,84706,1,84706,1
78520,84706,1,84706,1
78520,84706,1,84706,1
78520,84706,1,84706,1
78520,84706,1,84706,1
78520,84706,1,84706,1
78520,84706,1,84706,1
78520,84706,1,84706,1
78520,84706,1,84706,1
78520,84706,1,84706,1
78520,84706,1,84706,1
78520,84706,1,84706,1
78520,84706,1,84706,1
78520,84706,1,84706,1
78520,84706,1,84706,1
78520,84706,1,84706,1
78520,84706,1,84706,1
78520,84706,1,84706,1
78520,84706,1,84706,1
78520,84706,1,84706,1
78520,84706,1,84706,1
78520,84706,1,84706,1
78520,84706,1,84706,1
78520,84706,1,84706,1
78520,84706,1,84706,1
78520,84706,1,84706,1
78520,84706,1,84706,1
78520,84706,1,84706,1
78520,84706,1,84706,1
78520,84706,1,84706,1
78520,84706,1,84706,1
78520,84706,1,84706,1
78520,84706,1,84706,1
78520,84706,1,85682,0
78520,85682,0,85648,1
78520,85648,1,84621,1
78520,84621,1,91347,1
78520,91347,1,91347,1
78520,91347,1,91347,1
78520,91347,1,91347,1
78520,91347,1,91347,1
78520,91347,1,91347,1
78520,91347,1,91347,1
78520,91347,1,91347,1
78520,91347,1,91347,1
78520,91347,1,91347,1
78520,91347,1,91347,1
78520,91347,1,91347,1
78520,91347,1,91347,1
78520,91347,1,91347,1
78520,91347,1,91347,1
78520,91347,1,91347,1
78520,91347,1,91347,1
78520,91347,1,91347,1
78520,91347,1,91347,1
78520,91347,1,91347,1
78520,91347,1,91347,1
78520,91347,1,91347,1
78520,91347,1,91347,1
78520,91347,1,91347,1
78520,91347,1,91347,1
78520,91347,1,91347,1
78520,91347,1,91347,1
78520,91347,1,91347,1
78520,91347,1,91347,1
78520,91347,1,91347,1
78520,91347,1,91347,1
78520,91347,1,91347,1
78520,91347,1,91347,1
78520,91347,1,91347,1
78520,91347,1,91347,1
78520,91347,1,91347,1
78520,91347,1,91347,1
78520,91347,1,91347,1
78520,91347,1,91347,1
78520,91347,1,91347,1
78520,91347,1,91347,1
78520,91347,1,91347,1
78520,91347,1,91347,1
78520,91347,1,91347,1
78520,91347,1,91347,1
78520,91347,1,91347,1
78520,91347,1,91347,1
78520,91347,1,91347,1
78520,91347,1,91347,1
78520,91347,1,91347,1
78520,91347,1,91347,1
78520,91347,1,91347,1
78520,91347,1,91347,1
78520,91347,1,91347,1
78520,91347,1,91347,1
78520,91347,1,91347,1
78520,91347,1,91347,1
78520,91347,1,91347,1
78520,91347,1,91347,1
78520,91347,1,91347,1
78520,91347,1,91347,1
78520,91347,1,91347,1
78520,91347,1,91347,1
78520,91347,1,91347,1
78520,91347,1,91347,1
78520,91347,1,91347,1
78520,91347,1,91347,1
78520,91347,1,91347,1
78520,91347,1,91347,1
78520,91347,1,91347,1
78520,91347,1,91347,1
78520,91347,1,91347,1
78520,91347,1,91347,1
78520,91347,1,91347,1
78520,91347,1,91347,1
78520,91347,1,91347,1
78520,91347,1,91347,1
78520,91347,1,91347,1
78520,91347,1,91347,1
78520,91347,1,91347,1
78520,91347,1,91347,1
78520,91347,1,91347,1
78520,91347,1,91347,1
78520,91347,1,91347,1
78520,91347,1,91347,1
78520,91347,1,91347,1
78520,91347,1,91347,1
78520,91347,1,91347,1
78520,91347,1,91347,1
78520,91347,1,91347,1
78520,91347,1,91347,1
78520,91347,1,91347,1
78520,91347,1,91347,1
78520,91347,1,91347,1
78520,91347,1,91347,1
78520,91347,1,91347,1
78520,91347,1,91347,1
78520,91347,1,89269,1
78520,89269,1,89269,1
78520,89269,1,89269,1
78520,89269,1,89269,1
78520,89269,1,89269,1
78520,89269,1,89269,1
78520,89269,1,89269,1
78520,89269,1,89269,1
78520,89269,1,89269,1
78520,89269,1,89269,1
78520,89269,1,89269,1
78520,89269,1,89269,1
78520,89269,1,89269,1
78520,89269,1,89269,1
78520,89269,1,89269,1
78520,89269,1,89269,1
78520,89269,1,89269,1
78520,89269,1,89269,1
78520,89269,1,89269,1
78520,89269,1,89269,1
78520,89269,1,89269,1
78520,89269,1,89269,1
78520,89269,1,89269,1
78520,89269,1,89269,1
78520,89269,1,89269,1
78520,89269,1,89269,1
78520,89269,1,89269,1
78520,89269,1,89269,1
78520,89269,1,89269,1
78520,89269,1,89269,1
78520,89269,1,89269,1
78520,89269,1,89269,1
78520,89269,1,89269,1
78520,89269,1,89269,1
78520,89269,1,89269,1
78520,89269,1,89269,1
78520,89269,1,89269,1
78520,89269,1,89269,1
78520,89269,1,89269,1
78520,89269,1,89269,1
78520,89269,1,89269,1
78520,89269,1,89269,1
78520,89269,1,89269,1
78520,89269,1,89269,1
78520,89269,1,89269,1
78520,89269,1,89269,1
78520,89269,1,89269,1
78520,89269,1,89267,1
78520,89267,1,91352,1
78520,91352,1,89290,1
78520,89290,1,89290,1
78520,89290,1,89290,1
78520,89290,1,89290,1
78520,89290,1,89290,1
78520,89290,1,89290,1
78520,89290,1,89290,1
78520,89290,1,89290,1
78520,89290,1,89290,1
78520,89290,1,89290,1
78520,89290,1,89290,1
78520,89290,1,89290,1
78520,89290,1,89290,1
78520,89290,1,89290,1
78520,89290,1,89290,1
78520,89290,1,89290,1
78520,89290,1,89290,1
78520,89290,1,89290,1
78520,89290,1,89290,1
78520,89290,1,89290,1
78520,89290,1,89290,1
78520,89290,1,89290,1
78520,89290,1,89290,1
78520,89290,1,89290,1
78520,89290,1,89290,1
78520,89290,1,89290,1
78520,89290,1,89290,1
78520,89290,1,89290,1
78520,89290,1,89290,1
78520,89290,1,89290,1
78520,89290,1,89290,1
78520,89290,1,89290,1
78520,89290,1,89290,1
78520,89290,1,89290,1
78520,89290,1,89290,1
78520,89290,1,89290,1
78520,89290,1,89290,1
78520,89290,1,89290,1
78520,89290,1,89290,1
78520,89290,1,89290,1
78520,89290,1,89290,1
78520,89290,1,89290,1
78520,89290,1,89290,1
78520,89290,1,89290,1
78520,89290,1,89290,1
78520,89290,1,89290,1
78520,89290,1,89290,1
78520,89290,1,89290,1
78520,89290,1,89290,1
78520,89290,1,89290,1
78520,89290,1,89290,1
78520,89290,1,89290,1
78520,89290,1,89290,1
78520,89290,1,89290,1
78520,89290,1,89290,1
78520,89290,1,89290,1
78520,89290,1,89290,1
78520,89290,1,89290,1
78520,89290,1,89290,1
78520,89290,1,89290,1
78520,89290,1,89290,1
78520,89290,1,89290,1
78520,89290,1,89290,1
78520,89290,1,89290,1
78520,89290,1,89290,1
78520,89290,1,89290,1
78520,89290,1,89290,1
78520,89290,1,89290,1
78520,89290,1,89290,1
78520,89290,1,89290,1
78520,89290,1,89290,1
78520,89290,1,89290,1
78520,89290,1,89290,1
78520,89290,1,89290,1
78520,89290,1,89290,1
78520,89290,1,89290,1
78520,89290,1,89290,1
78520,89290,1,89290,1
78520,89290,1,89290,1
78520,89290,1,89290,1
78520,89290,1,89290,1
78520,89290,1,89290,1
78520,89290,1,89290,1
78520,89290,1,89290,1
78520,89290,1,89290,1
78520,89290,1,89290,1
78520,89290,1,89290,1
78520,89290,1,89290,1
78520,89290,1,89290,1
78520,89290,1,89290,1
78520,89290,1,89290,1
78520,89290,1,89290,1
78520,89290,1,89290,1
78520,89290,1,89290,1
78520,89290,1,89290,1
78520,89290,1,89290,1
78520,89290,1,89290,1
78520,89290,1,89284,1
78520,89284,1,91384,0
78520,91384,0,89768,0
78520,89768,0,89768,0
78520,89768,0,89768,0
78520,89768,0,89768,0
78520,89768,0,89768,0
78520,89768,0,89768,0
78520,89768,0,89768,0
78520,89768,0,89768,0
78520,89768,0,89768,0
78520,89768,0,89768,0
78520,89768,0,89768,0
78520,89768,0,89768,0
78520,89768,0,89768,0
78520,89768,0,89768,0
78520,89768,0,89768,0
78520,89768,0,89768,0
78520,89768,0,89768,0
78520,89768,0,89768,0
78520,89768,0,89768,0
78520,89768,0,89768,0
78520,89768,0,89768,0
78520,89768,0,89768,0
78520,89768,0,89768,0
78520,89768,0,89768,0
78520,89768,0,89768,0
78520,89768,0,89768,0
78520,89768,0,89768,0
78520,89768,0,89768,0
78520,89768,0,89768,0
78520,89768,0,89768,0
78520,89768,0,89768,0
78520,89768,0,89768,0
78520,89768,0,89768,0
78520,89768,0,89768,0
78520,89768,0,89768,0
78520,89768,0,89768,0
78520,89768,0,89768,0
78520,89768,0,89768,0
78520,89768,0,89768,0
78520,89768,0,89768,0
78520,89768,0,89768,0
78520,89768,0,89768,0
78520,89768,0,89768,0
78520,89768,0,89768,0
78520,89768,0,89768,0
78520,89768,0,89768,0
78520,89768,0,89768,0
78520,89768,0,89768,0
78520,89768,0,89768,0
78520,89768,0,89768,0
78520,89768,0,89768,0
78520,89768,0,89768,0
78520,89768,0,89768,0
78520,89768,0,89768,0
78520,89768,0,89768,0
78520,89768,0,89768,0
78520,89768,0,89768,0
78520,89768,0,89768,0
78520,89768,0,89768,0
78520,89768,0,89768,0
78520,89768,0,89768,0
78520,89768,0,89768,0
78520,89768,0,89768,0
78520,89768,0,89768,0
78520,89768,0,89768,0
78520,89768,0,89768,0
78520,89768,0,89768,0
78520,89768,0,89768,0
78520,89768,0,89768,0
78520,89768,0,89768,0
78520,89768,0,89768,0
78520,89768,0,89768,0
78520,89768,0,89768,0
78520,89768,0,89768,0
78520,89768,0,89768,0
78520,89768,0,89768,0
78520,89768,0,89768,0
78520,89768,0,89768,0
78520,89768,0,89768,0
78520,89768,0,89768,0
78520,89768,0,89768,0
78520,89768,0,89768,0
78520,89768,0,89768,0
78520,89768,0,89768,0
78520,89768,0,89768,0
78520,89768,0,89768,0
78520,89768,0,89768,0
78520,89768,0,89768,0
78520,89768,0,89768,0
78520,89768,0,89768,0
78520,89768,0,89768,0
78520,89768,0,89768,0
78520,89768,0,89768,0
78520,89768,0,89762,1
78520,89762,1,89762,1
78520,89762,1,89762,1
78520,89762,1,89762,1
78520,89762,1,89762,1
78520,89762,1,89762,1
78520,89762,1,89762,1
78520,89762,1,89762,1
78520,89762,1,89762,1
78520,89762,1,89762,1
78520,89762,1,89762,1
78520,89762,1,89762,1
78520,89762,1,89762,1
78520,89762,1,89762,1
78520,89762,1,89762,1
78520,89762,1,89762,1
78520,89762,1,89762,1
78520,89762,1,89762,1
78520,89762,1,89762,1
78520,89762,1,89762,1
78520,89762,1,89762,1
78520,89762,1,89762,1
78520,89762,1,89762,1
78520,89762,1,89762,1
78520,89762,1,89762,1
78520,89762,1,89762,1
78520,89762,1,89762,1
78520,89762,1,89762,1
78520,89762,1,89762,1
78520,89762,1,89762,1
78520,89762,1,89762,1
78520,89762,1,89762,1
78520,89762,1,89762,1
78520,89762,1,89762,1
78520,89762,1,89762,1
78520,89762,1,89762,1
78520,89762,1,89762,1
78520,89762,1,89762,1
78520,89762,1,89762,1
78520,89762,1,89762,1
78520,89762,1,89762,1
78520,89762,1,89762,1
78520,89762,1,89762,1
78520,89762,1,89762,1
78520,89762,1,89762,1
78520,89762,1,89762,1
78520,89762,1,89762,1
78520,89762,1,89762,1
78520,89762,1,89762,1
78520,89762,1,89762,1
78520,89762,1,89762,1
78520,89762,1,89762,1
78520,89762,1,89762,1
78520,89762,1,89762,1
78520,89762,1,89762,1
78520,89762,1,89762,1
78520,89762,1,89762,1
78520,89762,1,89762,1
78520,89762,1,89762,1
78520,89762,1,89762,1
78520,89762,1,89762,1
78520,89762,1,89762,1
78520,89762,1,89762,1
78520,89762,1,89762,1
78520,89762,1,89762,1
78520,89762,1,89762,1
78520,89762,1,89762,1
78520,89762,1,89762,1
78520,89762,1,89762,1
78520,89762,1,89762,1
78520,89762,1,89762,1
78520,89762,1,89762,1
78520,89762,1,89762,1
78520,89762,1,89762,1
78520,89762,1,89762,1
78520,89762,1,89762,1
78520,89762,1,89762,1
78520,89762,1,89762,1
78520,89762,1,89762,1
78520,89762,1,89762,1
78520,89762,1,89762,1
78520,89762,1,89762,1
78520,89762,1,89762,1
78520,89762,1,89762,1
78520,89762,1,89762,1
78520,89762,1,89762,1
78520,89762,1,89762,1
78520,89762,1,89762,1
78520,89762,1,89762,1
78520,89762,1,89762,1
78520,89762,1,89762,1
78520,89762,1,89762,1
78520,89762,1,89762,1
78520,89762,1,89820,1
78520,89820,1,89820,1
78520,89820,1,89820,1
78520,89820,1,89820,1
78520,89820,1,89820,1
78520,89820,1,89820,1
78520,89820,1,89820,1
78520,89820,1,89820,1
78520,89820,1,89820,1
78520,89820,1,89820,1
78520,89820,1,89820,1
78520,89820,1,89820,1
78520,89820,1,89820,1
78520,89820,1,89820,1
78520,89820,1,89820,1
78520,89820,1,89820,1
78520,89820,1,89820,1
78520,89820,1,89820,1
78520,89820,1,89820,1
78520,89820,1,89820,1
78520,89820,1,89820,1
78520,89820,1,89820,1
78520,89820,1,89820,1
78520,89820,1,89820,1
78520,89820,1,89820,1
78520,89820,1,89820,1
78520,89820,1,89820,1
78520,89820,1,89820,1
78520,89820,1,89820,1
78520,89820,1,89820,1
78520,89820,1,89820,1
78520,89820,1,89820,1
78520,89820,1,89820,1
78520,89820,1,89820,1
78520,89820,1,89820,1
78520,89820,1,89820,1
78520,89820,1,89820,1
78520,89820,1,89820,1
78520,89820,1,89820,1
78520,89820,1,89820,1
78520,89820,1,89820,1
78520,89820,1,89820,1
78520,89820,1,89820,1
78520,89820,1,89820,1
78520,89820,1,89820,1
78520,89820,1,89820,1
78520,89820,1,89820,1
78520,89820,1,89820,1
78520,89820,1,89820,1
78520,89820,1,89820,1
78520,89820,1,89820,1
78520,89820,1,89820,1
78520,89820,1,89820,1
78520,89820,1,89820,1
78520,89820,1,89820,1
78520,89820,1,89820,1
78520,89820,1,89820,1
78520,89820,1,89820,1
78520,89820,1,89820,1
78520,89820,1,89820,1
78520,89820,1,89820,1
78520,89820,1,89820,1
78520,89820,1,89820,1
78520,89820,1,89820,1
78520,89820,1,89820,1
78520,89820,1,89820,1
78520,89820,1,89820,1
78520,89820,1,89820,1
78520,89820,1,89820,1
78520,89820,1,89820,1
78520,89820,1,89820,1
78520,89820,1,89820,1
78520,89820,1,89820,1
78520,89820,1,89820,1
78520,89820,1,89820,1
78520,89820,1,89820,1
78520,89820,1,89820,1
78520,89820,1,89820,1
78520,89820,1,89820,1
78520,89820,1,89820,1
78520,89820,1,89820,1
78520,89820,1,89820,1
78520,89820,1,89820,1
78520,89820,1,89820,1
78520,89820,1,89820,1
78520,89820,1,89820,1
78520,89820,1,89820,1
78520,89820,1,89820,1
78520,89820,1,89820,1
78520,89820,1,89820,1
78520,89820,1,89820,1
78520,89820,1,89820,1
78520,89820,1,89820,1
78520,89820,1,89805,1
78520,89805,1,89805,1
78520,89805,1,89805,1
78520,89805,1,89805,1
78520,89805,1,89805,1
78520,89805,1,89805,1
78520,89805,1,89805,1
78520,89805,1,89805,1
78520,89805,1,89805,1
78520,89805,1,89805,1
78520,89805,1,89805,1
78520,89805,1,89805,1
78520,89805,1,89805,1
78520,89805,1,89805,1
78520,89805,1,89805,1
78520,89805,1,89805,1
78520,89805,1,89805,1
78520,89805,1,89805,1
78520,89805,1,89805,1
78520,89805,1,89805,1
78520,89805,1,89805,1
78520,89805,1,89805,1
78520,89805,1,89805,1
78520,89805,1,89805,1
78520,89805,1,89805,1
78520,89805,1,89805,1
78520,89805,1,89805,1
78520,89805,1,89805,1
78520,89805,1,89805,1
78520,89805,1,89805,1
78520,89805,1,89805,1
78520,89805,1,89805,1
78520,89805,1,89805,1
78520,89805,1,89805,1
78520,89805,1,89805,1
78520,89805,1,89805,1
78520,89805,1,89805,1
78520,89805,1,89805,1
78520,89805,1,89805,1
78520,89805,1,89805,1
78520,89805,1,89805,1
78520,89805,1,89805,1
78520,89805,1,89805,1
78520,89805,1,89805,1
78520,89805,1,91662,1
78520,91662,1,91662,1
78520,91662,1,91662,1
78520,91662,1,91662,1
78520,91662,1,91662,1
78520,91662,1,91662,1
78520,91662,1,91662,1
78520,91662,1,91662,1
78520,91662,1,91662,1
78520,91662,1,91662,1
78520,91662,1,91662,1
78520,91662,1,91662,1
78520,91662,1,91662,1
78520,91662,1,91662,1
78520,91662,1,91662,1
78520,91662,1,91662,1
78520,91662,1,91662,1
78520,91662,1,91662,1
78520,91662,1,91662,1
78520,91662,1,91662,1
78520,91662,1,91662,1
78520,91662,1,91662,1
78520,91662,1,91662,1
78520,91662,1,91662,1
78520,91662,1,91662,1
78520,91662,1,91662,1
78520,91662,1,91662,1
78520,91662,1,91662,1
78520,91662,1,91662,1
78520,91662,1,91662,1
78520,91662,1,91662,1
78520,91662,1,91662,1
78520,91662,1,91662,1
78520,91662,1,91662,1
78520,91662,1,91662,1
78520,91662,1,91662,1
78520,91662,1,91662,1
78520,91662,1,91662,1
78520,91662,1,91662,1
78520,91662,1,91662,1
78520,91662,1,91662,1
78520,91662,1,91662,1
78520,91662,1,91662,1
78520,91662,1,91662,1
78520,91662,1,91662,1
78520,91662,1,91662,1
78520,91662,1,91662,1
78520,91662,1,91662,1
78520,91662,1,91662,1
78520,91662,1,91662,1
78520,91662,1,91662,1
78520,91662,1,91662,1
78520,91662,1,91662,1
78520,91662,1,91662,1
78520,91662,1,91662,1
78520,91662,1,91662,1
78520,91662,1,91662,1
78520,91662,1,91662,1
78520,91662,1,91662,1
78520,91662,1,91662,1
78520,91662,1,91662,1
78520,91662,1,91662,1
78520,91662,1,91662,1
78520,91662,1,91662,1
78520,91662,1,91662,1
78520,91662,1,91662,1
78520,91662,1,91662,1
78520,91662,1,91662,1
78520,91662,1,91662,1
78520,91662,1,91662,1
78520,91662,1,91662,1
78520,91662,1,91662,1
78520,91662,1,91662,1
78520,91662,1,91662,1
78520,91662,1,91662,1
78520,91662,1,91662,1
78520,91662,1,91662,1
78520,91662,1,91662,1
78520,91662,1,91662,1
78520,91662,1,91662,1
78520,91662,1,91662,1
78520,91662,1,91662,1
78520,91662,1,91662,1
78520,91662,1,91662,1
78520,91662,1,91662,1
78520,91662,1,91662,1
78520,91662,1,91662,1
78520,91662,1,91662,1
78520,91662,1,91662,1
78520,91662,1,91662,1
78520,91662,1,91662,1
78520,91662,1,91662,1
78520,91662,1,91662,1
78520,91662,1,91665,1
78521,93189,1,93189,1
78521,93189,1,93189,1
78521,93189,1,93189,1
78521,93189,1,93189,1
78521,93189,1,93189,1
78521,93189,1,93189,1
78521,93189,1,93189,1
78521,93189,1,93189,1
78521,93189,1,93189,1
78521,93189,1,93189,1
78521,93189,1,93189,1
78521,93189,1,93189,1
78521,93189,1,93189,1
78521,93189,1,93189,1
78521,93189,1,93189,1
78521,93189,1,93189,1
78521,93189,1,93189,1
78521,93189,1,93189,1
78521,93189,1,93189,1
78521,93189,1,93189,1
78521,93189,1,93189,1
78521,93189,1,93189,1
78521,93189,1,93189,1
78521,93189,1,93189,1
78521,93189,1,93189,1
78521,93189,1,93189,1
78521,93189,1,93189,1
78521,93189,1,93189,1
78521,93189,1,93189,1
78521,93189,1,93189,1
78521,93189,1,93189,1
78521,93189,1,93189,1
78521,93189,1,93189,1
78521,93189,1,93189,1
78521,93189,1,93189,1
78521,93189,1,93189,1
78521,93189,1,93189,1
78521,93189,1,93189,1
78521,93189,1,93189,1
78521,93189,1,93189,1
78521,93189,1,93189,1
78521,93189,1,93189,1
78521,93189,1,93189,1
78521,93189,1,93189,1
78521,93189,1,93189,1
78521,93189,1,93225,1
78521,93225,1,93225,1
78521,93225,1,93225,1
78521,93225,1,93225,1
78521,93225,1,93225,1
78521,93225,1,93225,1
78521,93225,1,93225,1
78521,93225,1,93225,1
78521,93225,1,93225,1
78521,93225,1,93225,1
78521,93225,1,93225,1
78521,93225,1,93225,1
78521,93225,1,93225,1
78521,93225,1,93225,1
78521,93225,1,93225,1
78521,93225,1,93225,1
78521,93225,1,93225,1
78521,93225,1,93225,1
78521,93225,1,93225,1
78521,93225,1,93225,1
78521,93225,1,93225,1
78521,93225,1,93225,1
78521,93225,1,93225,1
78521,93225,1,93225,1
78521,93225,1,93225,1
78521,93225,1,93225,1
78521,93225,1,93225,1
78521,93225,1,93225,1
78521,93225,1,93225,1
78521,93225,1,93225,1
78521,93225,1,93225,1
78521,93225,1,93225,1
78521,93225,1,93225,1
78521,93225,1,93225,1
78521,93225,1,93225,1
78521,93225,1,93225,1
78521,93225,1,93225,1
78521,93225,1,93225,1
78521,93225,1,93225,1
78521,93225,1,93225,1
78521,93225,1,93225,1
78521,93225,1,93225,1
78521,93225,1,93225,1
78521,93225,1,93225,1
78521,93225,1,93225,1
78521,93225,1,93225,1
78521,93225,1,93245,1
78521,93245,1,93245,1
78521,93245,1,93245,1
78521,93245,1,93245,1
78521,93245,1,93245,1
78521,93245,1,93245,1
78521,93245,1,93245,1
78521,93245,1,93245,1
78521,93245,1,93245,1
78521,93245,1,93245,1
78521,93245,1,93245,1
78521,93245,1,93245,1
78521,93245,1,93245,1
78521,93245,1,93245,1
78521,93245,1,93245,1
78521,93245,1,93245,1
78521,93245,1,93245,1
78521,93245,1,93245,1
78521,93245,1,93245,1
78521,93245,1,93245,1
78521,93245,1,93245,1
78521,93245,1,93245,1
78521,93245,1,93245,1
78521,93245,1,93245,1
78521,93245,1,93245,1
78521,93245,1,93245,1
78521,93245,1,93245,1
78521,93245,1,93245,1
78521,93245,1,93245,1
78521,93245,1,93245,1
78521,93245,1,93245,1
78521,93245,1,93245,1
78521,93245,1,93245,1
78521,93245,1,93245,1
78521,93245,1,93245,1
78521,93245,1,93245,1
78521,93245,1,93245,1
78521,93245,1,93245,1
78521,93245,1,93245,1
78521,93245,1,93245,1
78521,93245,1,93245,1
78521,93245,1,93245,1
78521,93245,1,93245,1
78521,93245,1,84705,1
78521,84705,1,84705,1
78521,84705,1,84705,1
78521,84705,1,84705,1
78521,84705,1,84705,1
78521,84705,1,84705,1
78521,84705,1,84705,1
78521,84705,1,84705,1
78521,84705,1,84705,1
78521,84705,1,84705,1
78521,84705,1,84705,1
78521,84705,1,84705,1
78521,84705,1,84705,1
78521,84705,1,84705,1
78521,84705,1,84705,1
78521,84705,1,84705,1
78521,84705,1,84705,1
78521,84705,1,84705,1
78521,84705,1,84705,1
78521,84705,1,84705,1
78521,84705,1,84705,1
78521,84705,1,84705,1
78521,84705,1,84705,1
78521,84705,1,84705,1
78521,84705,1,84705,1
78521,84705,1,84705,1
78521,84705,1,84705,1
78521,84705,1,84705,1
78521,84705,1,84705,1
78521,84705,1,84705,1
78521,84705,1,84705,1
78521,84705,1,84705,1
78521,84705,1,84705,1
78521,84705,1,84705,1
78521,84705,1,84705,1
78521,84705,1,84705,1
78521,84705,1,84705,1
78521,84705,1,84705,1
78521,84705,1,84705,1
78521,84705,1,84705,1
78521,84705,1,84705,1
78521,84705,1,84705,1
78521,84705,1,84705,1
78521,84705,1,84705,1
78521,84705,1,84705,1
78521,84705,1,84705,1
78521,84705,1,85092,0
78521,85092,0,85092,0
78521,85092,0,85092,0
78521,85092,0,85092,0
78521,85092,0,85092,0
78521,85092,0,85092,0
78521,85092,0,85092,0
78521,85092,0,85092,0
78521,85092,0,85092,0
78521,85092,0,85092,0
78521,85092,0,85092,0
78521,85092,0,85092,0
78521,85092,0,85092,0
78521,85092,0,85092,0
78521,85092,0,85092,0
78521,85092,0,85092,0
78521,85092,0,85092,0
78521,85092,0,85092,0
78521,85092,0,85092,0
78521,85092,0,85092,0
78521,85092,0,85092,0
78521,85092,0,85092,0
78521,85092,0,85092,0
78521,85092,0,85092,0
78521,85092,0,85092,0
78521,85092,0,85092,0
78521,85092,0,85092,0
78521,85092,0,85092,0
78521,85092,0,85092,0
78521,85092,0,85092,0
78521,85092,0,85092,0
78521,85092,0,85092,0
78521,85092,0,85092,0
78521,85092,0,85092,0
78521,85092,0,85092,0
78521,85092,0,85092,0
78521,85092,0,85092,0
78521,85092,0,85092,0
78521,85092,0,85092,0
78521,85092,0,85092,0
78521,85092,0,85092,0
78521,85092,0,85092,0
78521,85092,0,85092,0
78521,85092,0,85092,0
78521,85092,0,85092,0
78521,85092,0,85092,0
78521,85092,0,85671,1
78521,85671,1,85671,1
78521,85671,1,85671,1
78521,85671,1,85671,1
78521,85671,1,85671,1
78521,85671,1,85671,1
78521,85671,1,85671,1
78521,85671,1,85671,1
78521,85671,1,85671,1
78521,85671,1,85671,1
78521,85671,1,85671,1
78521,85671,1,85671,1
78521,85671,1,85671,1
78521,85671,1,85671,1
78521,85671,1,85671,1
78521,85671,1,85671,1
78521,85671,1,85671,1
78521,85671,1,85671,1
78521,85671,1,85671,1
78521,85671,1,85671,1
78521,85671,1,85671,1
78521,85671,1,85671,1
78521,85671,1,85671,1
78521,85671,1,85671,1
78521,85671,1,85671,1
78521,85671,1,85671,1
78521,85671,1,85671,1
78521,85671,1,85671,1
78521,85671,1,85671,1
78521,85671,1,85671,1
78521,85671,1,85671,1
78521,85671,1,85671,1
78521,85671,1,85671,1
78521,85671,1,85671,1
78521,85671,1,85671,1
78521,85671,1,85671,1
78521,85671,1,85671,1
78521,85671,1,85671,1
78521,85671,1,85671,1
78521,85671,1,85671,1
78521,85671,1,85671,1
78521,85671,1,85671,1
78521,85671,1,85671,1
78521,85671,1,85671,1
78521,85671,1,85671,1
78521,85671,1,85671,1
78521,85671,1,85669,1
78521,85669,1,85669,1
78521,85669,1,85669,1
78521,85669,1,85669,1
78521,85669,1,85669,1
78521,85669,1,85669,1
78521,85669,1,85669,1
78521,85669,1,85669,1
78521,85669,1,85669,1
78521,85669,1,85669,1
78521,85669,1,85669,1
78521,85669,1,85669,1
78521,85669,1,85669,1
78521,85669,1,85669,1
78521,85669,1,85669,1
78521,85669,1,85669,1
78521,85669,1,85669,1
78521,85669,1,85669,1
78521,85669,1,85669,1
78521,85669,1,85669,1
78521,85669,1,85669,1
78521,85669,1,85669,1
78521,85669,1,85669,1
78521,85669,1,85669,1
78521,85669,1,85669,1
78521,85669,1,85669,1
78521,85669,1,85669,1
78521,85669,1,85669,1
78521,85669,1,85669,1
78521,85669,1,85669,1
78521,85669,1,85669,1
78521,85669,1,85669,1
78521,85669,1,85669,1
78521,85669,1,85669,1
78521,85669,1,85669,1
78521,85669,1,85669,1
78521,85669,1,85669,1
78521,85669,1,85669,1
78521,85669,1,85669,1
78521,85669,1,85669,1
78521,85669,1,85669,1
78521,85669,1,85669,1
78521,85669,1,85669,1
78521,85669,1,85669,1
78521,85669,1,85669,1
78521,85669,1,85669,1
78521,85669,1,85095,1
78521,85095,1,85095,1
78521,85095,1,85095,1
78521,85095,1,85095,1
78521,85095,1,85095,1
78521,85095,1,85095,1
78521,85095,1,85095,1
78521,85095,1,85095,1
78521,85095,1,85095,1
78521,85095,1,85095,1
78521,85095,1,85095,1
78521,85095,1,85095,1
78521,85095,1,85095,1
78521,85095,1,85095,1
78521,85095,1,85095,1
78521,85095,1,85095,1
78521,85095,1,85095,1
78521,85095,1,85095,1
78521,85095,1,85095,1
78521,85095,1,85095,1
78521,85095,1,85095,1
78521,85095,1,85095,1
78521,85095,1,85095,1
78521,85095,1,85095,1
78521,85095,1,85095,1
78521,85095,1,85095,1
78521,85095,1,85095,1
78521,85095,1,85095,1
78521,85095,1,85095,1
78521,85095,1,85095,1
78521,85095,1,85095,1
78521,85095,1,85095,1
78521,85095,1,85095,1
78521,85095,1,85095,1
78521,85095,1,85095,1
78521,85095,1,85095,1
78521,85095,1,85095,1
78521,85095,1,85095,1
78521,85095,1,85095,1
78521,85095,1,85095,1
78521,85095,1,85095,1
78521,85095,1,85095,1
78521,85095,1,85095,1
78521,85095,1,85095,1
78521,85095,1,85095,1
78521,85095,1,85095,1
78521,85095,1,85656,0
78521,85656,0,85656,0
78521,85656,0,85656,0
78521,85656,0,85656,0
78521,85656,0,85656,0
78521,85656,0,85656,0
78521,85656,0,85656,0
78521,85656,0,85656,0
78521,85656,0,85656,0
78521,85656,0,85656,0
78521,85656,0,85656,0
78521,85656,0,85656,0
78521,85656,0,85656,0
78521,85656,0,85656,0
78521,85656,0,85656,0
78521,85656,0,85656,0
78521,85656,0,85656,0
78521,85656,0,85656,0
78521,85656,0,85656,0
78521,85656,0,85656,0
78521,85656,0,85656,0
78521,85656,0,85656,0
78521,85656,0,85656,0
78521,85656,0,85656,0
78521,85656,0,85656,0
78521,85656,0,85656,0
78521,85656,0,85656,0
78521,85656,0,85656,0
78521,85656,0,85656,0
78521,85656,0,85656,0
78521,85656,0,85656,0
78521,85656,0,85656,0
78521,85656,0,85656,0
78521,85656,0,85656,0
78521,85656,0,85656,0
78521,85656,0,85656,0
78521,85656,0,85656,0
78521,85656,0,85656,0
78521,85656,0,85656,0
78521,85656,0,85656,0
78521,85656,0,85656,0
78521,85656,0,85656,0
78521,85656,0,85656,0
78521,85656,0,89300,1
78521,89300,1,89300,1
78521,89300,1,89300,1
78521,89300,1,89300,1
78521,89300,1,89300,1
78521,89300,1,89300,1
78521,89300,1,89300,1
78521,89300,1,89300,1
78521,89300,1,89300,1
78521,89300,1,89300,1
78521,89300,1,89300,1
78521,89300,1,89300,1
78521,89300,1,89300,1
78521,89300,1,89300,1
78521,89300,1,89300,1
78521,89300,1,89300,1
78521,89300,1,89300,1
78521,89300,1,89300,1
78521,89300,1,89300,1
78521,89300,1,89300,1
78521,89300,1,89300,1
78521,89300,1,89300,1
78521,89300,1,89300,1
78521,89300,1,89300,1
78521,89300,1,89300,1
78521,89300,1,89300,1
78521,89300,1,89300,1
78521,89300,1,89300,1
78521,89300,1,89300,1
78521,89300,1,89300,1
78521,89300,1,89300,1
78521,89300,1,89300,1
78521,89300,1,89300,1
78521,89300,1,89300,1
78521,89300,1,89300,1
78521,89300,1,89300,1
78521,89300,1,89300,1
78521,89300,1,89300,1
78521,89300,1,89300,1
78521,89300,1,89300,1
78521,89300,1,89300,1
78521,89300,1,89300,1
78521,89300,1,89300,1
78521,89300,1,89300,1
78521,89300,1,89300,1
78521,89300,1,89300,1
78521,89300,1,89300,1
78521,89300,1,89300,1
78521,89300,1,89300,1
78521,89300,1,89300,1
78521,89300,1,89300,1
78521,89300,1,89300,1
78521,89300,1,89300,1
78521,89300,1,89300,1
78521,89300,1,89300,1
78521,89300,1,89300,1
78521,89300,1,89300,1
78521,89300,1,89300,1
78521,89300,1,89300,1
78521,89300,1,89300,1
78521,89300,1,89300,1
78521,89300,1,89300,1
78521,89300,1,89300,1
78521,89300,1,89300,1
78521,89300,1,89300,1
78521,89300,1,89300,1
78521,89300,1,89300,1
78521,89300,1,89300,1
78521,89300,1,89300,1
78521,89300,1,89300,1
78521,89300,1,89300,1
78521,89300,1,89300,1
78521,89300,1,89300,1
78521,89300,1,89300,1
78521,89300,1,89300,1
78521,89300,1,89300,1
78521,89300,1,89300,1
78521,89300,1,89300,1
78521,89300,1,89300,1
78521,89300,1,89300,1
78521,89300,1,89300,1
78521,89300,1,89300,1
78521,89300,1,89300,1
78521,89300,1,89300,1
78521,89300,1,89300,1
78521,89300,1,89300,1
78521,89300,1,89300,1
78521,89300,1,89300,1
78521,89300,1,89300,1
78521,89300,1,89300,1
78521,89300,1,89300,1
78521,89300,1,89300,1
78521,89300,1,89300,1
78521,89300,1,89300,1
78521,89300,1,89300,1
78521,89300,1,89300,1
78521,89300,1,89300,1
78521,89300,1,89298,1
78521,89298,1,89298,1
78521,89298,1,89298,1
78521,89298,1,89298,1
78521,89298,1,89298,1
78521,89298,1,89298,1
78521,89298,1,89298,1
78521,89298,1,89298,1
78521,89298,1,89298,1
78521,89298,1,89298,1
78521,89298,1,89298,1
78521,89298,1,89298,1
78521,89298,1,89298,1
78521,89298,1,89298,1
78521,89298,1,89298,1
78521,89298,1,89298,1
78521,89298,1,89298,1
78521,89298,1,89298,1
78521,89298,1,89298,1
78521,89298,1,89298,1
78521,89298,1,89298,1
78521,89298,1,89298,1
78521,89298,1,89298,1
78521,89298,1,89298,1
78521,89298,1,89298,1
78521,89298,1,89298,1
78521,89298,1,89298,1
78521,89298,1,89298,1
78521,89298,1,89298,1
78521,89298,1,89298,1
78521,89298,1,89298,1
78521,89298,1,89298,1
78521,89298,1,89298,1
78521,89298,1,89298,1
78521,89298,1,89298,1
78521,89298,1,89298,1
78521,89298,1,89298,1
78521,89298,1,89298,1
78521,89298,1,89298,1
78521,89298,1,89298,1
78521,89298,1,89298,1
78521,89298,1,89298,1
78521,89298,1,89298,1
78521,89298,1,89298,1
78521,89298,1,89298,1
78521,89298,1,89298,1
78521,89298,1,89298,1
78521,89298,1,91354,0
78521,91354,0,91354,0
78521,91354,0,91354,0
78521,91354,0,91354,0
78521,91354,0,91354,0
78521,91354,0,91354,0
78521,91354,0,91354,0
78521,91354,0,91354,0
78521,91354,0,91354,0
78521,91354,0,91354,0
78521,91354,0,91354,0
78521,91354,0,91354,0
78521,91354,0,91354,0
78521,91354,0,91354,0
78521,91354,0,91354,0
78521,91354,0,91354,0
78521,91354,0,91354,0
78521,91354,0,91354,0
78521,91354,0,91354,0
78521,91354,0,91354,0
78521,91354,0,91354,0
78521,91354,0,91354,0
78521,91354,0,91354,0
78521,91354,0,91354,0
78521,91354,0,91354,0
78521,91354,0,91354,0
78521,91354,0,91354,0
78521,91354,0,91354,0
78521,91354,0,91354,0
78521,91354,0,91354,0
78521,91354,0,91354,0
78521,91354,0,91354,0
78521,91354,0,91354,0
78521,91354,0,91354,0
78521,91354,0,91354,0
78521,91354,0,91354,0
78521,91354,0,91354,0
78521,91354,0,91354,0
78521,91354,0,91354,0
78521,91354,0,91354,0
78521,91354,0,91354,0
78521,91354,0,91354,0
78521,91354,0,91354,0
78521,91354,0,91354,0
78521,91354,0,91354,0
78521,91354,0,91354,0
78521,91354,0,91354,0
78521,91354,0,91354,0
78521,91354,0,91354,0
78521,91354,0,91354,0
78521,91354,0,91354,0
78521,91354,0,91354,0
78521,91354,0,91354,0
78521,91354,0,91354,0
78521,91354,0,91354,0
78521,91354,0,91354,0
78521,91354,0,91354,0
78521,91354,0,91354,0
78521,91354,0,91354,0
78521,91354,0,91354,0
78521,91354,0,91354,0
78521,91354,0,91354,0
78521,91354,0,91354,0
78521,91354,0,91354,0
78521,91354,0,91354,0
78521,91354,0,91354,0
78521,91354,0,91354,0
78521,91354,0,91354,0
78521,91354,0,91354,0
78521,91354,0,91354,0
78521,91354,0,91354,0
78521,91354,0,91354,0
78521,91354,0,91354,0
78521,91354,0,91354,0
78521,91354,0,91354,0
78521,91354,0,91354,0
78521,91354,0,91354,0
78521,91354,0,91354,0
78521,91354,0,91354,0
78521,91354,0,91354,0
78521,91354,0,91354,0
78521,91354,0,91354,0
78521,91354,0,91354,0
78521,91354,0,91354,0
78521,91354,0,91354,0
78521,91354,0,91354,0
78521,91354,0,91354,0
78521,91354,0,91354,0
78521,91354,0,91354,0
78521,91354,0,91354,0
78521,91354,0,91354,0
78521,91354,0,91354,0
78521,91354,0,91354,0
78521,91354,0,91354,0
78521,91354,0,91354,0
78521,91354,0,91354,0
78521,91354,0,91354,0
78521,91354,0,91365,1
78521,91365,1,91365,1
78521,91365,1,91365,1
78521,91365,1,91365,1
78521,91365,1,91365,1
78521,91365,1,91365,1
78521,91365,1,91365,1
78521,91365,1,91365,1
78521,91365,1,91365,1
78521,91365,1,91365,1
78521,91365,1,91365,1
78521,91365,1,91365,1
78521,91365,1,91365,1
78521,91365,1,91365,1
78521,91365,1,91365,1
78521,91365,1,91365,1
78521,91365,1,91365,1
78521,91365,1,91365,1
78521,91365,1,91365,1
78521,91365,1,91365,1
78521,91365,1,91365,1
78521,91365,1,91365,1
78521,91365,1,91365,1
78521,91365,1,91365,1
78521,91365,1,91365,1
78521,91365,1,91365,1
78521,91365,1,91365,1
78521,91365,1,91365,1
78521,91365,1,91365,1
78521,91365,1,91365,1
78521,91365,1,91365,1
78521,91365,1,91365,1
78521,91365,1,91365,1
78521,91365,1,91365,1
78521,91365,1,91365,1
78521,91365,1,91365,1
78521,91365,1,91365,1
78521,91365,1,91365,1
78521,91365,1,91365,1
78521,91365,1,91365,1
78521,91365,1,91365,1
78521,91365,1,91365,1
78521,91365,1,91365,1
78521,91365,1,91365,1
78521,91365,1,91365,1
78521,91365,1,91365,1
78521,91365,1,91365,1
78521,91365,1,91365,1
78521,91365,1,91365,1
78521,91365,1,91365,1
78521,91365,1,91365,1
78521,91365,1,91365,1
78521,91365,1,91365,1
78521,91365,1,91365,1
78521,91365,1,91365,1
78521,91365,1,91365,1
78521,91365,1,91365,1
78521,91365,1,91365,1
78521,91365,1,91365,1
78521,91365,1,91365,1
78521,91365,1,91365,1
78521,91365,1,91365,1
78521,91365,1,91365,1
78521,91365,1,91365,1
78521,91365,1,91365,1
78521,91365,1,91365,1
78521,91365,1,91365,1
78521,91365,1,91365,1
78521,91365,1,91365,1
78521,91365,1,91365,1
78521,91365,1,91365,1
78521,91365,1,91365,1
78521,91365,1,91365,1
78521,91365,1,91365,1
78521,91365,1,91365,1
78521,91365,1,91365,1
78521,91365,1,91365,1
78521,91365,1,91365,1
78521,91365,1,91365,1
78521,91365,1,91365,1
78521,91365,1,91365,1
78521,91365,1,91365,1
78521,91365,1,91365,1
78521,91365,1,91365,1
78521,91365,1,91365,1
78521,91365,1,91365,1
78521,91365,1,91365,1
78521,91365,1,91365,1
78521,91365,1,91365,1
78521,91365,1,91365,1
78521,91365,1,91365,1
78521,91365,1,91365,1
78521,91365,1,91365,1
78521,91365,1,91365,1
78521,91365,1,91365,1
78521,91365,1,91365,1
78521,91365,1,91365,1
78521,91365,1,89240,1
78521,89240,1,89240,1
78521,89240,1,89240,1
78521,89240,1,89240,1
78521,89240,1,89240,1
78521,89240,1,89240,1
78521,89240,1,89240,1
78521,89240,1,89240,1
78521,89240,1,89240,1
78521,89240,1,89240,1
78521,89240,1,89240,1
78521,89240,1,89240,1
78521,89240,1,89240,1
78521,89240,1,89240,1
78521,89240,1,89240,1
78521,89240,1,89240,1
78521,89240,1,89240,1
78521,89240,1,89240,1
78521,89240,1,89240,1
78521,89240,1,89240,1
78521,89240,1,89240,1
78521,89240,1,89240,1
78521,89240,1,89240,1
78521,89240,1,89240,1
78521,89240,1,89240,1
78521,89240,1,89240,1
78521,89240,1,89240,1
78521,89240,1,89240,1
78521,89240,1,89240,1
78521,89240,1,89240,1
78521,89240,1,89240,1
78521,89240,1,89240,1
78521,89240,1,89240,1
78521,89240,1,89240,1
78521,89240,1,89240,1
78521,89240,1,89240,1
78521,89240,1,89240,1
78521,89240,1,89240,1
78521,89240,1,89240,1
78521,89240,1,89240,1
78521,89240,1,89240,1
78521,89240,1,89240,1
78521,89240,1,89240,1
78521,89240,1,89240,1
78521,89240,1,89240,1
78521,89240,1,89240,1
78521,89240,1,89240,1
78521,89240,1,89240,1
78521,89240,1,89240,1
78521,89240,1,89240,1
78521,89240,1,89240,1
78521,89240,1,89240,1
78521,89240,1,89240,1
78521,89240,1,89240,1
78521,89240,1,89240,1
78521,89240,1,89240,1
78521,89240,1,89240,1
78521,89240,1,89240,1
78521,89240,1,89240,1
78521,89240,1,89240,1
78521,89240,1,89240,1
78521,89240,1,89240,1
78521,89240,1,89240,1
78521,89240,1,89240,1
78521,89240,1,89240,1
78521,89240,1,89240,1
78521,89240,1,89240,1
78521,89240,1,89240,1
78521,89240,1,89240,1
78521,89240,1,89240,1
78521,89240,1,89240,1
78521,89240,1,89240,1
78521,89240,1,89240,1
78521,89240,1,89240,1
78521,89240,1,89240,1
78521,89240,1,89240,1
78521,89240,1,89240,1
78521,89240,1,89240,1
78521,89240,1,89240,1
78521,89240,1,89240,1
78521,89240,1,89240,1
78521,89240,1,89240,1
78521,89240,1,89240,1
78521,89240,1,89240,1
78521,89240,1,89240,1
78521,89240,1,89240,1
78521,89240,1,89240,1
78521,89240,1,89240,1
78521,89240,1,89240,1
78521,89240,1,89240,1
78521,89240,1,89240,1
78521,89240,1,89240,1
78521,89240,1,89240,1
78521,89240,1,89240,1
78521,89240,1,89240,1
78521,89240,1,89240,1
78521,89240,1,89240,1
78521,89240,1,91393,0
78521,91393,0,91393,0
78521,91393,0,91393,0
78521,91393,0,91393,0
78521,91393,0,91393,0
78521,91393,0,91393,0
78521,91393,0,91393,0
78521,91393,0,91393,0
78521,91393,0,91393,0
78521,91393,0,91393,0
78521,91393,0,91393,0
78521,91393,0,91393,0
78521,91393,0,91393,0
78521,91393,0,91393,0
78521,91393,0,91393,0
78521,91393,0,91393,0
78521,91393,0,91393,0
78521,91393,0,91393,0
78521,91393,0,91393,0
78521,91393,0,91393,0
78521,91393,0,91393,0
78521,91393,0,91393,0
78521,91393,0,91393,0
78521,91393,0,91393,0
78521,91393,0,91393,0
78521,91393,0,91393,0
78521,91393,0,91393,0
78521,91393,0,91393,0
78521,91393,0,91393,0
78521,91393,0,91393,0
78521,91393,0,91393,0
78521,91393,0,91393,0
78521,91393,0,91393,0
78521,91393,0,91393,0
78521,91393,0,91393,0
78521,91393,0,91393,0
78521,91393,0,91393,0
78521,91393,0,91393,0
78521,91393,0,91393,0
78521,91393,0,91393,0
78521,91393,0,91393,0
78521,91393,0,91393,0
78521,91393,0,91393,0
78521,91393,0,91393,0
78521,91393,0,91393,0
78521,91393,0,91393,0
78521,91393,0,91393,0
78521,91393,0,91393,0
78521,91393,0,91393,0
78521,91393,0,91393,0
78521,91393,0,91393,0
78521,91393,0,91393,0
78521,91393,0,91393,0
78521,91393,0,91393,0
78521,91393,0,91393,0
78521,91393,0,91393,0
78521,91393,0,91393,0
78521,91393,0,91393,0
78521,91393,0,91393,0
78521,91393,0,91393,0
78521,91393,0,91393,0
78521,91393,0,91393,0
78521,91393,0,91393,0
78521,91393,0,91393,0
78521,91393,0,91393,0
78521,91393,0,91393,0
78521,91393,0,91393,0
78521,91393,0,91393,0
78521,91393,0,91393,0
78521,91393,0,91393,0
78521,91393,0,91393,0
78521,91393,0,91393,0
78521,91393,0,91393,0
78521,91393,0,91393,0
78521,91393,0,91393,0
78521,91393,0,91393,0
78521,91393,0,91393,0
78521,91393,0,91393,0
78521,91393,0,91393,0
78521,91393,0,91393,0
78521,91393,0,91393,0
78521,91393,0,91393,0
78521,91393,0,91393,0
78521,91393,0,91393,0
78521,91393,0,91393,0
78521,91393,0,91393,0
78521,91393,0,91393,0
78521,91393,0,91393,0
78521,91393,0,91393,0
78521,91393,0,91393,0
78521,91393,0,91393,0
78521,91393,0,91393,0
78521,91393,0,91393,0
78521,91393,0,91393,0
78521,91393,0,91393,0
78521,91393,0,91393,0
78521,91393,0,91393,0
78521,91393,0,91385,1
78521,91385,1,91385,1
78521,91385,1,91385,1
78521,91385,1,91385,1
78521,91385,1,91385,1
78521,91385,1,91385,1
78521,91385,1,91385,1
78521,91385,1,91385,1
78521,91385,1,91385,1
78521,91385,1,91385,1
78521,91385,1,91385,1
78521,91385,1,91385,1
78521,91385,1,91385,1
78521,91385,1,91385,1
78521,91385,1,91385,1
78521,91385,1,91385,1
78521,91385,1,91385,1
78521,91385,1,91385,1
78521,91385,1,91385,1
78521,91385,1,91385,1
78521,91385,1,91385,1
78521,91385,1,91385,1
78521,91385,1,91385,1
78521,91385,1,91385,1
78521,91385,1,91385,1
78521,91385,1,91385,1
78521,91385,1,91385,1
78521,91385,1,91385,1
78521,91385,1,91385,1
78521,91385,1,91385,1
78521,91385,1,91385,1
78521,91385,1,91385,1
78521,91385,1,91385,1
78521,91385,1,91385,1
78521,91385,1,91385,1
78521,91385,1,91385,1
78521,91385,1,91385,1
78521,91385,1,91385,1
78521,91385,1,91385,1
78521,91385,1,91385,1
78521,91385,1,91385,1
78521,91385,1,91385,1
78521,91385,1,91385,1
78521,91385,1,91385,1
78521,91385,1,91385,1
78521,91385,1,91385,1
78521,91385,1,91385,1
78521,91385,1,91385,1
78521,91385,1,91385,1
78521,91385,1,91385,1
78521,91385,1,91385,1
78521,91385,1,91385,1
78521,91385,1,91385,1
78521,91385,1,91385,1
78521,91385,1,91385,1
78521,91385,1,91385,1
78521,91385,1,91385,1
78521,91385,1,91385,1
78521,91385,1,91385,1
78521,91385,1,91385,1
78521,91385,1,91385,1
78521,91385,1,91385,1
78521,91385,1,91385,1
78521,91385,1,91385,1
78521,91385,1,91385,1
78521,91385,1,91385,1
78521,91385,1,91385,1
78521,91385,1,91385,1
78521,91385,1,91385,1
78521,91385,1,91385,1
78521,91385,1,91385,1
78521,91385,1,91385,1
78521,91385,1,91385,1
78521,91385,1,91385,1
78521,91385,1,91385,1
78521,91385,1,91385,1
78521,91385,1,91385,1
78521,91385,1,91385,1
78521,91385,1,91385,1
78521,91385,1,91385,1
78521,91385,1,91385,1
78521,91385,1,91385,1
78521,91385,1,91385,1
78521,91385,1,91385,1
78521,91385,1,91385,1
78521,91385,1,91385,1
78521,91385,1,91385,1
78521,91385,1,91385,1
78521,91385,1,91385,1
78521,91385,1,91385,1
78521,91385,1,91385,1
78521,91385,1,91385,1
78521,91385,1,91385,1
78521,91385,1,91385,1
78521,91385,1,91385,1
78521,91385,1,91385,1
78521,91385,1,91385,1
78521,91385,1,91381,1
78521,91381,1,91381,1
78521,91381,1,91381,1
78521,91381,1,91381,1
78521,91381,1,91381,1
78521,91381,1,91381,1
78521,91381,1,91381,1
78521,91381,1,91381,1
78521,91381,1,91381,1
78521,91381,1,91381,1
78521,91381,1,91381,1
78521,91381,1,91381,1
78521,91381,1,91381,1
78521,91381,1,91381,1
78521,91381,1,91381,1
78521,91381,1,91381,1
78521,91381,1,91381,1
78521,91381,1,91381,1
78521,91381,1,91381,1
78521,91381,1,91381,1
78521,91381,1,91381,1
78521,91381,1,91381,1
78521,91381,1,91381,1
78521,91381,1,91381,1
78521,91381,1,91381,1
78521,91381,1,91381,1
78521,91381,1,91381,1
78521,91381,1,91381,1
78521,91381,1,91381,1
78521,91381,1,91381,1
78521,91381,1,91381,1
78521,91381,1,91381,1
78521,91381,1,91381,1
78521,91381,1,91381,1
78521,91381,1,91381,1
78521,91381,1,91381,1
78521,91381,1,91381,1
78521,91381,1,91381,1
78521,91381,1,91381,1
78521,91381,1,91381,1
78521,91381,1,91381,1
78521,91381,1,91381,1
78521,91381,1,91381,1
78521,91381,1,91381,1
78521,91381,1,91381,1
78521,91381,1,91381,1
78521,91381,1,91381,1
78521,91381,1,89788,0
78521,89788,0,89788,0
78521,89788,0,89788,0
78521,89788,0,89788,0
78521,89788,0,89788,0
78521,89788,0,89788,0
78521,89788,0,89788,0
78521,89788,0,89788,0
78521,89788,0,89788,0
78521,89788,0,89788,0
78521,89788,0,89788,0
78521,89788,0,89788,0
78521,89788,0,89788,0
78521,89788,0,89788,0
78521,89788,0,89788,0
78521,89788,0,89788,0
78521,89788,0,89788,0
78521,89788,0,89788,0
78521,89788,0,89788,0
78521,89788,0,89788,0
78521,89788,0,89788,0
78521,89788,0,89788,0
78521,89788,0,89788,0
78521,89788,0,89788,0
78521,89788,0,89788,0
78521,89788,0,89788,0
78521,89788,0,89788,0
78521,89788,0,89788,0
78521,89788,0,89788,0
78521,89788,0,89788,0
78521,89788,0,89788,0
78521,89788,0,89788,0
78521,89788,0,89788,0
78521,89788,0,89788,0
78521,89788,0,89788,0
78521,89788,0,89788,0
78521,89788,0,89788,0
78521,89788,0,89788,0
78521,89788,0,89788,0
78521,89788,0,89788,0
78521,89788,0,89788,0
78521,89788,0,89788,0
78521,89788,0,89788,0
78521,89788,0,89788,0
78521,89788,0,89788,0
78521,89788,0,89788,0
78521,89788,0,89788,0
78521,89788,0,89788,0
78521,89788,0,89788,0
78521,89788,0,89788,0
78521,89788,0,89788,0
78521,89788,0,89788,0
78521,89788,0,89788,0
78521,89788,0,89788,0
78521,89788,0,89788,0
78521,89788,0,89788,0
78521,89788,0,89788,0
78521,89788,0,89788,0
78521,89788,0,89788,0
78521,89788,0,89788,0
78521,89788,0,89788,0
78521,89788,0,89788,0
78521,89788,0,89788,0
78521,89788,0,89788,0
78521,89788,0,89788,0
78521,89788,0,89788,0
78521,89788,0,89788,0
78521,89788,0,89788,0
78521,89788,0,89788,0
78521,89788,0,89788,0
78521,89788,0,89788,0
78521,89788,0,89788,0
78521,89788,0,89788,0
78521,89788,0,89788,0
78521,89788,0,89788,0
78521,89788,0,89788,0
78521,89788,0,89788,0
78521,89788,0,89788,0
78521,89788,0,89788,0
78521,89788,0,89788,0
78521,89788,0,89788,0
78521,89788,0,89788,0
78521,89788,0,89788,0
78521,89788,0,89788,0
78521,89788,0,89788,0
78521,89788,0,89788,0
78521,89788,0,89788,0
78521,89788,0,89788,0
78521,89788,0,89788,0
78521,89788,0,89788,0
78521,89788,0,89788,0
78521,89788,0,89788,0
78521,89788,0,89788,0
78521,89788,0,91640,0
78521,91640,0,91640,0
78521,91640,0,91640,0
78521,91640,0,91640,0
78521,91640,0,91640,0
78521,91640,0,91640,0
78521,91640,0,91640,0
78521,91640,0,91640,0
78521,91640,0,91640,0
78521,91640,0,91640,0
78521,91640,0,91640,0
78521,91640,0,91640,0
78521,91640,0,91640,0
78521,91640,0,91640,0
78521,91640,0,91640,0
78521,91640,0,91640,0
78521,91640,0,91640,0
78521,91640,0,91640,0
78521,91640,0,91640,0
78521,91640,0,91640,0
78521,91640,0,91640,0
78521,91640,0,91640,0
78521,91640,0,91640,0
78521,91640,0,91640,0
78521,91640,0,91640,0
78521,91640,0,91640,0
78521,91640,0,91640,0
78521,91640,0,91640,0
78521,91640,0,91640,0
78521,91640,0,91640,0
78521,91640,0,91640,0
78521,91640,0,91640,0
78521,91640,0,91640,0
78521,91640,0,91640,0
78521,91640,0,91640,0
78521,91640,0,91640,0
78521,91640,0,91640,0
78521,91640,0,91640,0
78521,91640,0,91640,0
78521,91640,0,91640,0
78521,91640,0,91640,0
78521,91640,0,91640,0
78521,91640,0,91640,0
78521,91640,0,91640,0
78521,91640,0,91640,0
78521,91640,0,91640,0
78521,91640,0,91640,0
78521,91640,0,91640,0
78521,91640,0,91640,0
78521,91640,0,91640,0
78521,91640,0,91640,0
78521,91640,0,91640,0
78521,91640,0,91640,0
78521,91640,0,91640,0
78521,91640,0,91640,0
78521,91640,0,91640,0
78521,91640,0,91640,0
78521,91640,0,91640,0
78521,91640,0,91640,0
78521,91640,0,91640,0
78521,91640,0,91640,0
78521,91640,0,91640,0
78521,91640,0,91640,0
78521,91640,0,91640,0
78521,91640,0,91640,0
78521,91640,0,91640,0
78521,91640,0,91640,0
78521,91640,0,91640,0
78521,91640,0,91640,0
78521,91640,0,91640,0
78521,91640,0,91640,0
78521,91640,0,91640,0
78521,91640,0,91640,0
78521,91640,0,91640,0
78521,91640,0,91640,0
78521,91640,0,91640,0
78521,91640,0,91640,0
78521,91640,0,91640,0
78521,91640,0,91640,0
78521,91640,0,91640,0
78521,91640,0,91640,0
78521,91640,0,91640,0
78521,91640,0,91640,0
78521,91640,0,91640,0
78521,91640,0,91640,0
78521,91640,0,91640,0
78521,91640,0,91640,0
78521,91640,0,91640,0
78521,91640,0,91640,0
78521,91640,0,91640,0
78521,91640,0,91640,0
78521,91640,0,91640,0
78521,91640,0,91640,0
78521,91640,0,89790,0
78521,89790,0,89790,0
78521,89790,0,89790,0
78521,89790,0,89790,0
78521,89790,0,89790,0
78521,89790,0,89790,0
78521,89790,0,89790,0
78521,89790,0,89790,0
78521,89790,0,89790,0
78521,89790,0,89790,0
78521,89790,0,89790,0
78521,89790,0,89790,0
78521,89790,0,89790,0
78521,89790,0,89790,0
78521,89790,0,89790,0
78521,89790,0,89790,0
78521,89790,0,89790,0
78521,89790,0,89790,0
78521,89790,0,89790,0
78521,89790,0,89790,0
78521,89790,0,89790,0
78521,89790,0,89790,0
78521,89790,0,89790,0
78521,89790,0,89790,0
78521,89790,0,89790,0
78521,89790,0,89790,0
78521,89790,0,89790,0
78521,89790,0,89790,0
78521,89790,0,89790,0
78521,89790,0,89790,0
78521,89790,0,89790,0
78521,89790,0,89790,0
78521,89790,0,89790,0
78521,89790,0,89790,0
78521,89790,0,89790,0
78521,89790,0,89790,0
78521,89790,0,89790,0
78521,89790,0,89790,0
78521,89790,0,89790,0
78521,89790,0,89790,0
78521,89790,0,89790,0
78521,89790,0,89790,0
78521,89790,0,89790,0
78521,89790,0,89790,0
78521,89790,0,89790,0
78521,89790,0,89790,0
78521,89790,0,89790,0
78521,89790,0,89790,0
78521,89790,0,89790,0
78521,89790,0,89790,0
78521,89790,0,89790,0
78521,89790,0,89790,0
78521,89790,0,89790,0
78521,89790,0,89790,0
78521,89790,0,89790,0
78521,89790,0,89790,0
78521,89790,0,89790,0
78521,89790,0,89790,0
78521,89790,0,89790,0
78521,89790,0,89790,0
78521,89790,0,89790,0
78521,89790,0,89790,0
78521,89790,0,89790,0
78521,89790,0,89790,0
78521,89790,0,89790,0
78521,89790,0,89790,0
78521,89790,0,89790,0
78521,89790,0,89790,0
78521,89790,0,89790,0
78521,89790,0,89790,0
78521,89790,0,89790,0
78521,89790,0,89790,0
78521,89790,0,89790,0
78521,89790,0,89790,0
78521,89790,0,89790,0
78521,89790,0,89790,0
78521,89790,0,89790,0
78521,89790,0,89790,0
78521,89790,0,89790,0
78521,89790,0,89790,0
78521,89790,0,89790,0
78521,89790,0,89790,0
78521,89790,0,89790,0
78521,89790,0,89790,0
78521,89790,0,89790,0
78521,89790,0,89790,0
78521,89790,0,89790,0
78521,89790,0,89790,0
78521,89790,0,89790,0
78521,89790,0,89790,0
78521,89790,0,89790,0
78521,89790,0,89790,0
78521,89790,0,89790,0
78521,89790,0,89805,1
78521,89805,1,89805,1
78521,89805,1,89805,1
78521,89805,1,89805,1
78521,89805,1,89805,1
78521,89805,1,89805,1
78521,89805,1,89805,1
78521,89805,1,89805,1
78521,89805,1,89805,1
78521,89805,1,89805,1
78521,89805,1,89805,1
78521,89805,1,89805,1
78521,89805,1,89805,1
78521,89805,1,89805,1
78521,89805,1,89805,1
78521,89805,1,89805,1
78521,89805,1,89805,1
78521,89805,1,89805,1
78521,89805,1,89805,1
78521,89805,1,89805,1
78521,89805,1,89805,1
78521,89805,1,89805,1
78521,89805,1,89805,1
78521,89805,1,89805,1
78521,89805,1,89805,1
78521,89805,1,89805,1
78521,89805,1,89805,1
78521,89805,1,89805,1
78521,89805,1,89805,1
78521,89805,1,89805,1
78521,89805,1,89805,1
78521,89805,1,89805,1
78521,89805,1,89805,1
78521,89805,1,89805,1
78521,89805,1,89805,1
78521,89805,1,89805,1
78521,89805,1,89805,1
78521,89805,1,89805,1
78521,89805,1,89805,1
78521,89805,1,89805,1
78521,89805,1,89805,1
78521,89805,1,89805,1
78521,89805,1,89805,1
78521,89805,1,89805,1
78521,89805,1,89805,1
78521,89805,1,89805,1
78521,89805,1,89805,1
78521,89805,1,89805,1
78521,89805,1,89805,1
78521,89805,1,89805,1
78521,89805,1,89805,1
78521,89805,1,89805,1
78521,89805,1,89805,1
78521,89805,1,89805,1
78521,89805,1,89805,1
78521,89805,1,89805,1
78521,89805,1,89805,1
78521,89805,1,89805,1
78521,89805,1,89805,1
78521,89805,1,89805,1
78521,89805,1,89805,1
78521,89805,1,89805,1
78521,89805,1,89805,1
78521,89805,1,89805,1
78521,89805,1,89805,1
78521,89805,1,89805,1
78521,89805,1,89805,1
78521,89805,1,89805,1
78521,89805,1,89805,1
78521,89805,1,89805,1
78521,89805,1,89805,1
78521,89805,1,89805,1
78521,89805,1,89805,1
78521,89805,1,89805,1
78521,89805,1,89805,1
78521,89805,1,89805,1
78521,89805,1,89805,1
78521,89805,1,89805,1
78521,89805,1,89805,1
78521,89805,1,89805,1
78521,89805,1,89805,1
78521,89805,1,89805,1
78521,89805,1,89805,1
78521,89805,1,89805,1
78521,89805,1,89805,1
78521,89805,1,89805,1
78521,89805,1,89805,1
78521,89805,1,89805,1
78521,89805,1,89805,1
78521,89805,1,89805,1
78521,89805,1,89805,1
78521,89805,1,89805,1
78521,89805,1,89805,1
78521,89805,1,89814,1
78521,89814,1,89814,1
78521,89814,1,89814,1
78521,89814,1,89814,1
78521,89814,1,89814,1
78521,89814,1,89814,1
78521,89814,1,89814,1
78521,89814,1,89814,1
78521,89814,1,89814,1
78521,89814,1,89814,1
78521,89814,1,89814,1
78521,89814,1,89814,1
78521,89814,1,89814,1
78521,89814,1,89814,1
78521,89814,1,89814,1
78521,89814,1,89814,1
78521,89814,1,89814,1
78521,89814,1,89814,1
78521,89814,1,89814,1
78521,89814,1,89814,1
78521,89814,1,89814,1
78521,89814,1,89814,1
78521,89814,1,89814,1
78521,89814,1,89814,1
78521,89814,1,89814,1
78521,89814,1,89814,1
78521,89814,1,89814,1
78521,89814,1,89814,1
78521,89814,1,89814,1
78521,89814,1,89814,1
78521,89814,1,89814,1
78521,89814,1,89814,1
78521,89814,1,89814,1
78521,89814,1,89814,1
78521,89814,1,89814,1
78521,89814,1,89814,1
78521,89814,1,89814,1
78521,89814,1,89814,1
78521,89814,1,89814,1
78521,89814,1,89814,1
78521,89814,1,89814,1
78521,89814,1,89814,1
78521,89814,1,89814,1
78521,89814,1,89814,1
78521,89814,1,89814,1
78521,89814,1,89814,1
78521,89814,1,89814,1
78521,89814,1,89814,1
78521,89814,1,89814,1
78521,89814,1,89814,1
78521,89814,1,89814,1
78521,89814,1,89814,1
78521,89814,1,89814,1
78521,89814,1,89814,1
78521,89814,1,89814,1
78521,89814,1,89814,1
78521,89814,1,89814,1
78521,89814,1,89814,1
78521,89814,1,89814,1
78521,89814,1,89814,1
78521,89814,1,89814,1
78521,89814,1,89814,1
78521,89814,1,89814,1
78521,89814,1,89814,1
78521,89814,1,89814,1
78521,89814,1,89814,1
78521,89814,1,89814,1
78521,89814,1,89814,1
78521,89814,1,89814,1
78521,89814,1,89814,1
78521,89814,1,89814,1
78521,89814,1,89814,1
78521,89814,1,89814,1
78521,89814,1,89814,1
78521,89814,1,89814,1
78521,89814,1,89814,1
78521,89814,1,89814,1
78521,89814,1,89814,1
78521,89814,1,89814,1
78521,89814,1,89814,1
78521,89814,1,89814,1
78521,89814,1,89814,1
78521,89814,1,89814,1
78521,89814,1,89814,1
78521,89814,1,89814,1
78521,89814,1,89814,1
78521,89814,1,89814,1
78521,89814,1,89814,1
78521,89814,1,89814,1
78521,89814,1,89814,1
78521,89814,1,89814,1
78521,89814,1,89814,1
78521,89814,1,89814,1
78521,89814,1,89875,1
78521,89875,1,89875,1
78521,89875,1,89875,1
78521,89875,1,89875,1
78521,89875,1,89875,1
78521,89875,1,89875,1
78521,89875,1,89875,1
78521,89875,1,89875,1
78521,89875,1,89875,1
78521,89875,1,89875,1
78521,89875,1,89875,1
78521,89875,1,89875,1
78521,89875,1,89875,1
78521,89875,1,89875,1
78521,89875,1,89875,1
78521,89875,1,89875,1
78521,89875,1,89875,1
78521,89875,1,89875,1
78521,89875,1,89875,1
78521,89875,1,89875,1
78521,89875,1,89875,1
78521,89875,1,89875,1
78521,89875,1,89875,1
78521,89875,1,89875,1
78521,89875,1,89875,1
78521,89875,1,89875,1
78521,89875,1,89875,1
78521,89875,1,89875,1
78521,89875,1,89875,1
78521,89875,1,89875,1
78521,89875,1,89875,1
78521,89875,1,89875,1
78521,89875,1,89875,1
78521,89875,1,89875,1
78521,89875,1,89875,1
78521,89875,1,89875,1
78521,89875,1,89875,1
78521,89875,1,89875,1
78521,89875,1,89875,1
78521,89875,1,89875,1
78521,89875,1,89875,1
78521,89875,1,89875,1
78521,89875,1,89875,1
78521,89875,1,89875,1
78521,89875,1,89875,1
78521,89875,1,89875,1
78521,89875,1,89875,1
78521,89875,1,89875,1
78521,89875,1,89875,1
78521,89875,1,89875,1
78521,89875,1,89875,1
78521,89875,1,89875,1
78521,89875,1,89875,1
78521,89875,1,89875,1
78521,89875,1,89875,1
78521,89875,1,89875,1
78521,89875,1,89875,1
78521,89875,1,89875,1
78521,89875,1,89875,1
78521,89875,1,89875,1
78521,89875,1,89875,1
78521,89875,1,89875,1
78521,89875,1,89875,1
78521,89875,1,89875,1
78521,89875,1,89875,1
78521,89875,1,89875,1
78521,89875,1,89875,1
78521,89875,1,89875,1
78521,89875,1,89875,1
78521,89875,1,89875,1
78521,89875,1,89875,1
78521,89875,1,89875,1
78521,89875,1,89875,1
78521,89875,1,89875,1
78521,89875,1,89875,1
78521,89875,1,89875,1
78521,89875,1,89875,1
78521,89875,1,89875,1
78521,89875,1,89875,1
78521,89875,1,89875,1
78521,89875,1,89875,1
78521,89875,1,89875,1
78521,89875,1,89875,1
78521,89875,1,89875,1
78521,89875,1,89875,1
78521,89875,1,89875,1
78521,89875,1,89875,1
78521,89875,1,89875,1
78521,89875,1,89875,1
78521,89875,1,89875,1
78521,89875,1,89875,1
78521,89875,1,89875,1
78521,89875,1,89875,1
78521,89875,1,89819,1
78521,89819,1,89819,1
78521,89819,1,89819,1
78521,89819,1,89819,1
78521,89819,1,89819,1
78521,89819,1,89819,1
78521,89819,1,89819,1
78521,89819,1,89819,1
78521,89819,1,89819,1
78521,89819,1,89819,1
78521,89819,1,89819,1
78521,89819,1,89819,1
78521,89819,1,89819,1
78521,89819,1,89819,1
78521,89819,1,89819,1
78521,89819,1,89819,1
78521,89819,1,89819,1
78521,89819,1,89819,1
78521,89819,1,89819,1
78521,89819,1,89819,1
78521,89819,1,89819,1
78521,89819,1,89819,1
78521,89819,1,89819,1
78521,89819,1,89819,1
78521,89819,1,89819,1
78521,89819,1,89819,1
78521,89819,1,89819,1
78521,89819,1,89819,1
78521,89819,1,89819,1
78521,89819,1,89819,1
78521,89819,1,89819,1
78521,89819,1,89819,1
78521,89819,1,89819,1
78521,89819,1,89819,1
78521,89819,1,89819,1
78521,89819,1,89819,1
78521,89819,1,89819,1
78521,89819,1,89819,1
78521,89819,1,89819,1
78521,89819,1,89819,1
78521,89819,1,89819,1
78521,89819,1,89819,1
78521,89819,1,89819,1
78521,89819,1,89819,1
78521,89819,1,89819,1
78521,89819,1,89819,1
78521,89819,1,89819,1
78521,89819,1,89819,1
78521,89819,1,89819,1
78521,89819,1,89819,1
78521,89819,1,89819,1
78521,89819,1,89819,1
78521,89819,1,89819,1
78521,89819,1,89819,1
78521,89819,1,89819,1
78521,89819,1,89819,1
78521,89819,1,89819,1
78521,89819,1,89819,1
78521,89819,1,89819,1
78521,89819,1,89819,1
78521,89819,1,89819,1
78521,89819,1,89819,1
78521,89819,1,89819,1
78521,89819,1,89819,1
78521,89819,1,89819,1
78521,89819,1,89819,1
78521,89819,1,89819,1
78521,89819,1,89819,1
78521,89819,1,89819,1
78521,89819,1,89819,1
78521,89819,1,89819,1
78521,89819,1,89819,1
78521,89819,1,89819,1
78521,89819,1,89819,1
78521,89819,1,89819,1
78521,89819,1,89819,1
78521,89819,1,89819,1
78521,89819,1,89819,1
78521,89819,1,89819,1
78521,89819,1,89819,1
78521,89819,1,89819,1
78521,89819,1,89819,1
78521,89819,1,89819,1
78521,89819,1,89819,1
78521,89819,1,89819,1
78521,89819,1,89819,1
78521,89819,1,89819,1
78521,89819,1,89819,1
78521,89819,1,89819,1
78521,89819,1,89819,1
78521,89819,1,89819,1
78521,89819,1,89819,1
78521,89819,1,89819,1
78521,89819,1,89850,0
78521,89850,0,89850,0
78521,89850,0,89850,0
78521,89850,0,89850,0
78521,89850,0,89850,0
78521,89850,0,89850,0
78521,89850,0,89850,0
78521,89850,0,89850,0
78521,89850,0,89850,0
78521,89850,0,89850,0
78521,89850,0,89850,0
78521,89850,0,89850,0
78521,89850,0,89850,0
78521,89850,0,89850,0
78521,89850,0,89850,0
78521,89850,0,89850,0
78521,89850,0,89850,0
78521,89850,0,89850,0
78521,89850,0,89850,0
78521,89850,0,89850,0
78521,89850,0,89850,0
78521,89850,0,89850,0
78521,89850,0,89850,0
78521,89850,0,89850,0
78521,89850,0,89850,0
78521,89850,0,89850,0
78521,89850,0,89850,0
78521,89850,0,89850,0
78521,89850,0,89850,0
78521,89850,0,89850,0
78521,89850,0,89850,0
78521,89850,0,89850,0
78521,89850,0,89850,0
78521,89850,0,89850,0
78521,89850,0,89850,0
78521,89850,0,89850,0
78521,89850,0,89850,0
78521,89850,0,89850,0
78521,89850,0,89850,0
78521,89850,0,89850,0
78521,89850,0,89850,0
78521,89850,0,89850,0
78521,89850,0,89850,0
78521,89850,0,89850,0
78521,89850,0,89850,0
78521,89850,0,89850,0
78521,89850,0,174003,0
78521,174003,0,174000,0
78521,174000,0,173952,0
78521,173952,0,173953,0
78521,173953,0,173969,0
78521,173969,0,173985,0
78521,173985,0,173983,0
78521,173983,0,174007,0
78521,174007,0,173998,0
78521,173998,0,173964,0
78521,173964,0,173996,0
78521,173996,0,173959,0
78521,173959,0,173975,1
78521,173975,1,173965,0
78521,173965,0,173991,0
78521,173991,0,173990,1
78521,173990,1,173976,0
78521,173976,0,173955,1
78521,173955,1,174006,0
78521,174006,0,91661,0
78521,91661,0,91661,0
78521,91661,0,91661,0
78521,91661,0,91661,0
78521,91661,0,91661,0
78521,91661,0,91661,0
78521,91661,0,91661,0
78521,91661,0,91661,0
78521,91661,0,91661,0
78521,91661,0,91661,0
78521,91661,0,91661,0
78521,91661,0,91661,0
78521,91661,0,91661,0
78521,91661,0,91661,0
78521,91661,0,91661,0
78521,91661,0,91661,0
78521,91661,0,91661,0
78521,91661,0,91661,0
78521,91661,0,91661,0
78521,91661,0,91661,0
78521,91661,0,91661,0
78521,91661,0,91661,0
78521,91661,0,91661,0
78521,91661,0,91661,0
78521,91661,0,91661,0
78521,91661,0,91661,0
78521,91661,0,91661,0
78521,91661,0,91661,0
78521,91661,0,91661,0
78521,91661,0,91661,0
78521,91661,0,91661,0
78521,91661,0,91661,0
78521,91661,0,91661,0
78521,91661,0,91661,0
78521,91661,0,91661,0
78521,91661,0,91661,0
78521,91661,0,91661,0
78521,91661,0,91661,0
78521,91661,0,91661,0
78521,91661,0,91661,0
78521,91661,0,91661,0
78521,91661,0,91661,0
78521,91661,0,91661,0
78521,91661,0,91661,0
78521,91661,0,91661,0
78521,91661,0,91661,0
78521,91661,0,91661,0
78521,91661,0,91661,0
78521,91661,0,91661,0
78521,91661,0,91661,0
78521,91661,0,91661,0
78521,91661,0,91661,0
78521,91661,0,91661,0
78521,91661,0,91661,0
78521,91661,0,91661,0
78521,91661,0,91661,0
78521,91661,0,91661,0
78521,91661,0,91661,0
78521,91661,0,91661,0
78521,91661,0,91661,0
78521,91661,0,91661,0
78521,91661,0,91661,0
78521,91661,0,91661,0
78521,91661,0,91661,0
78521,91661,0,91661,0
78521,91661,0,91661,0
78521,91661,0,91661,0
78521,91661,0,91661,0
78521,91661,0,91661,0
78521,91661,0,91661,0
78521,91661,0,91661,0
78521,91661,0,91661,0
78521,91661,0,91661,0
78521,91661,0,91661,0
78521,91661,0,91661,0
78521,91661,0,91661,0
78521,91661,0,91661,0
78521,91661,0,91661,0
78521,91661,0,91661,0
78521,91661,0,91661,0
78521,91661,0,91661,0
78521,91661,0,91661,0
78521,91661,0,91661,0
78521,91661,0,91661,0
78521,91661,0,91661,0
78521,91661,0,91661,0
78521,91661,0,91661,0
78521,91661,0,91661,0
78521,91661,0,91661,0
78521,91661,0,91661,0
78521,91661,0,91661,0
78521,91661,0,91661,0
78521,91661,0,91661,0
78522,93176,1,93176,1
78522,93176,1,93176,1
78522,93176,1,93176,1
78522,93176,1,93176,1
78522,93176,1,93176,1
78522,93176,1,93176,1
78522,93176,1,93176,1
78522,93176,1,93176,1
78522,93176,1,93176,1
78522,93176,1,93176,1
78522,93176,1,93176,1
78522,93176,1,93176,1
78522,93176,1,93176,1
78522,93176,1,93176,1
78522,93176,1,93176,1
78522,93176,1,93176,1
78522,93176,1,93176,1
78522,93176,1,93176,1
78522,93176,1,93176,1
78522,93176,1,93176,1
78522,93176,1,93176,1
78522,93176,1,93176,1
78522,93176,1,93176,1
78522,93176,1,93176,1
78522,93176,1,93176,1
78522,93176,1,93176,1
78522,93176,1,93176,1
78522,93176,1,93176,1
78522,93176,1,93176,1
78522,93176,1,93176,1
78522,93176,1,93176,1
78522,93176,1,93176,1
78522,93176,1,93176,1
78522,93176,1,93176,1
78522,93176,1,93176,1
78522,93176,1,93176,1
78522,93176,1,93176,1
78522,93176,1,93176,1
78522,93176,1,93176,1
78522,93176,1,93176,1
78522,93176,1,93176,1
78522,93176,1,93176,1
78522,93176,1,93176,1
78522,93176,1,93176,1
78522,93176,1,93176,1
78522,93176,1,93241,1
78522,93241,1,93241,1
78522,93241,1,93241,1
78522,93241,1,93241,1
78522,93241,1,93241,1
78522,93241,1,93241,1
78522,93241,1,93241,1
78522,93241,1,93241,1
78522,93241,1,93241,1
78522,93241,1,93241,1
78522,93241,1,93241,1
78522,93241,1,93241,1
78522,93241,1,93241,1
78522,93241,1,93241,1
78522,93241,1,93241,1
78522,93241,1,93241,1
78522,93241,1,93241,1
78522,93241,1,93241,1
78522,93241,1,93241,1
78522,93241,1,93241,1
78522,93241,1,93241,1
78522,93241,1,93241,1
78522,93241,1,93241,1
78522,93241,1,93241,1
78522,93241,1,93241,1
78522,93241,1,93241,1
78522,93241,1,93241,1
78522,93241,1,93241,1
78522,93241,1,93241,1
78522,93241,1,93241,1
78522,93241,1,93241,1
78522,93241,1,93241,1
78522,93241,1,93241,1
78522,93241,1,93241,1
78522,93241,1,93241,1
78522,93241,1,93241,1
78522,93241,1,93241,1
78522,93241,1,93241,1
78522,93241,1,93241,1
78522,93241,1,93241,1
78522,93241,1,93241,1
78522,93241,1,93241,1
78522,93241,1,93241,1
78522,93241,1,93241,1
78522,93241,1,93241,1
78522,93241,1,93241,1
78522,93241,1,93214,1
78522,93214,1,93214,1
78522,93214,1,93214,1
78522,93214,1,93214,1
78522,93214,1,93214,1
78522,93214,1,93214,1
78522,93214,1,93214,1
78522,93214,1,93214,1
78522,93214,1,93214,1
78522,93214,1,93214,1
78522,93214,1,93214,1
78522,93214,1,93214,1
78522,93214,1,93214,1
78522,93214,1,93214,1
78522,93214,1,93214,1
78522,93214,1,93214,1
78522,93214,1,93214,1
78522,93214,1,93214,1
78522,93214,1,93214,1
78522,93214,1,93214,1
78522,93214,1,93214,1
78522,93214,1,93214,1
78522,93214,1,93214,1
78522,93214,1,93214,1
78522,93214,1,93214,1
78522,93214,1,93214,1
78522,93214,1,93214,1
78522,93214,1,93214,1
78522,93214,1,93214,1
78522,93214,1,93214,1
78522,93214,1,93214,1
78522,93214,1,93214,1
78522,93214,1,93214,1
78522,93214,1,93214,1
78522,93214,1,93214,1
78522,93214,1,93214,1
78522,93214,1,93214,1
78522,93214,1,93214,1
78522,93214,1,93214,1
78522,93214,1,93214,1
78522,93214,1,93214,1
78522,93214,1,93214,1
78522,93214,1,93214,1
78522,93214,1,85663,1
78522,85663,1,85663,1
78522,85663,1,85663,1
78522,85663,1,85663,1
78522,85663,1,85663,1
78522,85663,1,85663,1
78522,85663,1,85663,1
78522,85663,1,85663,1
78522,85663,1,85663,1
78522,85663,1,85663,1
78522,85663,1,85663,1
78522,85663,1,85663,1
78522,85663,1,85663,1
78522,85663,1,85663,1
78522,85663,1,85663,1
78522,85663,1,85663,1
78522,85663,1,85663,1
78522,85663,1,85663,1
78522,85663,1,85663,1
78522,85663,1,85663,1
78522,85663,1,85663,1
78522,85663,1,85663,1
78522,85663,1,85663,1
78522,85663,1,85663,1
78522,85663,1,85663,1
78522,85663,1,85663,1
78522,85663,1,85663,1
78522,85663,1,85663,1
78522,85663,1,85663,1
78522,85663,1,85663,1
78522,85663,1,85663,1
78522,85663,1,85663,1
78522,85663,1,85663,1
78522,85663,1,85663,1
78522,85663,1,85663,1
78522,85663,1,85663,1
78522,85663,1,85663,1
78522,85663,1,85663,1
78522,85663,1,85663,1
78522,85663,1,85663,1
78522,85663,1,85663,1
78522,85663,1,85663,1
78522,85663,1,85663,1
78522,85663,1,85663,1
78522,85663,1,85663,1
78522,85663,1,85663,1
78522,85663,1,85687,1
78522,85687,1,85687,1
78522,85687,1,85687,1
78522,85687,1,85687,1
78522,85687,1,85687,1
78522,85687,1,85687,1
78522,85687,1,85687,1
78522,85687,1,85687,1
78522,85687,1,85687,1
78522,85687,1,85687,1
78522,85687,1,85687,1
78522,85687,1,85687,1
78522,85687,1,85687,1
78522,85687,1,85687,1
78522,85687,1,85687,1
78522,85687,1,85687,1
78522,85687,1,85687,1
78522,85687,1,85687,1
78522,85687,1,85687,1
78522,85687,1,85687,1
78522,85687,1,85687,1
78522,85687,1,85687,1
78522,85687,1,85687,1
78522,85687,1,85687,1
78522,85687,1,85687,1
78522,85687,1,85687,1
78522,85687,1,85687,1
78522,85687,1,85687,1
78522,85687,1,85687,1
78522,85687,1,85687,1
78522,85687,1,85687,1
78522,85687,1,85687,1
78522,85687,1,85687,1
78522,85687,1,85687,1
78522,85687,1,85687,1
78522,85687,1,85687,1
78522,85687,1,85687,1
78522,85687,1,85687,1
78522,85687,1,85687,1
78522,85687,1,85687,1
78522,85687,1,85687,1
78522,85687,1,85687,1
78522,85687,1,85687,1
78522,85687,1,85687,1
78522,85687,1,85687,1
78522,85687,1,85687,1
78522,85687,1,86096,1
78522,86096,1,86096,1
78522,86096,1,86096,1
78522,86096,1,86096,1
78522,86096,1,86096,1
78522,86096,1,86096,1
78522,86096,1,86096,1
78522,86096,1,86096,1
78522,86096,1,86096,1
78522,86096,1,86096,1
78522,86096,1,86096,1
78522,86096,1,86096,1
78522,86096,1,86096,1
78522,86096,1,86096,1
78522,86096,1,86096,1
78522,86096,1,86096,1
78522,86096,1,86096,1
78522,86096,1,86096,1
78522,86096,1,86096,1
78522,86096,1,86096,1
78522,86096,1,86096,1
78522,86096,1,86096,1
78522,86096,1,86096,1
78522,86096,1,86096,1
78522,86096,1,86096,1
78522,86096,1,86096,1
78522,86096,1,86096,1
78522,86096,1,86096,1
78522,86096,1,86096,1
78522,86096,1,86096,1
78522,86096,1,86096,1
78522,86096,1,86096,1
78522,86096,1,86096,1
78522,86096,1,86096,1
78522,86096,1,86096,1
78522,86096,1,86096,1
78522,86096,1,86096,1
78522,86096,1,86096,1
78522,86096,1,86096,1
78522,86096,1,86096,1
78522,86096,1,86096,1
78522,86096,1,86096,1
78522,86096,1,86096,1
78522,86096,1,89300,1
78522,89300,1,89300,1
78522,89300,1,89300,1
78522,89300,1,89300,1
78522,89300,1,89300,1
78522,89300,1,89300,1
78522,89300,1,89300,1
78522,89300,1,89300,1
78522,89300,1,89300,1
78522,89300,1,89300,1
78522,89300,1,89300,1
78522,89300,1,89300,1
78522,89300,1,89300,1
78522,89300,1,89300,1
78522,89300,1,89300,1
78522,89300,1,89300,1
78522,89300,1,89300,1
78522,89300,1,89300,1
78522,89300,1,89300,1
78522,89300,1,89300,1
78522,89300,1,89300,1
78522,89300,1,89300,1
78522,89300,1,89300,1
78522,89300,1,89300,1
78522,89300,1,89300,1
78522,89300,1,89300,1
78522,89300,1,89300,1
78522,89300,1,89300,1
78522,89300,1,89300,1
78522,89300,1,89300,1
78522,89300,1,89300,1
78522,89300,1,89300,1
78522,89300,1,89300,1
78522,89300,1,89300,1
78522,89300,1,89300,1
78522,89300,1,89300,1
78522,89300,1,89300,1
78522,89300,1,89300,1
78522,89300,1,89300,1
78522,89300,1,89300,1
78522,89300,1,89300,1
78522,89300,1,89300,1
78522,89300,1,89300,1
78522,89300,1,89300,1
78522,89300,1,89300,1
78522,89300,1,89300,1
78522,89300,1,89300,1
78522,89300,1,89300,1
78522,89300,1,89300,1
78522,89300,1,89300,1
78522,89300,1,89300,1
78522,89300,1,89300,1
78522,89300,1,89300,1
78522,89300,1,89300,1
78522,89300,1,89300,1
78522,89300,1,89300,1
78522,89300,1,89300,1
78522,89300,1,89300,1
78522,89300,1,89300,1
78522,89300,1,89300,1
78522,89300,1,89300,1
78522,89300,1,89300,1
78522,89300,1,89300,1
78522,89300,1,89300,1
78522,89300,1,89300,1
78522,89300,1,89300,1
78522,89300,1,89300,1
78522,89300,1,89300,1
78522,89300,1,89300,1
78522,89300,1,89300,1
78522,89300,1,89300,1
78522,89300,1,89300,1
78522,89300,1,89300,1
78522,89300,1,89300,1
78522,89300,1,89300,1
78522,89300,1,89300,1
78522,89300,1,89300,1
78522,89300,1,89300,1
78522,89300,1,89300,1
78522,89300,1,89300,1
78522,89300,1,89300,1
78522,89300,1,89300,1
78522,89300,1,89300,1
78522,89300,1,89300,1
78522,89300,1,89300,1
78522,89300,1,89300,1
78522,89300,1,89300,1
78522,89300,1,89300,1
78522,89300,1,89300,1
78522,89300,1,89300,1
78522,89300,1,89300,1
78522,89300,1,89300,1
78522,89300,1,89300,1
78522,89300,1,89300,1
78522,89300,1,89300,1
78522,89300,1,89300,1
78522,89300,1,89300,1
78522,89300,1,91361,0
78522,91361,0,91361,0
78522,91361,0,91361,0
78522,91361,0,91361,0
78522,91361,0,91361,0
78522,91361,0,91361,0
78522,91361,0,91361,0
78522,91361,0,91361,0
78522,91361,0,91361,0
78522,91361,0,91361,0
78522,91361,0,91361,0
78522,91361,0,91361,0
78522,91361,0,91361,0
78522,91361,0,91361,0
78522,91361,0,91361,0
78522,91361,0,91361,0
78522,91361,0,91361,0
78522,91361,0,91361,0
78522,91361,0,91361,0
78522,91361,0,91361,0
78522,91361,0,91361,0
78522,91361,0,91361,0
78522,91361,0,91361,0
78522,91361,0,91361,0
78522,91361,0,91361,0
78522,91361,0,91361,0
78522,91361,0,91361,0
78522,91361,0,91361,0
78522,91361,0,91361,0
78522,91361,0,91361,0
78522,91361,0,91361,0
78522,91361,0,91361,0
78522,91361,0,91361,0
78522,91361,0,91361,0
78522,91361,0,91361,0
78522,91361,0,91361,0
78522,91361,0,91361,0
78522,91361,0,91361,0
78522,91361,0,91361,0
78522,91361,0,91361,0
78522,91361,0,91361,0
78522,91361,0,91361,0
78522,91361,0,91361,0
78522,91361,0,91361,0
78522,91361,0,91361,0
78522,91361,0,91361,0
78522,91361,0,91361,0
78522,91361,0,91361,0
78522,91361,0,91361,0
78522,91361,0,91361,0
78522,91361,0,91361,0
78522,91361,0,91361,0
78522,91361,0,91361,0
78522,91361,0,91361,0
78522,91361,0,91361,0
78522,91361,0,91361,0
78522,91361,0,91361,0
78522,91361,0,91361,0
78522,91361,0,91361,0
78522,91361,0,91361,0
78522,91361,0,91361,0
78522,91361,0,91361,0
78522,91361,0,91361,0
78522,91361,0,91361,0
78522,91361,0,91361,0
78522,91361,0,91361,0
78522,91361,0,91361,0
78522,91361,0,91361,0
78522,91361,0,91361,0
78522,91361,0,91361,0
78522,91361,0,91361,0
78522,91361,0,91361,0
78522,91361,0,91361,0
78522,91361,0,91361,0
78522,91361,0,91361,0
78522,91361,0,91361,0
78522,91361,0,91361,0
78522,91361,0,91361,0
78522,91361,0,91361,0
78522,91361,0,91361,0
78522,91361,0,91361,0
78522,91361,0,91361,0
78522,91361,0,91361,0
78522,91361,0,91361,0
78522,91361,0,91361,0
78522,91361,0,91361,0
78522,91361,0,91361,0
78522,91361,0,91361,0
78522,91361,0,91361,0
78522,91361,0,91361,0
78522,91361,0,91361,0
78522,91361,0,91361,0
78522,91361,0,91361,0
78522,91361,0,91361,0
78522,91361,0,91361,0
78522,91361,0,91361,0
78522,91361,0,91361,0
78522,91361,0,91356,1
78522,91356,1,91356,1
78522,91356,1,91356,1
78522,91356,1,91356,1
78522,91356,1,91356,1
78522,91356,1,91356,1
78522,91356,1,91356,1
78522,91356,1,91356,1
78522,91356,1,91356,1
78522,91356,1,91356,1
78522,91356,1,91356,1
78522,91356,1,91356,1
78522,91356,1,91356,1
78522,91356,1,91356,1
78522,91356,1,91356,1
78522,91356,1,91356,1
78522,91356,1,91356,1
78522,91356,1,91356,1
78522,91356,1,91356,1
78522,91356,1,91356,1
78522,91356,1,91356,1
78522,91356,1,91356,1
78522,91356,1,91356,1
78522,91356,1,91356,1
78522,91356,1,91356,1
78522,91356,1,91356,1
78522,91356,1,91356,1
78522,91356,1,91356,1
78522,91356,1,91356,1
78522,91356,1,91356,1
78522,91356,1,91356,1
78522,91356,1,91356,1
78522,91356,1,91356,1
78522,91356,1,91356,1
78522,91356,1,91356,1
78522,91356,1,91356,1
78522,91356,1,91356,1
78522,91356,1,91356,1
78522,91356,1,91356,1
78522,91356,1,91356,1
78522,91356,1,91356,1
78522,91356,1,91356,1
78522,91356,1,91356,1
78522,91356,1,91356,1
78522,91356,1,91356,1
78522,91356,1,91356,1
78522,91356,1,91356,1
78522,91356,1,91356,1
78522,91356,1,91356,1
78522,91356,1,91356,1
78522,91356,1,91356,1
78522,91356,1,91356,1
78522,91356,1,91356,1
78522,91356,1,91356,1
78522,91356,1,91356,1
78522,91356,1,91356,1
78522,91356,1,91356,1
78522,91356,1,91356,1
78522,91356,1,91356,1
78522,91356,1,91356,1
78522,91356,1,91356,1
78522,91356,1,91356,1
78522,91356,1,91356,1
78522,91356,1,91356,1
78522,91356,1,91356,1
78522,91356,1,91356,1
78522,91356,1,91356,1
78522,91356,1,91356,1
78522,91356,1,91356,1
78522,91356,1,91356,1
78522,91356,1,91356,1
78522,91356,1,91356,1
78522,91356,1,91356,1
78522,91356,1,91356,1
78522,91356,1,91356,1
78522,91356,1,91356,1
78522,91356,1,91356,1
78522,91356,1,91356,1
78522,91356,1,91356,1
78522,91356,1,91356,1
78522,91356,1,91356,1
78522,91356,1,91356,1
78522,91356,1,91356,1
78522,91356,1,91356,1
78522,91356,1,91356,1
78522,91356,1,91356,1
78522,91356,1,91356,1
78522,91356,1,91356,1
78522,91356,1,91356,1
78522,91356,1,91356,1
78522,91356,1,91356,1
78522,91356,1,91356,1
78522,91356,1,91356,1
78522,91356,1,91356,1
78522,91356,1,91356,1
78522,91356,1,91356,1
78522,91356,1,91356,1
78522,91356,1,89265,1
78522,89265,1,89265,1
78522,89265,1,89265,1
78522,89265,1,89265,1
78522,89265,1,89265,1
78522,89265,1,89265,1
78522,89265,1,89265,1
78522,89265,1,89265,1
78522,89265,1,89265,1
78522,89265,1,89265,1
78522,89265,1,89265,1
78522,89265,1,89265,1
78522,89265,1,89265,1
78522,89265,1,89265,1
78522,89265,1,89265,1
78522,89265,1,89265,1
78522,89265,1,89265,1
78522,89265,1,89265,1
78522,89265,1,89265,1
78522,89265,1,89265,1
78522,89265,1,89265,1
78522,89265,1,89265,1
78522,89265,1,89265,1
78522,89265,1,89265,1
78522,89265,1,89265,1
78522,89265,1,89265,1
78522,89265,1,89265,1
78522,89265,1,89265,1
78522,89265,1,89265,1
78522,89265,1,89265,1
78522,89265,1,89265,1
78522,89265,1,89265,1
78522,89265,1,89265,1
78522,89265,1,89265,1
78522,89265,1,89265,1
78522,89265,1,89265,1
78522,89265,1,89265,1
78522,89265,1,89265,1
78522,89265,1,89265,1
78522,89265,1,89265,1
78522,89265,1,89265,1
78522,89265,1,89265,1
78522,89265,1,89265,1
78522,89265,1,89265,1
78522,89265,1,89265,1
78522,89265,1,89265,1
78522,89265,1,89265,1
78522,89265,1,89265,1
78522,89265,1,89265,1
78522,89265,1,89265,1
78522,89265,1,89265,1
78522,89265,1,89265,1
78522,89265,1,89265,1
78522,89265,1,89265,1
78522,89265,1,89265,1
78522,89265,1,89265,1
78522,89265,1,89265,1
78522,89265,1,89265,1
78522,89265,1,89265,1
78522,89265,1,89265,1
78522,89265,1,89265,1
78522,89265,1,89265,1
78522,89265,1,89265,1
78522,89265,1,89265,1
78522,89265,1,89265,1
78522,89265,1,89265,1
78522,89265,1,89265,1
78522,89265,1,89265,1
78522,89265,1,89265,1
78522,89265,1,89265,1
78522,89265,1,89265,1
78522,89265,1,89265,1
78522,89265,1,89265,1
78522,89265,1,89265,1
78522,89265,1,89265,1
78522,89265,1,89265,1
78522,89265,1,89265,1
78522,89265,1,89265,1
78522,89265,1,89265,1
78522,89265,1,89265,1
78522,89265,1,89265,1
78522,89265,1,89265,1
78522,89265,1,89265,1
78522,89265,1,89265,1
78522,89265,1,89265,1
78522,89265,1,89265,1
78522,89265,1,89265,1
78522,89265,1,89265,1
78522,89265,1,89265,1
78522,89265,1,89265,1
78522,89265,1,89265,1
78522,89265,1,89265,1
78522,89265,1,89265,1
78522,89265,1,89265,1
78522,89265,1,89265,1
78522,89265,1,89265,1
78522,89265,1,89265,1
78522,89265,1,91350,1
78522,91350,1,91350,1
78522,91350,1,91350,1
78522,91350,1,91350,1
78522,91350,1,91350,1
78522,91350,1,91350,1
78522,91350,1,91350,1
78522,91350,1,91350,1
78522,91350,1,91350,1
78522,91350,1,91350,1
78522,91350,1,91350,1
78522,91350,1,91350,1
78522,91350,1,91350,1
78522,91350,1,91350,1
78522,91350,1,91350,1
78522,91350,1,91350,1
78522,91350,1,91350,1
78522,91350,1,91350,1
78522,91350,1,91350,1
78522,91350,1,91350,1
78522,91350,1,91350,1
78522,91350,1,91350,1
78522,91350,1,91350,1
78522,91350,1,91350,1
78522,91350,1,91350,1
78522,91350,1,91350,1
78522,91350,1,91350,1
78522,91350,1,91350,1
78522,91350,1,91350,1
78522,91350,1,91350,1
78522,91350,1,91350,1
78522,91350,1,91350,1
78522,91350,1,91350,1
78522,91350,1,91350,1
78522,91350,1,91350,1
78522,91350,1,91350,1
78522,91350,1,91350,1
78522,91350,1,91350,1
78522,91350,1,91350,1
78522,91350,1,91350,1
78522,91350,1,91350,1
78522,91350,1,91350,1
78522,91350,1,91350,1
78522,91350,1,91350,1
78522,91350,1,91350,1
78522,91350,1,91350,1
78522,91350,1,91350,1
78522,91350,1,89239,1
78522,89239,1,89239,1
78522,89239,1,89239,1
78522,89239,1,89239,1
78522,89239,1,89239,1
78522,89239,1,89239,1
78522,89239,1,89239,1
78522,89239,1,89239,1
78522,89239,1,89239,1
78522,89239,1,89239,1
78522,89239,1,89239,1
78522,89239,1,89239,1
78522,89239,1,89239,1
78522,89239,1,89239,1
78522,89239,1,89239,1
78522,89239,1,89239,1
78522,89239,1,89239,1
78522,89239,1,89239,1
78522,89239,1,89239,1
78522,89239,1,89239,1
78522,89239,1,89239,1
78522,89239,1,89239,1
78522,89239,1,89239,1
78522,89239,1,89239,1
78522,89239,1,89239,1
78522,89239,1,89239,1
78522,89239,1,89239,1
78522,89239,1,89239,1
78522,89239,1,89239,1
78522,89239,1,89239,1
78522,89239,1,89239,1
78522,89239,1,89239,1
78522,89239,1,89239,1
78522,89239,1,89239,1
78522,89239,1,89239,1
78522,89239,1,89239,1
78522,89239,1,89239,1
78522,89239,1,89239,1
78522,89239,1,89239,1
78522,89239,1,89239,1
78522,89239,1,89239,1
78522,89239,1,89239,1
78522,89239,1,89239,1
78522,89239,1,89239,1
78522,89239,1,89239,1
78522,89239,1,89239,1
78522,89239,1,89239,1
78522,89239,1,91347,1
78522,91347,1,91347,1
78522,91347,1,91347,1
78522,91347,1,91347,1
78522,91347,1,91347,1
78522,91347,1,91347,1
78522,91347,1,91347,1
78522,91347,1,91347,1
78522,91347,1,91347,1
78522,91347,1,91347,1
78522,91347,1,91347,1
78522,91347,1,91347,1
78522,91347,1,91347,1
78522,91347,1,91347,1
78522,91347,1,91347,1
78522,91347,1,91347,1
78522,91347,1,91347,1
78522,91347,1,91347,1
78522,91347,1,91347,1
78522,91347,1,91347,1
78522,91347,1,91347,1
78522,91347,1,91347,1
78522,91347,1,91347,1
78522,91347,1,91347,1
78522,91347,1,91347,1
78522,91347,1,91347,1
78522,91347,1,91347,1
78522,91347,1,91347,1
78522,91347,1,91347,1
78522,91347,1,91347,1
78522,91347,1,91347,1
78522,91347,1,91347,1
78522,91347,1,91347,1
78522,91347,1,91347,1
78522,91347,1,91347,1
78522,91347,1,91347,1
78522,91347,1,91347,1
78522,91347,1,91347,1
78522,91347,1,91347,1
78522,91347,1,91347,1
78522,91347,1,91347,1
78522,91347,1,91347,1
78522,91347,1,91347,1
78522,91347,1,91347,1
78522,91347,1,91347,1
78522,91347,1,91347,1
78522,91347,1,91347,1
78522,91347,1,91404,0
78522,91404,0,91404,0
78522,91404,0,91404,0
78522,91404,0,91404,0
78522,91404,0,91404,0
78522,91404,0,91404,0
78522,91404,0,91404,0
78522,91404,0,91404,0
78522,91404,0,91404,0
78522,91404,0,91404,0
78522,91404,0,91404,0
78522,91404,0,91404,0
78522,91404,0,91404,0
78522,91404,0,91404,0
78522,91404,0,91404,0
78522,91404,0,91404,0
78522,91404,0,91404,0
78522,91404,0,91404,0
78522,91404,0,91404,0
78522,91404,0,91404,0
78522,91404,0,91404,0
78522,91404,0,91404,0
78522,91404,0,91404,0
78522,91404,0,91404,0
78522,91404,0,91404,0
78522,91404,0,91404,0
78522,91404,0,91404,0
78522,91404,0,91404,0
78522,91404,0,91404,0
78522,91404,0,91404,0
78522,91404,0,91404,0
78522,91404,0,91404,0
78522,91404,0,91404,0
78522,91404,0,91404,0
78522,91404,0,91404,0
78522,91404,0,91404,0
78522,91404,0,91404,0
78522,91404,0,91404,0
78522,91404,0,91404,0
78522,91404,0,91404,0
78522,91404,0,91404,0
78522,91404,0,91404,0
78522,91404,0,91404,0
78522,91404,0,91404,0
78522,91404,0,91404,0
78522,91404,0,91404,0
78522,91404,0,91404,0
78522,91404,0,91404,0
78522,91404,0,91404,0
78522,91404,0,91404,0
78522,91404,0,91404,0
78522,91404,0,91404,0
78522,91404,0,91404,0
78522,91404,0,91404,0
78522,91404,0,91404,0
78522,91404,0,91404,0
78522,91404,0,91404,0
78522,91404,0,91404,0
78522,91404,0,91404,0
78522,91404,0,91404,0
78522,91404,0,91404,0
78522,91404,0,91404,0
78522,91404,0,91404,0
78522,91404,0,91404,0
78522,91404,0,91404,0
78522,91404,0,91404,0
78522,91404,0,91404,0
78522,91404,0,91404,0
78522,91404,0,91404,0
78522,91404,0,91404,0
78522,91404,0,91404,0
78522,91404,0,91404,0
78522,91404,0,91404,0
78522,91404,0,91404,0
78522,91404,0,91404,0
78522,91404,0,91404,0
78522,91404,0,91404,0
78522,91404,0,91404,0
78522,91404,0,91404,0
78522,91404,0,91404,0
78522,91404,0,91404,0
78522,91404,0,91404,0
78522,91404,0,91404,0
78522,91404,0,91404,0
78522,91404,0,91404,0
78522,91404,0,91404,0
78522,91404,0,91404,0
78522,91404,0,91404,0
78522,91404,0,91404,0
78522,91404,0,91404,0
78522,91404,0,91404,0
78522,91404,0,91404,0
78522,91404,0,91404,0
78522,91404,0,91404,0
78522,91404,0,91404,0
78522,91404,0,91404,0
78522,91404,0,91404,0
78522,91404,0,89285,0
78522,89285,0,89285,0
78522,89285,0,89285,0
78522,89285,0,89285,0
78522,89285,0,89285,0
78522,89285,0,89285,0
78522,89285,0,89285,0
78522,89285,0,89285,0
78522,89285,0,89285,0
78522,89285,0,89285,0
78522,89285,0,89285,0
78522,89285,0,89285,0
78522,89285,0,89285,0
78522,89285,0,89285,0
78522,89285,0,89285,0
78522,89285,0,89285,0
78522,89285,0,89285,0
78522,89285,0,89285,0
78522,89285,0,89285,0
78522,89285,0,89285,0
78522,89285,0,89285,0
78522,89285,0,89285,0
78522,89285,0,89285,0
78522,89285,0,89285,0
78522,89285,0,89285,0
78522,89285,0,89285,0
78522,89285,0,89285,0
78522,89285,0,89285,0
78522,89285,0,89285,0
78522,89285,0,89285,0
78522,89285,0,89285,0
78522,89285,0,89285,0
78522,89285,0,89285,0
78522,89285,0,89285,0
78522,89285,0,89285,0
78522,89285,0,89285,0
78522,89285,0,89285,0
78522,89285,0,89285,0
78522,89285,0,89285,0
78522,89285,0,89285,0
78522,89285,0,89285,0
78522,89285,0,89285,0
78522,89285,0,89285,0
78522,89285,0,89285,0
78522,89285,0,89285,0
78522,89285,0,89285,0
78522,89285,0,89285,0
78522,89285,0,91382,0
78522,91382,0,91382,0
78522,91382,0,91382,0
78522,91382,0,91382,0
78522,91382,0,91382,0
78522,91382,0,91382,0
78522,91382,0,91382,0
78522,91382,0,91382,0
78522,91382,0,91382,0
78522,91382,0,91382,0
78522,91382,0,91382,0
78522,91382,0,91382,0
78522,91382,0,91382,0
78522,91382,0,91382,0
78522,91382,0,91382,0
78522,91382,0,91382,0
78522,91382,0,91382,0
78522,91382,0,91382,0
78522,91382,0,91382,0
78522,91382,0,91382,0
78522,91382,0,91382,0
78522,91382,0,91382,0
78522,91382,0,91382,0
78522,91382,0,91382,0
78522,91382,0,91382,0
78522,91382,0,91382,0
78522,91382,0,91382,0
78522,91382,0,91382,0
78522,91382,0,91382,0
78522,91382,0,91382,0
78522,91382,0,91382,0
78522,91382,0,91382,0
78522,91382,0,91382,0
78522,91382,0,91382,0
78522,91382,0,91382,0
78522,91382,0,91382,0
78522,91382,0,91382,0
78522,91382,0,91382,0
78522,91382,0,91382,0
78522,91382,0,91382,0
78522,91382,0,91382,0
78522,91382,0,91382,0
78522,91382,0,91382,0
78522,91382,0,91382,0
78522,91382,0,91382,0
78522,91382,0,91382,0
78522,91382,0,91382,0
78522,91382,0,91382,0
78522,91382,0,91382,0
78522,91382,0,91382,0
78522,91382,0,91382,0
78522,91382,0,91382,0
78522,91382,0,91382,0
78522,91382,0,91382,0
78522,91382,0,91382,0
78522,91382,0,91382,0
78522,91382,0,91382,0
78522,91382,0,91382,0
78522,91382,0,91382,0
78522,91382,0,91382,0
78522,91382,0,91382,0
78522,91382,0,91382,0
78522,91382,0,91382,0
78522,91382,0,91382,0
78522,91382,0,91382,0
78522,91382,0,91382,0
78522,91382,0,91382,0
78522,91382,0,91382,0
78522,91382,0,91382,0
78522,91382,0,91382,0
78522,91382,0,91382,0
78522,91382,0,91382,0
78522,91382,0,91382,0
78522,91382,0,91382,0
78522,91382,0,91382,0
78522,91382,0,91382,0
78522,91382,0,91382,0
78522,91382,0,91382,0
78522,91382,0,91382,0
78522,91382,0,91382,0
78522,91382,0,91382,0
78522,91382,0,91382,0
78522,91382,0,91382,0
78522,91382,0,91382,0
78522,91382,0,91382,0
78522,91382,0,91382,0
78522,91382,0,91382,0
78522,91382,0,91382,0
78522,91382,0,91382,0
78522,91382,0,91382,0
78522,91382,0,91382,0
78522,91382,0,91382,0
78522,91382,0,91382,0
78522,91382,0,91382,0
78522,91382,0,91382,0
78522,91382,0,91382,0
78522,91382,0,91382,0
78522,91382,0,91393,1
78522,91393,1,91393,1
78522,91393,1,91393,1
78522,91393,1,91393,1
78522,91393,1,91393,1
78522,91393,1,91393,1
78522,91393,1,91393,1
78522,91393,1,91393,1
78522,91393,1,91393,1
78522,91393,1,91393,1
78522,91393,1,91393,1
78522,91393,1,91393,1
78522,91393,1,91393,1
78522,91393,1,91393,1
78522,91393,1,91393,1
78522,91393,1,91393,1
78522,91393,1,91393,1
78522,91393,1,91393,1
78522,91393,1,91393,1
78522,91393,1,91393,1
78522,91393,1,91393,1
78522,91393,1,91393,1
78522,91393,1,91393,1
78522,91393,1,91393,1
78522,91393,1,91393,1
78522,91393,1,91393,1
78522,91393,1,91393,1
78522,91393,1,91393,1
78522,91393,1,91393,1
78522,91393,1,91393,1
78522,91393,1,91393,1
78522,91393,1,91393,1
78522,91393,1,91393,1
78522,91393,1,91393,1
78522,91393,1,91393,1
78522,91393,1,91393,1
78522,91393,1,91393,1
78522,91393,1,91393,1
78522,91393,1,91393,1
78522,91393,1,91393,1
78522,91393,1,91393,1
78522,91393,1,91393,1
78522,91393,1,91393,1
78522,91393,1,91393,1
78522,91393,1,91393,1
78522,91393,1,91393,1
78522,91393,1,91393,1
78522,91393,1,91393,1
78522,91393,1,91393,1
78522,91393,1,91393,1
78522,91393,1,91393,1
78522,91393,1,91393,1
78522,91393,1,91393,1
78522,91393,1,91393,1
78522,91393,1,91393,1
78522,91393,1,91393,1
78522,91393,1,91393,1
78522,91393,1,91393,1
78522,91393,1,91393,1
78522,91393,1,91393,1
78522,91393,1,91393,1
78522,91393,1,91393,1
78522,91393,1,91393,1
78522,91393,1,91393,1
78522,91393,1,91393,1
78522,91393,1,91393,1
78522,91393,1,91393,1
78522,91393,1,91393,1
78522,91393,1,91393,1
78522,91393,1,91393,1
78522,91393,1,91393,1
78522,91393,1,91393,1
78522,91393,1,91393,1
78522,91393,1,91393,1
78522,91393,1,91393,1
78522,91393,1,91393,1
78522,91393,1,91393,1
78522,91393,1,91393,1
78522,91393,1,91393,1
78522,91393,1,91393,1
78522,91393,1,91393,1
78522,91393,1,91393,1
78522,91393,1,91393,1
78522,91393,1,91393,1
78522,91393,1,91393,1
78522,91393,1,91393,1
78522,91393,1,91393,1
78522,91393,1,91393,1
78522,91393,1,91393,1
78522,91393,1,91393,1
78522,91393,1,91393,1
78522,91393,1,91393,1
78522,91393,1,91393,1
78522,91393,1,91393,1
78522,91393,1,91393,1
78522,91393,1,91393,1
78522,91393,1,91393,1
78522,91393,1,91376,1
78522,91376,1,91376,1
78522,91376,1,91376,1
78522,91376,1,91376,1
78522,91376,1,91376,1
78522,91376,1,91376,1
78522,91376,1,91376,1
78522,91376,1,91376,1
78522,91376,1,91376,1
78522,91376,1,91376,1
78522,91376,1,91376,1
78522,91376,1,91376,1
78522,91376,1,91376,1
78522,91376,1,91376,1
78522,91376,1,91376,1
78522,91376,1,91376,1
78522,91376,1,91376,1
78522,91376,1,91376,1
78522,91376,1,91376,1
78522,91376,1,91376,1
78522,91376,1,91376,1
78522,91376,1,91376,1
78522,91376,1,91376,1
78522,91376,1,91376,1
78522,91376,1,91376,1
78522,91376,1,91376,1
78522,91376,1,91376,1
78522,91376,1,91376,1
78522,91376,1,91376,1
78522,91376,1,91376,1
78522,91376,1,91376,1
78522,91376,1,91376,1
78522,91376,1,91376,1
78522,91376,1,91376,1
78522,91376,1,91376,1
78522,91376,1,91376,1
78522,91376,1,91376,1
78522,91376,1,91376,1
78522,91376,1,91376,1
78522,91376,1,91376,1
78522,91376,1,91376,1
78522,91376,1,91376,1
78522,91376,1,91376,1
78522,91376,1,91376,1
78522,91376,1,91376,1
78522,91376,1,91376,1
78522,91376,1,91376,1
78522,91376,1,91376,1
78522,91376,1,91376,1
78522,91376,1,91376,1
78522,91376,1,91376,1
78522,91376,1,91376,1
78522,91376,1,91376,1
78522,91376,1,91376,1
78522,91376,1,91376,1
78522,91376,1,91376,1
78522,91376,1,91376,1
78522,91376,1,91376,1
78522,91376,1,91376,1
78522,91376,1,91376,1
78522,91376,1,91376,1
78522,91376,1,91376,1
78522,91376,1,91376,1
78522,91376,1,91376,1
78522,91376,1,91376,1
78522,91376,1,91376,1
78522,91376,1,91376,1
78522,91376,1,91376,1
78522,91376,1,91376,1
78522,91376,1,91376,1
78522,91376,1,91376,1
78522,91376,1,91376,1
78522,91376,1,91376,1
78522,91376,1,91376,1
78522,91376,1,91376,1
78522,91376,1,91376,1
78522,91376,1,91376,1
78522,91376,1,91376,1
78522,91376,1,91376,1
78522,91376,1,91376,1
78522,91376,1,91376,1
78522,91376,1,91376,1
78522,91376,1,91376,1
78522,91376,1,91376,1
78522,91376,1,91376,1
78522,91376,1,91376,1
78522,91376,1,91376,1
78522,91376,1,91376,1
78522,91376,1,91376,1
78522,91376,1,91376,1
78522,91376,1,91376,1
78522,91376,1,91376,1
78522,91376,1,91376,1
78522,91376,1,91376,1
78522,91376,1,91376,1
78522,91376,1,91376,1
78522,91376,1,91376,1
78522,91376,1,89274,1
78522,89274,1,89274,1
78522,89274,1,89274,1
78522,89274,1,89274,1
78522,89274,1,89274,1
78522,89274,1,89274,1
78522,89274,1,89274,1
78522,89274,1,89274,1
78522,89274,1,89274,1
78522,89274,1,89274,1
78522,89274,1,89274,1
78522,89274,1,89274,1
78522,89274,1,89274,1
78522,89274,1,89274,1
78522,89274,1,89274,1
78522,89274,1,89274,1
78522,89274,1,89274,1
78522,89274,1,89274,1
78522,89274,1,89274,1
78522,89274,1,89274,1
78522,89274,1,89274,1
78522,89274,1,89274,1
78522,89274,1,89274,1
78522,89274,1,89274,1
78522,89274,1,89274,1
78522,89274,1,89274,1
78522,89274,1,89274,1
78522,89274,1,89274,1
78522,89274,1,89274,1
78522,89274,1,89274,1
78522,89274,1,89274,1
78522,89274,1,89274,1
78522,89274,1,89274,1
78522,89274,1,89274,1
78522,89274,1,89274,1
78522,89274,1,89274,1
78522,89274,1,89274,1
78522,89274,1,89274,1
78522,89274,1,89274,1
78522,89274,1,89274,1
78522,89274,1,89274,1
78522,89274,1,89274,1
78522,89274,1,89274,1
78522,89274,1,89274,1
78522,89274,1,89274,1
78522,89274,1,89274,1
78522,89274,1,89274,1
78522,89274,1,89765,1
78522,89765,1,89765,1
78522,89765,1,89765,1
78522,89765,1,89765,1
78522,89765,1,89765,1
78522,89765,1,89765,1
78522,89765,1,89765,1
78522,89765,1,89765,1
78522,89765,1,89765,1
78522,89765,1,89765,1
78522,89765,1,89765,1
78522,89765,1,89765,1
78522,89765,1,89765,1
78522,89765,1,89765,1
78522,89765,1,89765,1
78522,89765,1,89765,1
78522,89765,1,89765,1
78522,89765,1,89765,1
78522,89765,1,89765,1
78522,89765,1,89765,1
78522,89765,1,89765,1
78522,89765,1,89765,1
78522,89765,1,89765,1
78522,89765,1,89765,1
78522,89765,1,89765,1
78522,89765,1,89765,1
78522,89765,1,89765,1
78522,89765,1,89765,1
78522,89765,1,89765,1
78522,89765,1,89765,1
78522,89765,1,89765,1
78522,89765,1,89765,1
78522,89765,1,89765,1
78522,89765,1,89765,1
78522,89765,1,89765,1
78522,89765,1,89765,1
78522,89765,1,89765,1
78522,89765,1,89765,1
78522,89765,1,89765,1
78522,89765,1,89765,1
78522,89765,1,89765,1
78522,89765,1,89765,1
78522,89765,1,89765,1
78522,89765,1,89765,1
78522,89765,1,89809,1
78522,89809,1,89809,1
78522,89809,1,89809,1
78522,89809,1,89809,1
78522,89809,1,89809,1
78522,89809,1,89809,1
78522,89809,1,89809,1
78522,89809,1,89809,1
78522,89809,1,89809,1
78522,89809,1,89809,1
78522,89809,1,89809,1
78522,89809,1,89809,1
78522,89809,1,89809,1
78522,89809,1,89809,1
78522,89809,1,89809,1
78522,89809,1,89809,1
78522,89809,1,89809,1
78522,89809,1,89809,1
78522,89809,1,89809,1
78522,89809,1,89809,1
78522,89809,1,89809,1
78522,89809,1,89809,1
78522,89809,1,89809,1
78522,89809,1,89809,1
78522,89809,1,89809,1
78522,89809,1,89809,1
78522,89809,1,89809,1
78522,89809,1,89809,1
78522,89809,1,89809,1
78522,89809,1,89809,1
78522,89809,1,89809,1
78522,89809,1,89809,1
78522,89809,1,89809,1
78522,89809,1,89809,1
78522,89809,1,89809,1
78522,89809,1,89809,1
78522,89809,1,89809,1
78522,89809,1,89809,1
78522,89809,1,89809,1
78522,89809,1,89809,1
78522,89809,1,89809,1
78522,89809,1,89809,1
78522,89809,1,89809,1
78522,89809,1,89809,1
78522,89809,1,89809,1
78522,89809,1,89809,1
78522,89809,1,89809,1
78522,89809,1,89809,1
78522,89809,1,89809,1
78522,89809,1,89809,1
78522,89809,1,89809,1
78522,89809,1,89809,1
78522,89809,1,89809,1
78522,89809,1,89809,1
78522,89809,1,89809,1
78522,89809,1,89809,1
78522,89809,1,89809,1
78522,89809,1,89809,1
78522,89809,1,89809,1
78522,89809,1,89809,1
78522,89809,1,89809,1
78522,89809,1,89809,1
78522,89809,1,89809,1
78522,89809,1,89809,1
78522,89809,1,89809,1
78522,89809,1,89809,1
78522,89809,1,89809,1
78522,89809,1,89809,1
78522,89809,1,89809,1
78522,89809,1,89809,1
78522,89809,1,89809,1
78522,89809,1,89809,1
78522,89809,1,89809,1
78522,89809,1,89809,1
78522,89809,1,89809,1
78522,89809,1,89809,1
78522,89809,1,89809,1
78522,89809,1,89809,1
78522,89809,1,89809,1
78522,89809,1,89809,1
78522,89809,1,89809,1
78522,89809,1,89809,1
78522,89809,1,89809,1
78522,89809,1,89809,1
78522,89809,1,89809,1
78522,89809,1,89809,1
78522,89809,1,89809,1
78522,89809,1,89809,1
78522,89809,1,89809,1
78522,89809,1,89809,1
78522,89809,1,89809,1
78522,89809,1,89809,1
78522,89809,1,89809,1
78522,89809,1,89805,1
78522,89805,1,89805,1
78522,89805,1,89805,1
78522,89805,1,89805,1
78522,89805,1,89805,1
78522,89805,1,89805,1
78522,89805,1,89805,1
78522,89805,1,89805,1
78522,89805,1,89805,1
78522,89805,1,89805,1
78522,89805,1,89805,1
78522,89805,1,89805,1
78522,89805,1,89805,1
78522,89805,1,89805,1
78522,89805,1,89805,1
78522,89805,1,89805,1
78522,89805,1,89805,1
78522,89805,1,89805,1
78522,89805,1,89805,1
78522,89805,1,89805,1
78522,89805,1,89805,1
78522,89805,1,89805,1
78522,89805,1,89805,1
78522,89805,1,89805,1
78522,89805,1,89805,1
78522,89805,1,89805,1
78522,89805,1,89805,1
78522,89805,1,89805,1
78522,89805,1,89805,1
78522,89805,1,89805,1
78522,89805,1,89805,1
78522,89805,1,89805,1
78522,89805,1,89805,1
78522,89805,1,89805,1
78522,89805,1,89805,1
78522,89805,1,89805,1
78522,89805,1,89805,1
78522,89805,1,89805,1
78522,89805,1,89805,1
78522,89805,1,89805,1
78522,89805,1,89805,1
78522,89805,1,89805,1
78522,89805,1,89805,1
78522,89805,1,89805,1
78522,89805,1,89805,1
78522,89805,1,89805,1
78522,89805,1,89805,1
78522,89805,1,89805,1
78522,89805,1,89805,1
78522,89805,1,89805,1
78522,89805,1,89805,1
78522,89805,1,89805,1
78522,89805,1,89805,1
78522,89805,1,89805,1
78522,89805,1,89805,1
78522,89805,1,89805,1
78522,89805,1,89805,1
78522,89805,1,89805,1
78522,89805,1,89805,1
78522,89805,1,89805,1
78522,89805,1,89805,1
78522,89805,1,89805,1
78522,89805,1,89805,1
78522,89805,1,89805,1
78522,89805,1,89805,1
78522,89805,1,89805,1
78522,89805,1,89805,1
78522,89805,1,89805,1
78522,89805,1,89805,1
78522,89805,1,89805,1
78522,89805,1,89805,1
78522,89805,1,89805,1
78522,89805,1,89805,1
78522,89805,1,89805,1
78522,89805,1,89805,1
78522,89805,1,89805,1
78522,89805,1,89805,1
78522,89805,1,89805,1
78522,89805,1,89805,1
78522,89805,1,89805,1
78522,89805,1,89805,1
78522,89805,1,89805,1
78522,89805,1,89805,1
78522,89805,1,89805,1
78522,89805,1,89805,1
78522,89805,1,89805,1
78522,89805,1,89805,1
78522,89805,1,89805,1
78522,89805,1,89805,1
78522,89805,1,89805,1
78522,89805,1,89805,1
78522,89805,1,89805,1
78522,89805,1,89805,1
78522,89805,1,173935,0
78522,173935,0,173916,1
78522,173916,1,173912,1
78522,173912,1,173887,1
78522,173887,1,173958,0
78522,173958,0,174017,1
78522,174017,1,173951,1
78522,173951,1,173966,1
78522,173966,1,91655,1
78522,91655,1,91655,1
78522,91655,1,91655,1
78522,91655,1,91655,1
78522,91655,1,91655,1
78522,91655,1,91655,1
78522,91655,1,91655,1
78522,91655,1,91655,1
78522,91655,1,91655,1
78522,91655,1,91655,1
78522,91655,1,91655,1
78522,91655,1,91655,1
78522,91655,1,91655,1
78522,91655,1,91655,1
78522,91655,1,91655,1
78522,91655,1,91655,1
78522,91655,1,91655,1
78522,91655,1,91655,1
78522,91655,1,91655,1
78522,91655,1,91655,1
78522,91655,1,91655,1
78522,91655,1,91655,1
78522,91655,1,91655,1
78522,91655,1,91655,1
78522,91655,1,91655,1
78522,91655,1,91655,1
78522,91655,1,91655,1
78522,91655,1,91655,1
78522,91655,1,91655,1
78522,91655,1,91655,1
78522,91655,1,91655,1
78522,91655,1,91655,1
78522,91655,1,91655,1
78522,91655,1,91655,1
78522,91655,1,91655,1
78522,91655,1,91655,1
78522,91655,1,91655,1
78522,91655,1,91655,1
78522,91655,1,91655,1
78522,91655,1,91655,1
78522,91655,1,91655,1
78522,91655,1,91655,1
78522,91655,1,91655,1
78522,91655,1,91655,1
78522,91655,1,91655,1
78522,91655,1,91655,1
78523,93202,1,93202,1
78523,93202,1,93202,1
78523,93202,1,93202,1
78523,93202,1,93202,1
78523,93202,1,93202,1
78523,93202,1,93202,1
78523,93202,1,93202,1
78523,93202,1,93202,1
78523,93202,1,93202,1
78523,93202,1,93202,1
78523,93202,1,93202,1
78523,93202,1,93202,1
78523,93202,1,93202,1
78523,93202,1,93202,1
78523,93202,1,93202,1
78523,93202,1,93202,1
78523,93202,1,93202,1
78523,93202,1,93202,1
78523,93202,1,93202,1
78523,93202,1,93202,1
78523,93202,1,93202,1
78523,93202,1,93202,1
78523,93202,1,93202,1
78523,93202,1,93202,1
78523,93202,1,93202,1
78523,93202,1,93202,1
78523,93202,1,93202,1
78523,93202,1,93202,1
78523,93202,1,93202,1
78523,93202,1,93202,1
78523,93202,1,93202,1
78523,93202,1,93202,1
78523,93202,1,93202,1
78523,93202,1,93202,1
78523,93202,1,93202,1
78523,93202,1,93202,1
78523,93202,1,93202,1
78523,93202,1,93202,1
78523,93202,1,93202,1
78523,93202,1,93202,1
78523,93202,1,93202,1
78523,93202,1,93202,1
78523,93202,1,93202,1
78523,93202,1,93202,1
78523,93202,1,93202,1
78523,93202,1,93235,1
78523,93235,1,93235,1
78523,93235,1,93235,1
78523,93235,1,93235,1
78523,93235,1,93235,1
78523,93235,1,93235,1
78523,93235,1,93235,1
78523,93235,1,93235,1
78523,93235,1,93235,1
78523,93235,1,93235,1
78523,93235,1,93235,1
78523,93235,1,93235,1
78523,93235,1,93235,1
78523,93235,1,93235,1
78523,93235,1,93235,1
78523,93235,1,93235,1
78523,93235,1,93235,1
78523,93235,1,93235,1
78523,93235,1,93235,1
78523,93235,1,93235,1
78523,93235,1,93235,1
78523,93235,1,93235,1
78523,93235,1,93235,1
78523,93235,1,93235,1
78523,93235,1,93235,1
78523,93235,1,93235,1
78523,93235,1,93235,1
78523,93235,1,93235,1
78523,93235,1,93235,1
78523,93235,1,93235,1
78523,93235,1,93235,1
78523,93235,1,93235,1
78523,93235,1,93235,1
78523,93235,1,93235,1
78523,93235,1,93235,1
78523,93235,1,93235,1
78523,93235,1,93235,1
78523,93235,1,93235,1
78523,93235,1,93235,1
78523,93235,1,93235,1
78523,93235,1,93235,1
78523,93235,1,93235,1
78523,93235,1,93235,1
78523,93235,1,93235,1
78523,93235,1,93235,1
78523,93235,1,93235,1
78523,93235,1,93236,1
78523,93236,1,93236,1
78523,93236,1,93236,1
78523,93236,1,93236,1
78523,93236,1,93236,1
78523,93236,1,93236,1
78523,93236,1,93236,1
78523,93236,1,93236,1
78523,93236,1,93236,1
78523,93236,1,93236,1
78523,93236,1,93236,1
78523,93236,1,93236,1
78523,93236,1,93236,1
78523,93236,1,93236,1
78523,93236,1,93236,1
78523,93236,1,93236,1
78523,93236,1,93236,1
78523,93236,1,93236,1
78523,93236,1,93236,1
78523,93236,1,93236,1
78523,93236,1,93236,1
78523,93236,1,93236,1
78523,93236,1,93236,1
78523,93236,1,93236,1
78523,93236,1,93236,1
78523,93236,1,93236,1
78523,93236,1,93236,1
78523,93236,1,93236,1
78523,93236,1,93236,1
78523,93236,1,93236,1
78523,93236,1,93236,1
78523,93236,1,93236,1
78523,93236,1,93236,1
78523,93236,1,93236,1
78523,93236,1,93236,1
78523,93236,1,93236,1
78523,93236,1,93236,1
78523,93236,1,93236,1
78523,93236,1,93236,1
78523,93236,1,93236,1
78523,93236,1,93236,1
78523,93236,1,93236,1
78523,93236,1,93236,1
78523,93236,1,86105,1
78523,86105,1,86105,1
78523,86105,1,86105,1
78523,86105,1,86105,1
78523,86105,1,86105,1
78523,86105,1,86105,1
78523,86105,1,86105,1
78523,86105,1,86105,1
78523,86105,1,86105,1
78523,86105,1,86105,1
78523,86105,1,86105,1
78523,86105,1,86105,1
78523,86105,1,86105,1
78523,86105,1,86105,1
78523,86105,1,86105,1
78523,86105,1,86105,1
78523,86105,1,86105,1
78523,86105,1,86105,1
78523,86105,1,86105,1
78523,86105,1,86105,1
78523,86105,1,86105,1
78523,86105,1,86105,1
78523,86105,1,86105,1
78523,86105,1,86105,1
78523,86105,1,86105,1
78523,86105,1,86105,1
78523,86105,1,86105,1
78523,86105,1,86105,1
78523,86105,1,86105,1
78523,86105,1,86105,1
78523,86105,1,86105,1
78523,86105,1,86105,1
78523,86105,1,86105,1
78523,86105,1,86105,1
78523,86105,1,86105,1
78523,86105,1,86105,1
78523,86105,1,86105,1
78523,86105,1,86105,1
78523,86105,1,86105,1
78523,86105,1,86105,1
78523,86105,1,86105,1
78523,86105,1,86105,1
78523,86105,1,86105,1
78523,86105,1,86105,1
78523,86105,1,86105,1
78523,86105,1,86105,1
78523,86105,1,85099,0
78523,85099,0,85099,0
78523,85099,0,85099,0
78523,85099,0,85099,0
78523,85099,0,85099,0
78523,85099,0,85099,0
78523,85099,0,85099,0
78523,85099,0,85099,0
78523,85099,0,85099,0
78523,85099,0,85099,0
78523,85099,0,85099,0
78523,85099,0,85099,0
78523,85099,0,85099,0
78523,85099,0,85099,0
78523,85099,0,85099,0
78523,85099,0,85099,0
78523,85099,0,85099,0
78523,85099,0,85099,0
78523,85099,0,85099,0
78523,85099,0,85099,0
78523,85099,0,85099,0
78523,85099,0,85099,0
78523,85099,0,85099,0
78523,85099,0,85099,0
78523,85099,0,85099,0
78523,85099,0,85099,0
78523,85099,0,85099,0
78523,85099,0,85099,0
78523,85099,0,85099,0
78523,85099,0,85099,0
78523,85099,0,85099,0
78523,85099,0,85099,0
78523,85099,0,85099,0
78523,85099,0,85099,0
78523,85099,0,85099,0
78523,85099,0,85099,0
78523,85099,0,85099,0
78523,85099,0,85099,0
78523,85099,0,85099,0
78523,85099,0,85099,0
78523,85099,0,85099,0
78523,85099,0,85099,0
78523,85099,0,85099,0
78523,85099,0,85099,0
78523,85099,0,85099,0
78523,85099,0,85099,0
78523,85099,0,85662,1
78523,85662,1,85662,1
78523,85662,1,85662,1
78523,85662,1,85662,1
78523,85662,1,85662,1
78523,85662,1,85662,1
78523,85662,1,85662,1
78523,85662,1,85662,1
78523,85662,1,85662,1
78523,85662,1,85662,1
78523,85662,1,85662,1
78523,85662,1,85662,1
78523,85662,1,85662,1
78523,85662,1,85662,1
78523,85662,1,85662,1
78523,85662,1,85662,1
78523,85662,1,85662,1
78523,85662,1,85662,1
78523,85662,1,85662,1
78523,85662,1,85662,1
78523,85662,1,85662,1
78523,85662,1,85662,1
78523,85662,1,85662,1
78523,85662,1,85662,1
78523,85662,1,85662,1
78523,85662,1,85662,1
78523,85662,1,85662,1
78523,85662,1,85662,1
78523,85662,1,85662,1
78523,85662,1,85662,1
78523,85662,1,85662,1
78523,85662,1,85662,1
78523,85662,1,85662,1
78523,85662,1,85662,1
78523,85662,1,85662,1
78523,85662,1,85662,1
78523,85662,1,85662,1
78523,85662,1,85662,1
78523,85662,1,85662,1
78523,85662,1,85662,1
78523,85662,1,85662,1
78523,85662,1,85662,1
78523,85662,1,85662,1
78523,85662,1,85662,1
78523,85662,1,85662,1
78523,85662,1,85662,1
78523,85662,1,85659,0
78523,85659,0,85659,0
78523,85659,0,85659,0
78523,85659,0,85659,0
78523,85659,0,85659,0
78523,85659,0,85659,0
78523,85659,0,85659,0
78523,85659,0,85659,0
78523,85659,0,85659,0
78523,85659,0,85659,0
78523,85659,0,85659,0
78523,85659,0,85659,0
78523,85659,0,85659,0
78523,85659,0,85659,0
78523,85659,0,85659,0
78523,85659,0,85659,0
78523,85659,0,85659,0
78523,85659,0,85659,0
78523,85659,0,85659,0
78523,85659,0,85659,0
78523,85659,0,85659,0
78523,85659,0,85659,0
78523,85659,0,85659,0
78523,85659,0,85659,0
78523,85659,0,85659,0
78523,85659,0,85659,0
78523,85659,0,85659,0
78523,85659,0,85659,0
78523,85659,0,85659,0
78523,85659,0,85659,0
78523,85659,0,85659,0
78523,85659,0,85659,0
78523,85659,0,85659,0
78523,85659,0,85659,0
78523,85659,0,85659,0
78523,85659,0,85659,0
78523,85659,0,85659,0
78523,85659,0,85659,0
78523,85659,0,85659,0
78523,85659,0,85659,0
78523,85659,0,85659,0
78523,85659,0,85659,0
78523,85659,0,85659,0
78523,85659,0,85659,0
78523,85659,0,85659,0
78523,85659,0,85659,0
78523,85659,0,86100,1
78523,86100,1,86100,1
78523,86100,1,86100,1
78523,86100,1,86100,1
78523,86100,1,86100,1
78523,86100,1,86100,1
78523,86100,1,86100,1
78523,86100,1,86100,1
78523,86100,1,86100,1
78523,86100,1,86100,1
78523,86100,1,86100,1
78523,86100,1,86100,1
78523,86100,1,86100,1
78523,86100,1,86100,1
78523,86100,1,86100,1
78523,86100,1,86100,1
78523,86100,1,86100,1
78523,86100,1,86100,1
78523,86100,1,86100,1
78523,86100,1,86100,1
78523,86100,1,86100,1
78523,86100,1,86100,1
78523,86100,1,86100,1
78523,86100,1,86100,1
78523,86100,1,86100,1
78523,86100,1,86100,1
78523,86100,1,86100,1
78523,86100,1,86100,1
78523,86100,1,86100,1
78523,86100,1,86100,1
78523,86100,1,86100,1
78523,86100,1,86100,1
78523,86100,1,86100,1
78523,86100,1,86100,1
78523,86100,1,86100,1
78523,86100,1,86100,1
78523,86100,1,86100,1
78523,86100,1,86100,1
78523,86100,1,86100,1
78523,86100,1,86100,1
78523,86100,1,86100,1
78523,86100,1,86100,1
78523,86100,1,86100,1
78523,86100,1,86100,1
78523,86100,1,86100,1
78523,86100,1,86100,1
78523,86100,1,85674,1
78523,85674,1,85674,1
78523,85674,1,85674,1
78523,85674,1,85674,1
78523,85674,1,85674,1
78523,85674,1,85674,1
78523,85674,1,85674,1
78523,85674,1,85674,1
78523,85674,1,85674,1
78523,85674,1,85674,1
78523,85674,1,85674,1
78523,85674,1,85674,1
78523,85674,1,85674,1
78523,85674,1,85674,1
78523,85674,1,85674,1
78523,85674,1,85674,1
78523,85674,1,85674,1
78523,85674,1,85674,1
78523,85674,1,85674,1
78523,85674,1,85674,1
78523,85674,1,85674,1
78523,85674,1,85674,1
78523,85674,1,85674,1
78523,85674,1,85674,1
78523,85674,1,85674,1
78523,85674,1,85674,1
78523,85674,1,85674,1
78523,85674,1,85674,1
78523,85674,1,85674,1
78523,85674,1,85674,1
78523,85674,1,85674,1
78523,85674,1,85674,1
78523,85674,1,85674,1
78523,85674,1,85674,1
78523,85674,1,85674,1
78523,85674,1,85674,1
78523,85674,1,85674,1
78523,85674,1,85674,1
78523,85674,1,85674,1
78523,85674,1,85674,1
78523,85674,1,85674,1
78523,85674,1,85674,1
78523,85674,1,85674,1
78523,85674,1,85674,1
78523,85674,1,85674,1
78523,85674,1,85674,1
78523,85674,1,85677,1
78523,85677,1,85677,1
78523,85677,1,85677,1
78523,85677,1,85677,1
78523,85677,1,85677,1
78523,85677,1,85677,1
78523,85677,1,85677,1
78523,85677,1,85677,1
78523,85677,1,85677,1
78523,85677,1,85677,1
78523,85677,1,85677,1
78523,85677,1,85677,1
78523,85677,1,85677,1
78523,85677,1,85677,1
78523,85677,1,85677,1
78523,85677,1,85677,1
78523,85677,1,85677,1
78523,85677,1,85677,1
78523,85677,1,85677,1
78523,85677,1,85677,1
78523,85677,1,85677,1
78523,85677,1,85677,1
78523,85677,1,85677,1
78523,85677,1,85677,1
78523,85677,1,85677,1
78523,85677,1,85677,1
78523,85677,1,85677,1
78523,85677,1,85677,1
78523,85677,1,85677,1
78523,85677,1,85677,1
78523,85677,1,85677,1
78523,85677,1,85677,1
78523,85677,1,85677,1
78523,85677,1,85677,1
78523,85677,1,85677,1
78523,85677,1,85677,1
78523,85677,1,85677,1
78523,85677,1,85677,1
78523,85677,1,85677,1
78523,85677,1,85677,1
78523,85677,1,85677,1
78523,85677,1,85677,1
78523,85677,1,85677,1
78523,85677,1,85677,1
78523,85677,1,85677,1
78523,85677,1,85677,1
78523,85677,1,84625,0
78523,84625,0,84625,0
78523,84625,0,84625,0
78523,84625,0,84625,0
78523,84625,0,84625,0
78523,84625,0,84625,0
78523,84625,0,84625,0
78523,84625,0,84625,0
78523,84625,0,84625,0
78523,84625,0,84625,0
78523,84625,0,84625,0
78523,84625,0,84625,0
78523,84625,0,84625,0
78523,84625,0,84625,0
78523,84625,0,84625,0
78523,84625,0,84625,0
78523,84625,0,84625,0
78523,84625,0,84625,0
78523,84625,0,84625,0
78523,84625,0,84625,0
78523,84625,0,84625,0
78523,84625,0,84625,0
78523,84625,0,84625,0
78523,84625,0,84625,0
78523,84625,0,84625,0
78523,84625,0,84625,0
78523,84625,0,84625,0
78523,84625,0,84625,0
78523,84625,0,84625,0
78523,84625,0,84625,0
78523,84625,0,84625,0
78523,84625,0,84625,0
78523,84625,0,84625,0
78523,84625,0,84625,0
78523,84625,0,84625,0
78523,84625,0,84625,0
78523,84625,0,84625,0
78523,84625,0,84625,0
78523,84625,0,84625,0
78523,84625,0,84625,0
78523,84625,0,84625,0
78523,84625,0,84625,0
78523,84625,0,84625,0
78523,84625,0,85107,1
78523,85107,1,85107,1
78523,85107,1,85107,1
78523,85107,1,85107,1
78523,85107,1,85107,1
78523,85107,1,85107,1
78523,85107,1,85107,1
78523,85107,1,85107,1
78523,85107,1,85107,1
78523,85107,1,85107,1
78523,85107,1,85107,1
78523,85107,1,85107,1
78523,85107,1,85107,1
78523,85107,1,85107,1
78523,85107,1,85107,1
78523,85107,1,85107,1
78523,85107,1,85107,1
78523,85107,1,85107,1
78523,85107,1,85107,1
78523,85107,1,85107,1
78523,85107,1,85107,1
78523,85107,1,85107,1
78523,85107,1,85107,1
78523,85107,1,85107,1
78523,85107,1,85107,1
78523,85107,1,85107,1
78523,85107,1,85107,1
78523,85107,1,85107,1
78523,85107,1,85107,1
78523,85107,1,85107,1
78523,85107,1,85107,1
78523,85107,1,85107,1
78523,85107,1,85107,1
78523,85107,1,85107,1
78523,85107,1,85107,1
78523,85107,1,85107,1
78523,85107,1,85107,1
78523,85107,1,85107,1
78523,85107,1,85107,1
78523,85107,1,85107,1
78523,85107,1,85107,1
78523,85107,1,85107,1
78523,85107,1,85107,1
78523,85107,1,85101,1
78523,85101,1,85101,1
78523,85101,1,85101,1
78523,85101,1,85101,1
78523,85101,1,85101,1
78523,85101,1,85101,1
78523,85101,1,85101,1
78523,85101,1,85101,1
78523,85101,1,85101,1
78523,85101,1,85101,1
78523,85101,1,85101,1
78523,85101,1,85101,1
78523,85101,1,85101,1
78523,85101,1,85101,1
78523,85101,1,85101,1
78523,85101,1,85101,1
78523,85101,1,85101,1
78523,85101,1,85101,1
78523,85101,1,85101,1
78523,85101,1,85101,1
78523,85101,1,85101,1
78523,85101,1,85101,1
78523,85101,1,85101,1
78523,85101,1,85101,1
78523,85101,1,85101,1
78523,85101,1,85101,1
78523,85101,1,85101,1
78523,85101,1,85101,1
78523,85101,1,85101,1
78523,85101,1,85101,1
78523,85101,1,85101,1
78523,85101,1,85101,1
78523,85101,1,85101,1
78523,85101,1,85101,1
78523,85101,1,85101,1
78523,85101,1,85101,1
78523,85101,1,85101,1
78523,85101,1,85101,1
78523,85101,1,85101,1
78523,85101,1,85101,1
78523,85101,1,85101,1
78523,85101,1,85101,1
78523,85101,1,85101,1
78523,85101,1,85096,1
78523,85096,1,85096,1
78523,85096,1,85096,1
78523,85096,1,85096,1
78523,85096,1,85096,1
78523,85096,1,85096,1
78523,85096,1,85096,1
78523,85096,1,85096,1
78523,85096,1,85096,1
78523,85096,1,85096,1
78523,85096,1,85096,1
78523,85096,1,85096,1
78523,85096,1,85096,1
78523,85096,1,85096,1
78523,85096,1,85096,1
78523,85096,1,85096,1
78523,85096,1,85096,1
78523,85096,1,85096,1
78523,85096,1,85096,1
78523,85096,1,85096,1
78523,85096,1,85096,1
78523,85096,1,85096,1
78523,85096,1,85096,1
78523,85096,1,85096,1
78523,85096,1,85096,1
78523,85096,1,85096,1
78523,85096,1,85096,1
78523,85096,1,85096,1
78523,85096,1,85096,1
78523,85096,1,85096,1
78523,85096,1,85096,1
78523,85096,1,85096,1
78523,85096,1,85096,1
78523,85096,1,85096,1
78523,85096,1,85096,1
78523,85096,1,85096,1
78523,85096,1,85096,1
78523,85096,1,85096,1
78523,85096,1,85096,1
78523,85096,1,85096,1
78523,85096,1,85096,1
78523,85096,1,85096,1
78523,85096,1,85096,1
78523,85096,1,89292,1
78523,89292,1,89292,1
78523,89292,1,89292,1
78523,89292,1,89292,1
78523,89292,1,89292,1
78523,89292,1,89292,1
78523,89292,1,89292,1
78523,89292,1,89292,1
78523,89292,1,89292,1
78523,89292,1,89292,1
78523,89292,1,89292,1
78523,89292,1,89292,1
78523,89292,1,89292,1
78523,89292,1,89292,1
78523,89292,1,89292,1
78523,89292,1,89292,1
78523,89292,1,89292,1
78523,89292,1,89292,1
78523,89292,1,89292,1
78523,89292,1,89292,1
78523,89292,1,89292,1
78523,89292,1,89292,1
78523,89292,1,89292,1
78523,89292,1,89292,1
78523,89292,1,89292,1
78523,89292,1,89292,1
78523,89292,1,89292,1
78523,89292,1,89292,1
78523,89292,1,89292,1
78523,89292,1,89292,1
78523,89292,1,89292,1
78523,89292,1,89292,1
78523,89292,1,89292,1
78523,89292,1,89292,1
78523,89292,1,89292,1
78523,89292,1,89292,1
78523,89292,1,89292,1
78523,89292,1,89292,1
78523,89292,1,89292,1
78523,89292,1,89292,1
78523,89292,1,89292,1
78523,89292,1,89292,1
78523,89292,1,89292,1
78523,89292,1,89292,1
78523,89292,1,89292,1
78523,89292,1,89292,1
78523,89292,1,89292,1
78523,89292,1,89292,1
78523,89292,1,89292,1
78523,89292,1,89292,1
78523,89292,1,89292,1
78523,89292,1,89292,1
78523,89292,1,89292,1
78523,89292,1,89292,1
78523,89292,1,89292,1
78523,89292,1,89292,1
78523,89292,1,89292,1
78523,89292,1,89292,1
78523,89292,1,89292,1
78523,89292,1,89292,1
78523,89292,1,89292,1
78523,89292,1,89292,1
78523,89292,1,89292,1
78523,89292,1,89292,1
78523,89292,1,89292,1
78523,89292,1,89292,1
78523,89292,1,89292,1
78523,89292,1,89292,1
78523,89292,1,89292,1
78523,89292,1,89292,1
78523,89292,1,89292,1
78523,89292,1,89292,1
78523,89292,1,89292,1
78523,89292,1,89292,1
78523,89292,1,89292,1
78523,89292,1,89292,1
78523,89292,1,89292,1
78523,89292,1,89292,1
78523,89292,1,89292,1
78523,89292,1,89292,1
78523,89292,1,89292,1
78523,89292,1,89292,1
78523,89292,1,89292,1
78523,89292,1,89292,1
78523,89292,1,89292,1
78523,89292,1,89292,1
78523,89292,1,89292,1
78523,89292,1,89292,1
78523,89292,1,89292,1
78523,89292,1,89292,1
78523,89292,1,89292,1
78523,89292,1,89292,1
78523,89292,1,89292,1
78523,89292,1,89292,1
78523,89292,1,89292,1
78523,89292,1,89292,1
78523,89292,1,89292,1
78523,89292,1,89293,1
78523,89293,1,89293,1
78523,89293,1,89293,1
78523,89293,1,89293,1
78523,89293,1,89293,1
78523,89293,1,89293,1
78523,89293,1,89293,1
78523,89293,1,89293,1
78523,89293,1,89293,1
78523,89293,1,89293,1
78523,89293,1,89293,1
78523,89293,1,89293,1
78523,89293,1,89293,1
78523,89293,1,89293,1
78523,89293,1,89293,1
78523,89293,1,89293,1
78523,89293,1,89293,1
78523,89293,1,89293,1
78523,89293,1,89293,1
78523,89293,1,89293,1
78523,89293,1,89293,1
78523,89293,1,89293,1
78523,89293,1,89293,1
78523,89293,1,89293,1
78523,89293,1,89293,1
78523,89293,1,89293,1
78523,89293,1,89293,1
78523,89293,1,89293,1
78523,89293,1,89293,1
78523,89293,1,89293,1
78523,89293,1,89293,1
78523,89293,1,89293,1
78523,89293,1,89293,1
78523,89293,1,89293,1
78523,89293,1,89293,1
78523,89293,1,89293,1
78523,89293,1,89293,1
78523,89293,1,89293,1
78523,89293,1,89293,1
78523,89293,1,89293,1
78523,89293,1,89293,1
78523,89293,1,89293,1
78523,89293,1,89293,1
78523,89293,1,89293,1
78523,89293,1,89293,1
78523,89293,1,89293,1
78523,89293,1,89293,1
78523,89293,1,89293,1
78523,89293,1,89293,1
78523,89293,1,89293,1
78523,89293,1,89293,1
78523,89293,1,89293,1
78523,89293,1,89293,1
78523,89293,1,89293,1
78523,89293,1,89293,1
78523,89293,1,89293,1
78523,89293,1,89293,1
78523,89293,1,89293,1
78523,89293,1,89293,1
78523,89293,1,89293,1
78523,89293,1,89293,1
78523,89293,1,89293,1
78523,89293,1,89293,1
78523,89293,1,89293,1
78523,89293,1,89293,1
78523,89293,1,89293,1
78523,89293,1,89293,1
78523,89293,1,89293,1
78523,89293,1,89293,1
78523,89293,1,89293,1
78523,89293,1,89293,1
78523,89293,1,89293,1
78523,89293,1,89293,1
78523,89293,1,89293,1
78523,89293,1,89293,1
78523,89293,1,89293,1
78523,89293,1,89293,1
78523,89293,1,89293,1
78523,89293,1,89293,1
78523,89293,1,89293,1
78523,89293,1,89293,1
78523,89293,1,89293,1
78523,89293,1,89293,1
78523,89293,1,89293,1
78523,89293,1,89293,1
78523,89293,1,89293,1
78523,89293,1,89293,1
78523,89293,1,89293,1
78523,89293,1,89293,1
78523,89293,1,89293,1
78523,89293,1,89293,1
78523,89293,1,89293,1
78523,89293,1,89293,1
78523,89293,1,89293,1
78523,89293,1,89293,1
78523,89293,1,89293,1
78523,89293,1,89293,1
78523,89293,1,89293,1
78523,89293,1,89293,1
78523,89293,1,89293,1
78523,89293,1,89293,1
78523,89293,1,89293,1
78523,89293,1,89293,1
78523,89293,1,89293,1
78523,89293,1,89293,1
78523,89293,1,89293,1
78523,89293,1,89293,1
78523,89293,1,89293,1
78523,89293,1,89293,1
78523,89293,1,89293,1
78523,89293,1,89293,1
78523,89293,1,89293,1
78523,89293,1,89293,1
78523,89293,1,89293,1
78523,89293,1,89293,1
78523,89293,1,89293,1
78523,89293,1,89293,1
78523,89293,1,89293,1
78523,89293,1,89293,1
78523,89293,1,89293,1
78523,89293,1,89293,1
78523,89293,1,89293,1
78523,89293,1,89293,1
78523,89293,1,89293,1
78523,89293,1,89293,1
78523,89293,1,89293,1
78523,89293,1,89293,1
78523,89293,1,89293,1
78523,89293,1,89293,1
78523,89293,1,89293,1
78523,89293,1,89293,1
78523,89293,1,89293,1
78523,89293,1,89293,1
78523,89293,1,89293,1
78523,89293,1,89293,1
78523,89293,1,89293,1
78523,89293,1,89293,1
78523,89293,1,89293,1
78523,89293,1,89293,1
78523,89293,1,89293,1
78523,89293,1,89293,1
78523,89293,1,89293,1
78523,89293,1,89293,1
78523,89293,1,89293,1
78523,89293,1,89266,1
78523,89266,1,89266,1
78523,89266,1,89266,1
78523,89266,1,89266,1
78523,89266,1,89266,1
78523,89266,1,89266,1
78523,89266,1,89266,1
78523,89266,1,89266,1
78523,89266,1,89266,1
78523,89266,1,89266,1
78523,89266,1,89266,1
78523,89266,1,89266,1
78523,89266,1,89266,1
78523,89266,1,89266,1
78523,89266,1,89266,1
78523,89266,1,89266,1
78523,89266,1,89266,1
78523,89266,1,89266,1
78523,89266,1,89266,1
78523,89266,1,89266,1
78523,89266,1,89266,1
78523,89266,1,89266,1
78523,89266,1,89266,1
78523,89266,1,89266,1
78523,89266,1,89266,1
78523,89266,1,89266,1
78523,89266,1,89266,1
78523,89266,1,89266,1
78523,89266,1,89266,1
78523,89266,1,89266,1
78523,89266,1,89266,1
78523,89266,1,89266,1
78523,89266,1,89266,1
78523,89266,1,89266,1
78523,89266,1,89266,1
78523,89266,1,89266,1
78523,89266,1,89266,1
78523,89266,1,89266,1
78523,89266,1,89266,1
78523,89266,1,89266,1
78523,89266,1,89266,1
78523,89266,1,89266,1
78523,89266,1,89266,1
78523,89266,1,89266,1
78523,89266,1,89266,1
78523,89266,1,89266,1
78523,89266,1,89266,1
78523,89266,1,89266,1
78523,89266,1,89266,1
78523,89266,1,89266,1
78523,89266,1,89266,1
78523,89266,1,89266,1
78523,89266,1,89266,1
78523,89266,1,89266,1
78523,89266,1,89266,1
78523,89266,1,89266,1
78523,89266,1,89266,1
78523,89266,1,89266,1
78523,89266,1,89266,1
78523,89266,1,89266,1
78523,89266,1,89266,1
78523,89266,1,89266,1
78523,89266,1,89266,1
78523,89266,1,89266,1
78523,89266,1,89266,1
78523,89266,1,89266,1
78523,89266,1,89266,1
78523,89266,1,89266,1
78523,89266,1,89266,1
78523,89266,1,89266,1
78523,89266,1,89266,1
78523,89266,1,89266,1
78523,89266,1,89266,1
78523,89266,1,89266,1
78523,89266,1,89266,1
78523,89266,1,89266,1
78523,89266,1,89266,1
78523,89266,1,89266,1
78523,89266,1,89266,1
78523,89266,1,89266,1
78523,89266,1,89266,1
78523,89266,1,89266,1
78523,89266,1,89266,1
78523,89266,1,89266,1
78523,89266,1,89266,1
78523,89266,1,89266,1
78523,89266,1,89266,1
78523,89266,1,89266,1
78523,89266,1,89266,1
78523,89266,1,89266,1
78523,89266,1,89266,1
78523,89266,1,89266,1
78523,89266,1,89266,1
78523,89266,1,89266,1
78523,89266,1,89266,1
78523,89266,1,89266,1
78523,89266,1,89266,1
78523,89266,1,89240,1
78523,89240,1,89240,1
78523,89240,1,89240,1
78523,89240,1,89240,1
78523,89240,1,89240,1
78523,89240,1,89240,1
78523,89240,1,89240,1
78523,89240,1,89240,1
78523,89240,1,89240,1
78523,89240,1,89240,1
78523,89240,1,89240,1
78523,89240,1,89240,1
78523,89240,1,89240,1
78523,89240,1,89240,1
78523,89240,1,89240,1
78523,89240,1,89240,1
78523,89240,1,89240,1
78523,89240,1,89240,1
78523,89240,1,89240,1
78523,89240,1,89240,1
78523,89240,1,89240,1
78523,89240,1,89240,1
78523,89240,1,89240,1
78523,89240,1,89240,1
78523,89240,1,89240,1
78523,89240,1,89240,1
78523,89240,1,89240,1
78523,89240,1,89240,1
78523,89240,1,89240,1
78523,89240,1,89240,1
78523,89240,1,89240,1
78523,89240,1,89240,1
78523,89240,1,89240,1
78523,89240,1,89240,1
78523,89240,1,89240,1
78523,89240,1,89240,1
78523,89240,1,89240,1
78523,89240,1,89240,1
78523,89240,1,89240,1
78523,89240,1,89240,1
78523,89240,1,89240,1
78523,89240,1,89240,1
78523,89240,1,89240,1
78523,89240,1,89240,1
78523,89240,1,89240,1
78523,89240,1,89240,1
78523,89240,1,89240,1
78523,89240,1,89240,1
78523,89240,1,89240,1
78523,89240,1,89240,1
78523,89240,1,89240,1
78523,89240,1,89240,1
78523,89240,1,89240,1
78523,89240,1,89240,1
78523,89240,1,89240,1
78523,89240,1,89240,1
78523,89240,1,89240,1
78523,89240,1,89240,1
78523,89240,1,89240,1
78523,89240,1,89240,1
78523,89240,1,89240,1
78523,89240,1,89240,1
78523,89240,1,89240,1
78523,89240,1,89240,1
78523,89240,1,89240,1
78523,89240,1,89240,1
78523,89240,1,89240,1
78523,89240,1,89240,1
78523,89240,1,89240,1
78523,89240,1,89240,1
78523,89240,1,89240,1
78523,89240,1,89240,1
78523,89240,1,89240,1
78523,89240,1,89240,1
78523,89240,1,89240,1
78523,89240,1,89240,1
78523,89240,1,89240,1
78523,89240,1,89240,1
78523,89240,1,89240,1
78523,89240,1,89240,1
78523,89240,1,89240,1
78523,89240,1,89240,1
78523,89240,1,89240,1
78523,89240,1,89240,1
78523,89240,1,89240,1
78523,89240,1,89240,1
78523,89240,1,89240,1
78523,89240,1,89240,1
78523,89240,1,89240,1
78523,89240,1,89240,1
78523,89240,1,89240,1
78523,89240,1,89240,1
78523,89240,1,89240,1
78523,89240,1,89240,1
78523,89240,1,89240,1
78523,89240,1,89240,1
78523,89240,1,89240,1
78523,89240,1,89264,1
78523,89264,1,89264,1
78523,89264,1,89264,1
78523,89264,1,89264,1
78523,89264,1,89264,1
78523,89264,1,89264,1
78523,89264,1,89264,1
78523,89264,1,89264,1
78523,89264,1,89264,1
78523,89264,1,89264,1
78523,89264,1,89264,1
78523,89264,1,89264,1
78523,89264,1,89264,1
78523,89264,1,89264,1
78523,89264,1,89264,1
78523,89264,1,89264,1
78523,89264,1,89264,1
78523,89264,1,89264,1
78523,89264,1,89264,1
78523,89264,1,89264,1
78523,89264,1,89264,1
78523,89264,1,89264,1
78523,89264,1,89264,1
78523,89264,1,89264,1
78523,89264,1,89264,1
78523,89264,1,89264,1
78523,89264,1,89264,1
78523,89264,1,89264,1
78523,89264,1,89264,1
78523,89264,1,89264,1
78523,89264,1,89264,1
78523,89264,1,89264,1
78523,89264,1,89264,1
78523,89264,1,89264,1
78523,89264,1,89264,1
78523,89264,1,89264,1
78523,89264,1,89264,1
78523,89264,1,89264,1
78523,89264,1,89264,1
78523,89264,1,89264,1
78523,89264,1,89264,1
78523,89264,1,89264,1
78523,89264,1,89264,1
78523,89264,1,89264,1
78523,89264,1,89264,1
78523,89264,1,89264,1
78523,89264,1,89264,1
78523,89264,1,89262,0
78523,89262,0,89262,0
78523,89262,0,89262,0
78523,89262,0,89262,0
78523,89262,0,89262,0
78523,89262,0,89262,0
78523,89262,0,89262,0
78523,89262,0,89262,0
78523,89262,0,89262,0
78523,89262,0,89262,0
78523,89262,0,89262,0
78523,89262,0,89262,0
78523,89262,0,89262,0
78523,89262,0,89262,0
78523,89262,0,89262,0
78523,89262,0,89262,0
78523,89262,0,89262,0
78523,89262,0,89262,0
78523,89262,0,89262,0
78523,89262,0,89262,0
78523,89262,0,89262,0
78523,89262,0,89262,0
78523,89262,0,89262,0
78523,89262,0,89262,0
78523,89262,0,89262,0
78523,89262,0,89262,0
78523,89262,0,89262,0
78523,89262,0,89262,0
78523,89262,0,89262,0
78523,89262,0,89262,0
78523,89262,0,89262,0
78523,89262,0,89262,0
78523,89262,0,89262,0
78523,89262,0,89262,0
78523,89262,0,89262,0
78523,89262,0,89262,0
78523,89262,0,89262,0
78523,89262,0,89262,0
78523,89262,0,89262,0
78523,89262,0,89262,0
78523,89262,0,89262,0
78523,89262,0,89262,0
78523,89262,0,89262,0
78523,89262,0,89262,0
78523,89262,0,89262,0
78523,89262,0,89262,0
78523,89262,0,89262,0
78523,89262,0,89284,0
78523,89284,0,89284,0
78523,89284,0,89284,0
78523,89284,0,89284,0
78523,89284,0,89284,0
78523,89284,0,89284,0
78523,89284,0,89284,0
78523,89284,0,89284,0
78523,89284,0,89284,0
78523,89284,0,89284,0
78523,89284,0,89284,0
78523,89284,0,89284,0
78523,89284,0,89284,0
78523,89284,0,89284,0
78523,89284,0,89284,0
78523,89284,0,89284,0
78523,89284,0,89284,0
78523,89284,0,89284,0
78523,89284,0,89284,0
78523,89284,0,89284,0
78523,89284,0,89284,0
78523,89284,0,89284,0
78523,89284,0,89284,0
78523,89284,0,89284,0
78523,89284,0,89284,0
78523,89284,0,89284,0
78523,89284,0,89284,0
78523,89284,0,89284,0
78523,89284,0,89284,0
78523,89284,0,89284,0
78523,89284,0,89284,0
78523,89284,0,89284,0
78523,89284,0,89284,0
78523,89284,0,89284,0
78523,89284,0,89284,0
78523,89284,0,89284,0
78523,89284,0,89284,0
78523,89284,0,89284,0
78523,89284,0,89284,0
78523,89284,0,89284,0
78523,89284,0,89284,0
78523,89284,0,89284,0
78523,89284,0,89284,0
78523,89284,0,89284,0
78523,89284,0,89284,0
78523,89284,0,89284,0
78523,89284,0,89284,0
78523,89284,0,89284,0
78523,89284,0,89284,0
78523,89284,0,89284,0
78523,89284,0,89284,0
78523,89284,0,89284,0
78523,89284,0,89284,0
78523,89284,0,89284,0
78523,89284,0,89284,0
78523,89284,0,89284,0
78523,89284,0,89284,0
78523,89284,0,89284,0
78523,89284,0,89284,0
78523,89284,0,89284,0
78523,89284,0,89284,0
78523,89284,0,89284,0
78523,89284,0,89284,0
78523,89284,0,89284,0
78523,89284,0,89284,0
78523,89284,0,89284,0
78523,89284,0,89284,0
78523,89284,0,89284,0
78523,89284,0,89284,0
78523,89284,0,89284,0
78523,89284,0,89284,0
78523,89284,0,89284,0
78523,89284,0,89284,0
78523,89284,0,89284,0
78523,89284,0,89284,0
78523,89284,0,89284,0
78523,89284,0,89284,0
78523,89284,0,89284,0
78523,89284,0,89284,0
78523,89284,0,89284,0
78523,89284,0,89284,0
78523,89284,0,89284,0
78523,89284,0,89284,0
78523,89284,0,89284,0
78523,89284,0,89284,0
78523,89284,0,89284,0
78523,89284,0,89284,0
78523,89284,0,89284,0
78523,89284,0,89284,0
78523,89284,0,89284,0
78523,89284,0,89284,0
78523,89284,0,89284,0
78523,89284,0,89284,0
78523,89284,0,89284,0
78523,89284,0,89284,0
78523,89284,0,89284,0
78523,89284,0,89284,0
78523,89284,0,89285,0
78523,89285,0,89285,0
78523,89285,0,89285,0
78523,89285,0,89285,0
78523,89285,0,89285,0
78523,89285,0,89285,0
78523,89285,0,89285,0
78523,89285,0,89285,0
78523,89285,0,89285,0
78523,89285,0,89285,0
78523,89285,0,89285,0
78523,89285,0,89285,0
78523,89285,0,89285,0
78523,89285,0,89285,0
78523,89285,0,89285,0
78523,89285,0,89285,0
78523,89285,0,89285,0
78523,89285,0,89285,0
78523,89285,0,89285,0
78523,89285,0,89285,0
78523,89285,0,89285,0
78523,89285,0,89285,0
78523,89285,0,89285,0
78523,89285,0,89285,0
78523,89285,0,89285,0
78523,89285,0,89285,0
78523,89285,0,89285,0
78523,89285,0,89285,0
78523,89285,0,89285,0
78523,89285,0,89285,0
78523,89285,0,89285,0
78523,89285,0,89285,0
78523,89285,0,89285,0
78523,89285,0,89285,0
78523,89285,0,89285,0
78523,89285,0,89285,0
78523,89285,0,89285,0
78523,89285,0,89285,0
78523,89285,0,89285,0
78523,89285,0,89285,0
78523,89285,0,89285,0
78523,89285,0,89285,0
78523,89285,0,89285,0
78523,89285,0,89285,0
78523,89285,0,89285,0
78523,89285,0,89285,0
78523,89285,0,89285,0
78523,89285,0,89285,0
78523,89285,0,89285,0
78523,89285,0,89285,0
78523,89285,0,89285,0
78523,89285,0,89285,0
78523,89285,0,89285,0
78523,89285,0,89285,0
78523,89285,0,89285,0
78523,89285,0,89285,0
78523,89285,0,89285,0
78523,89285,0,89285,0
78523,89285,0,89285,0
78523,89285,0,89285,0
78523,89285,0,89285,0
78523,89285,0,89285,0
78523,89285,0,89285,0
78523,89285,0,89285,0
78523,89285,0,89285,0
78523,89285,0,89285,0
78523,89285,0,89285,0
78523,89285,0,89285,0
78523,89285,0,89285,0
78523,89285,0,89285,0
78523,89285,0,89285,0
78523,89285,0,89285,0
78523,89285,0,89285,0
78523,89285,0,89285,0
78523,89285,0,89285,0
78523,89285,0,89285,0
78523,89285,0,89285,0
78523,89285,0,89285,0
78523,89285,0,89285,0
78523,89285,0,89285,0
78523,89285,0,89285,0
78523,89285,0,89285,0
78523,89285,0,89285,0
78523,89285,0,89285,0
78523,89285,0,89285,0
78523,89285,0,89285,0
78523,89285,0,89285,0
78523,89285,0,89285,0
78523,89285,0,89285,0
78523,89285,0,89285,0
78523,89285,0,89285,0
78523,89285,0,89285,0
78523,89285,0,89285,0
78523,89285,0,89285,0
78523,89285,0,89285,0
78523,89285,0,89285,0
78523,89285,0,89285,0
78523,89285,0,91399,1
78523,91399,1,91399,1
78523,91399,1,91399,1
78523,91399,1,91399,1
78523,91399,1,91399,1
78523,91399,1,91399,1
78523,91399,1,91399,1
78523,91399,1,91399,1
78523,91399,1,91399,1
78523,91399,1,91399,1
78523,91399,1,91399,1
78523,91399,1,91399,1
78523,91399,1,91399,1
78523,91399,1,91399,1
78523,91399,1,91399,1
78523,91399,1,91399,1
78523,91399,1,91399,1
78523,91399,1,91399,1
78523,91399,1,91399,1
78523,91399,1,91399,1
78523,91399,1,91399,1
78523,91399,1,91399,1
78523,91399,1,91399,1
78523,91399,1,91399,1
78523,91399,1,91399,1
78523,91399,1,91399,1
78523,91399,1,91399,1
78523,91399,1,91399,1
78523,91399,1,91399,1
78523,91399,1,91399,1
78523,91399,1,91399,1
78523,91399,1,91399,1
78523,91399,1,91399,1
78523,91399,1,91399,1
78523,91399,1,91399,1
78523,91399,1,91399,1
78523,91399,1,91399,1
78523,91399,1,91399,1
78523,91399,1,91399,1
78523,91399,1,91399,1
78523,91399,1,91399,1
78523,91399,1,91399,1
78523,91399,1,91399,1
78523,91399,1,91399,1
78523,91399,1,91399,1
78523,91399,1,91399,1
78523,91399,1,91399,1
78523,91399,1,89286,1
78523,89286,1,89286,1
78523,89286,1,89286,1
78523,89286,1,89286,1
78523,89286,1,89286,1
78523,89286,1,89286,1
78523,89286,1,89286,1
78523,89286,1,89286,1
78523,89286,1,89286,1
78523,89286,1,89286,1
78523,89286,1,89286,1
78523,89286,1,89286,1
78523,89286,1,89286,1
78523,89286,1,89286,1
78523,89286,1,89286,1
78523,89286,1,89286,1
78523,89286,1,89286,1
78523,89286,1,89286,1
78523,89286,1,89286,1
78523,89286,1,89286,1
78523,89286,1,89286,1
78523,89286,1,89286,1
78523,89286,1,89286,1
78523,89286,1,89286,1
78523,89286,1,89286,1
78523,89286,1,89286,1
78523,89286,1,89286,1
78523,89286,1,89286,1
78523,89286,1,89286,1
78523,89286,1,89286,1
78523,89286,1,89286,1
78523,89286,1,89286,1
78523,89286,1,89286,1
78523,89286,1,89286,1
78523,89286,1,89286,1
78523,89286,1,89286,1
78523,89286,1,89286,1
78523,89286,1,89286,1
78523,89286,1,89286,1
78523,89286,1,89286,1
78523,89286,1,89286,1
78523,89286,1,89286,1
78523,89286,1,89286,1
78523,89286,1,89286,1
78523,89286,1,89286,1
78523,89286,1,89286,1
78523,89286,1,89286,1
78523,89286,1,89789,0
78523,89789,0,89789,0
78523,89789,0,89789,0
78523,89789,0,89789,0
78523,89789,0,89789,0
78523,89789,0,89789,0
78523,89789,0,89789,0
78523,89789,0,89789,0
78523,89789,0,89789,0
78523,89789,0,89789,0
78523,89789,0,89789,0
78523,89789,0,89789,0
78523,89789,0,89789,0
78523,89789,0,89789,0
78523,89789,0,89789,0
78523,89789,0,89789,0
78523,89789,0,89789,0
78523,89789,0,89789,0
78523,89789,0,89789,0
78523,89789,0,89789,0
78523,89789,0,89789,0
78523,89789,0,89789,0
78523,89789,0,89789,0
78523,89789,0,89789,0
78523,89789,0,89789,0
78523,89789,0,89789,0
78523,89789,0,89789,0
78523,89789,0,89789,0
78523,89789,0,89789,0
78523,89789,0,89789,0
78523,89789,0,89789,0
78523,89789,0,89789,0
78523,89789,0,89789,0
78523,89789,0,89789,0
78523,89789,0,89789,0
78523,89789,0,89789,0
78523,89789,0,89789,0
78523,89789,0,89789,0
78523,89789,0,89789,0
78523,89789,0,89789,0
78523,89789,0,89789,0
78523,89789,0,89789,0
78523,89789,0,89789,0
78523,89789,0,89789,0
78523,89789,0,89789,0
78523,89789,0,89789,0
78523,89789,0,89789,0
78523,89789,0,89789,0
78523,89789,0,89789,0
78523,89789,0,89789,0
78523,89789,0,89789,0
78523,89789,0,89789,0
78523,89789,0,89789,0
78523,89789,0,89789,0
78523,89789,0,89789,0
78523,89789,0,89789,0
78523,89789,0,89789,0
78523,89789,0,89789,0
78523,89789,0,89789,0
78523,89789,0,89789,0
78523,89789,0,89789,0
78523,89789,0,89789,0
78523,89789,0,89789,0
78523,89789,0,89789,0
78523,89789,0,89789,0
78523,89789,0,89789,0
78523,89789,0,89789,0
78523,89789,0,89789,0
78523,89789,0,89789,0
78523,89789,0,89789,0
78523,89789,0,89789,0
78523,89789,0,89789,0
78523,89789,0,89789,0
78523,89789,0,89789,0
78523,89789,0,89789,0
78523,89789,0,89789,0
78523,89789,0,89789,0
78523,89789,0,89789,0
78523,89789,0,89789,0
78523,89789,0,89789,0
78523,89789,0,89789,0
78523,89789,0,89789,0
78523,89789,0,89789,0
78523,89789,0,89789,0
78523,89789,0,89789,0
78523,89789,0,89789,0
78523,89789,0,89789,0
78523,89789,0,89789,0
78523,89789,0,89789,0
78523,89789,0,89789,0
78523,89789,0,89789,0
78523,89789,0,89789,0
78523,89789,0,89789,0
78523,89789,0,89786,0
78523,89786,0,89786,0
78523,89786,0,89786,0
78523,89786,0,89786,0
78523,89786,0,89786,0
78523,89786,0,89786,0
78523,89786,0,89786,0
78523,89786,0,89786,0
78523,89786,0,89786,0
78523,89786,0,89786,0
78523,89786,0,89786,0
78523,89786,0,89786,0
78523,89786,0,89786,0
78523,89786,0,89786,0
78523,89786,0,89786,0
78523,89786,0,89786,0
78523,89786,0,89786,0
78523,89786,0,89786,0
78523,89786,0,89786,0
78523,89786,0,89786,0
78523,89786,0,89786,0
78523,89786,0,89786,0
78523,89786,0,89786,0
78523,89786,0,89786,0
78523,89786,0,89786,0
78523,89786,0,89786,0
78523,89786,0,89786,0
78523,89786,0,89786,0
78523,89786,0,89786,0
78523,89786,0,89786,0
78523,89786,0,89786,0
78523,89786,0,89786,0
78523,89786,0,89786,0
78523,89786,0,89786,0
78523,89786,0,89786,0
78523,89786,0,89786,0
78523,89786,0,89786,0
78523,89786,0,89786,0
78523,89786,0,89786,0
78523,89786,0,89786,0
78523,89786,0,89786,0
78523,89786,0,89786,0
78523,89786,0,89786,0
78523,89786,0,89786,0
78523,89786,0,91643,0
78523,91643,0,91643,0
78523,91643,0,91643,0
78523,91643,0,91643,0
78523,91643,0,91643,0
78523,91643,0,91643,0
78523,91643,0,91643,0
78523,91643,0,91643,0
78523,91643,0,91643,0
78523,91643,0,91643,0
78523,91643,0,91643,0
78523,91643,0,91643,0
78523,91643,0,91643,0
78523,91643,0,91643,0
78523,91643,0,91643,0
78523,91643,0,91643,0
78523,91643,0,91643,0
78523,91643,0,91643,0
78523,91643,0,91643,0
78523,91643,0,91643,0
78523,91643,0,91643,0
78523,91643,0,91643,0
78523,91643,0,91643,0
78523,91643,0,91643,0
78523,91643,0,91643,0
78523,91643,0,91643,0
78523,91643,0,91643,0
78523,91643,0,91643,0
78523,91643,0,91643,0
78523,91643,0,91643,0
78523,91643,0,91643,0
78523,91643,0,91643,0
78523,91643,0,91643,0
78523,91643,0,91643,0
78523,91643,0,91643,0
78523,91643,0,91643,0
78523,91643,0,91643,0
78523,91643,0,91643,0
78523,91643,0,91643,0
78523,91643,0,91643,0
78523,91643,0,91643,0
78523,91643,0,91643,0
78523,91643,0,91643,0
78523,91643,0,91643,0
78523,91643,0,91643,0
78523,91643,0,91643,0
78523,91643,0,89811,1
78523,89811,1,89811,1
78523,89811,1,89811,1
78523,89811,1,89811,1
78523,89811,1,89811,1
78523,89811,1,89811,1
78523,89811,1,89811,1
78523,89811,1,89811,1
78523,89811,1,89811,1
78523,89811,1,89811,1
78523,89811,1,89811,1
78523,89811,1,89811,1
78523,89811,1,89811,1
78523,89811,1,89811,1
78523,89811,1,89811,1
78523,89811,1,89811,1
78523,89811,1,89811,1
78523,89811,1,89811,1
78523,89811,1,89811,1
78523,89811,1,89811,1
78523,89811,1,89811,1
78523,89811,1,89811,1
78523,89811,1,89811,1
78523,89811,1,89811,1
78523,89811,1,89811,1
78523,89811,1,89811,1
78523,89811,1,89811,1
78523,89811,1,89811,1
78523,89811,1,89811,1
78523,89811,1,89811,1
78523,89811,1,89811,1
78523,89811,1,89811,1
78523,89811,1,89811,1
78523,89811,1,89811,1
78523,89811,1,89811,1
78523,89811,1,89811,1
78523,89811,1,89811,1
78523,89811,1,89811,1
78523,89811,1,89811,1
78523,89811,1,89811,1
78523,89811,1,89811,1
78523,89811,1,89811,1
78523,89811,1,89811,1
78523,89811,1,89811,1
78523,89811,1,89811,1
78523,89811,1,89811,1
78523,89811,1,89811,1
78523,89811,1,89811,1
78523,89811,1,89811,1
78523,89811,1,89811,1
78523,89811,1,89811,1
78523,89811,1,89811,1
78523,89811,1,89811,1
78523,89811,1,89811,1
78523,89811,1,89811,1
78523,89811,1,89811,1
78523,89811,1,89811,1
78523,89811,1,89811,1
78523,89811,1,89811,1
78523,89811,1,89811,1
78523,89811,1,89811,1
78523,89811,1,89811,1
78523,89811,1,89811,1
78523,89811,1,89811,1
78523,89811,1,89811,1
78523,89811,1,89811,1
78523,89811,1,89811,1
78523,89811,1,89811,1
78523,89811,1,89811,1
78523,89811,1,89811,1
78523,89811,1,89811,1
78523,89811,1,89811,1
78523,89811,1,89811,1
78523,89811,1,89811,1
78523,89811,1,89811,1
78523,89811,1,89811,1
78523,89811,1,89811,1
78523,89811,1,89811,1
78523,89811,1,89811,1
78523,89811,1,89811,1
78523,89811,1,89811,1
78523,89811,1,89811,1
78523,89811,1,89811,1
78523,89811,1,89811,1
78523,89811,1,89811,1
78523,89811,1,89811,1
78523,89811,1,89811,1
78523,89811,1,89811,1
78523,89811,1,89811,1
78523,89811,1,89811,1
78523,89811,1,89811,1
78523,89811,1,89811,1
78523,89811,1,89811,1
78523,89811,1,89800,1
78523,89800,1,89800,1
78523,89800,1,89800,1
78523,89800,1,89800,1
78523,89800,1,89800,1
78523,89800,1,89800,1
78523,89800,1,89800,1
78523,89800,1,89800,1
78523,89800,1,89800,1
78523,89800,1,89800,1
78523,89800,1,89800,1
78523,89800,1,89800,1
78523,89800,1,89800,1
78523,89800,1,89800,1
78523,89800,1,89800,1
78523,89800,1,89800,1
78523,89800,1,89800,1
78523,89800,1,89800,1
78523,89800,1,89800,1
78523,89800,1,89800,1
78523,89800,1,89800,1
78523,89800,1,89800,1
78523,89800,1,89800,1
78523,89800,1,89800,1
78523,89800,1,89800,1
78523,89800,1,89800,1
78523,89800,1,89800,1
78523,89800,1,89800,1
78523,89800,1,89800,1
78523,89800,1,89800,1
78523,89800,1,89800,1
78523,89800,1,89800,1
78523,89800,1,89800,1
78523,89800,1,89800,1
78523,89800,1,89800,1
78523,89800,1,89800,1
78523,89800,1,89800,1
78523,89800,1,89800,1
78523,89800,1,89800,1
78523,89800,1,89800,1
78523,89800,1,89800,1
78523,89800,1,89800,1
78523,89800,1,89800,1
78523,89800,1,89800,1
78523,89800,1,89800,1
78523,89800,1,89800,1
78523,89800,1,89800,1
78523,89800,1,89800,1
78523,89800,1,89800,1
78523,89800,1,89800,1
78523,89800,1,89800,1
78523,89800,1,89800,1
78523,89800,1,89800,1
78523,89800,1,89800,1
78523,89800,1,89800,1
78523,89800,1,89800,1
78523,89800,1,89800,1
78523,89800,1,89800,1
78523,89800,1,89800,1
78523,89800,1,89800,1
78523,89800,1,89800,1
78523,89800,1,89800,1
78523,89800,1,89800,1
78523,89800,1,89800,1
78523,89800,1,89800,1
78523,89800,1,89800,1
78523,89800,1,89800,1
78523,89800,1,89800,1
78523,89800,1,89800,1
78523,89800,1,89800,1
78523,89800,1,89800,1
78523,89800,1,89800,1
78523,89800,1,89800,1
78523,89800,1,89800,1
78523,89800,1,89800,1
78523,89800,1,89800,1
78523,89800,1,89800,1
78523,89800,1,89800,1
78523,89800,1,89800,1
78523,89800,1,89800,1
78523,89800,1,89800,1
78523,89800,1,89800,1
78523,89800,1,89800,1
78523,89800,1,89800,1
78523,89800,1,89800,1
78523,89800,1,89800,1
78523,89800,1,89800,1
78523,89800,1,89800,1
78523,89800,1,89800,1
78523,89800,1,89800,1
78523,89800,1,89800,1
78523,89800,1,89800,1
78523,89800,1,89800,1
78523,89800,1,89793,1
78523,89793,1,89793,1
78523,89793,1,89793,1
78523,89793,1,89793,1
78523,89793,1,89793,1
78523,89793,1,89793,1
78523,89793,1,89793,1
78523,89793,1,89793,1
78523,89793,1,89793,1
78523,89793,1,89793,1
78523,89793,1,89793,1
78523,89793,1,89793,1
78523,89793,1,89793,1
78523,89793,1,89793,1
78523,89793,1,89793,1
78523,89793,1,89793,1
78523,89793,1,89793,1
78523,89793,1,89793,1
78523,89793,1,89793,1
78523,89793,1,89793,1
78523,89793,1,89793,1
78523,89793,1,89793,1
78523,89793,1,89793,1
78523,89793,1,89793,1
78523,89793,1,89793,1
78523,89793,1,89793,1
78523,89793,1,89793,1
78523,89793,1,89793,1
78523,89793,1,89793,1
78523,89793,1,89793,1
78523,89793,1,89793,1
78523,89793,1,89793,1
78523,89793,1,89793,1
78523,89793,1,89793,1
78523,89793,1,89793,1
78523,89793,1,89793,1
78523,89793,1,89793,1
78523,89793,1,89793,1
78523,89793,1,89793,1
78523,89793,1,89793,1
78523,89793,1,89793,1
78523,89793,1,89793,1
78523,89793,1,89793,1
78523,89793,1,89793,1
78523,89793,1,89793,1
78523,89793,1,89793,1
78523,89793,1,89793,1
78523,89793,1,89793,1
78523,89793,1,89793,1
78523,89793,1,89793,1
78523,89793,1,89793,1
78523,89793,1,89793,1
78523,89793,1,89793,1
78523,89793,1,89793,1
78523,89793,1,89793,1
78523,89793,1,89793,1
78523,89793,1,89793,1
78523,89793,1,89793,1
78523,89793,1,89793,1
78523,89793,1,89793,1
78523,89793,1,89793,1
78523,89793,1,89793,1
78523,89793,1,89793,1
78523,89793,1,89793,1
78523,89793,1,89793,1
78523,89793,1,89793,1
78523,89793,1,89793,1
78523,89793,1,89793,1
78523,89793,1,89793,1
78523,89793,1,89793,1
78523,89793,1,89793,1
78523,89793,1,89793,1
78523,89793,1,89793,1
78523,89793,1,89793,1
78523,89793,1,89793,1
78523,89793,1,89793,1
78523,89793,1,89793,1
78523,89793,1,89793,1
78523,89793,1,89793,1
78523,89793,1,89793,1
78523,89793,1,89793,1
78523,89793,1,89793,1
78523,89793,1,89793,1
78523,89793,1,89793,1
78523,89793,1,89793,1
78523,89793,1,89793,1
78523,89793,1,89793,1
78523,89793,1,89793,1
78523,89793,1,89793,1
78523,89793,1,89793,1
78523,89793,1,89793,1
78523,89793,1,89793,1
78523,89793,1,89793,1
78523,89793,1,89874,1
78523,89874,1,89874,1
78523,89874,1,89874,1
78523,89874,1,89874,1
78523,89874,1,89874,1
78523,89874,1,89874,1
78523,89874,1,89874,1
78523,89874,1,89874,1
78523,89874,1,89874,1
78523,89874,1,89874,1
78523,89874,1,89874,1
78523,89874,1,89874,1
78523,89874,1,89874,1
78523,89874,1,89874,1
78523,89874,1,89874,1
78523,89874,1,89874,1
78523,89874,1,89874,1
78523,89874,1,89874,1
78523,89874,1,89874,1
78523,89874,1,89874,1
78523,89874,1,89874,1
78523,89874,1,89874,1
78523,89874,1,89874,1
78523,89874,1,89874,1
78523,89874,1,89874,1
78523,89874,1,89874,1
78523,89874,1,89874,1
78523,89874,1,89874,1
78523,89874,1,89874,1
78523,89874,1,89874,1
78523,89874,1,89874,1
78523,89874,1,89874,1
78523,89874,1,89874,1
78523,89874,1,89874,1
78523,89874,1,89874,1
78523,89874,1,89874,1
78523,89874,1,89874,1
78523,89874,1,89874,1
78523,89874,1,89874,1
78523,89874,1,89874,1
78523,89874,1,89874,1
78523,89874,1,89874,1
78523,89874,1,89874,1
78523,89874,1,89874,1
78523,89874,1,89838,0
78523,89838,0,89838,0
78523,89838,0,89838,0
78523,89838,0,89838,0
78523,89838,0,89838,0
78523,89838,0,89838,0
78523,89838,0,89838,0
78523,89838,0,89838,0
78523,89838,0,89838,0
78523,89838,0,89838,0
78523,89838,0,89838,0
78523,89838,0,89838,0
78523,89838,0,89838,0
78523,89838,0,89838,0
78523,89838,0,89838,0
78523,89838,0,89838,0
78523,89838,0,89838,0
78523,89838,0,89838,0
78523,89838,0,89838,0
78523,89838,0,89838,0
78523,89838,0,89838,0
78523,89838,0,89838,0
78523,89838,0,89838,0
78523,89838,0,89838,0
78523,89838,0,89838,0
78523,89838,0,89838,0
78523,89838,0,89838,0
78523,89838,0,89838,0
78523,89838,0,89838,0
78523,89838,0,89838,0
78523,89838,0,89838,0
78523,89838,0,89838,0
78523,89838,0,89838,0
78523,89838,0,89838,0
78523,89838,0,89838,0
78523,89838,0,89838,0
78523,89838,0,89838,0
78523,89838,0,89838,0
78523,89838,0,89838,0
78523,89838,0,89838,0
78523,89838,0,89838,0
78523,89838,0,89838,0
78523,89838,0,89838,0
78523,89838,0,89838,0
78523,89838,0,89806,1
78523,89806,1,89806,1
78523,89806,1,89806,1
78523,89806,1,89806,1
78523,89806,1,89806,1
78523,89806,1,89806,1
78523,89806,1,89806,1
78523,89806,1,89806,1
78523,89806,1,89806,1
78523,89806,1,89806,1
78523,89806,1,89806,1
78523,89806,1,89806,1
78523,89806,1,89806,1
78523,89806,1,89806,1
78523,89806,1,89806,1
78523,89806,1,89806,1
78523,89806,1,89806,1
78523,89806,1,89806,1
78523,89806,1,89806,1
78523,89806,1,89806,1
78523,89806,1,89806,1
78523,89806,1,89806,1
78523,89806,1,89806,1
78523,89806,1,89806,1
78523,89806,1,89806,1
78523,89806,1,89806,1
78523,89806,1,89806,1
78523,89806,1,89806,1
78523,89806,1,89806,1
78523,89806,1,89806,1
78523,89806,1,89806,1
78523,89806,1,89806,1
78523,89806,1,89806,1
78523,89806,1,89806,1
78523,89806,1,89806,1
78523,89806,1,89806,1
78523,89806,1,89806,1
78523,89806,1,89806,1
78523,89806,1,89806,1
78523,89806,1,89806,1
78523,89806,1,89806,1
78523,89806,1,89806,1
78523,89806,1,89806,1
78523,89806,1,89806,1
78523,89806,1,89793,1
78523,89793,1,89793,1
78523,89793,1,89793,1
78523,89793,1,89793,1
78523,89793,1,89793,1
78523,89793,1,89793,1
78523,89793,1,89793,1
78523,89793,1,89793,1
78523,89793,1,89793,1
78523,89793,1,89793,1
78523,89793,1,89793,1
78523,89793,1,89793,1
78523,89793,1,89793,1
78523,89793,1,89793,1
78523,89793,1,89793,1
78523,89793,1,89793,1
78523,89793,1,89793,1
78523,89793,1,89793,1
78523,89793,1,89793,1
78523,89793,1,89793,1
78523,89793,1,89793,1
78523,89793,1,89793,1
78523,89793,1,89793,1
78523,89793,1,89793,1
78523,89793,1,89793,1
78523,89793,1,89793,1
78523,89793,1,89793,1
78523,89793,1,89793,1
78523,89793,1,89793,1
78523,89793,1,89793,1
78523,89793,1,89793,1
78523,89793,1,89793,1
78523,89793,1,89793,1
78523,89793,1,89793,1
78523,89793,1,89793,1
78523,89793,1,89793,1
78523,89793,1,89793,1
78523,89793,1,89793,1
78523,89793,1,89793,1
78523,89793,1,89793,1
78523,89793,1,89793,1
78523,89793,1,89793,1
78523,89793,1,89793,1
78523,89793,1,89793,1
78523,89793,1,89838,0
78523,89838,0,89838,0
78523,89838,0,89838,0
78523,89838,0,89838,0
78523,89838,0,89838,0
78523,89838,0,89838,0
78523,89838,0,89838,0
78523,89838,0,89838,0
78523,89838,0,89838,0
78523,89838,0,89838,0
78523,89838,0,89838,0
78523,89838,0,89838,0
78523,89838,0,89838,0
78523,89838,0,89838,0
78523,89838,0,89838,0
78523,89838,0,89838,0
78523,89838,0,89838,0
78523,89838,0,89838,0
78523,89838,0,89838,0
78523,89838,0,89838,0
78523,89838,0,89838,0
78523,89838,0,89838,0
78523,89838,0,89838,0
78523,89838,0,89838,0
78523,89838,0,89838,0
78523,89838,0,89838,0
78523,89838,0,89838,0
78523,89838,0,89838,0
78523,89838,0,89838,0
78523,89838,0,89838,0
78523,89838,0,89838,0
78523,89838,0,89838,0
78523,89838,0,89838,0
78523,89838,0,89838,0
78523,89838,0,89838,0
78523,89838,0,89838,0
78523,89838,0,89838,0
78523,89838,0,89838,0
78523,89838,0,89838,0
78523,89838,0,89838,0
78523,89838,0,89838,0
78523,89838,0,89838,0
78523,89838,0,89838,0
78523,89838,0,89838,0
78523,89838,0,89838,0
78523,89838,0,89838,0
78523,89838,0,89795,1
78523,89795,1,89795,1
78523,89795,1,89795,1
78523,89795,1,89795,1
78523,89795,1,89795,1
78523,89795,1,89795,1
78523,89795,1,89795,1
78523,89795,1,89795,1
78523,89795,1,89795,1
78523,89795,1,89795,1
78523,89795,1,89795,1
78523,89795,1,89795,1
78523,89795,1,89795,1
78523,89795,1,89795,1
78523,89795,1,89795,1
78523,89795,1,89795,1
78523,89795,1,89795,1
78523,89795,1,89795,1
78523,89795,1,89795,1
78523,89795,1,89795,1
78523,89795,1,89795,1
78523,89795,1,89795,1
78523,89795,1,89795,1
78523,89795,1,89795,1
78523,89795,1,89795,1
78523,89795,1,89795,1
78523,89795,1,89795,1
78523,89795,1,89795,1
78523,89795,1,89795,1
78523,89795,1,89795,1
78523,89795,1,89795,1
78523,89795,1,89795,1
78523,89795,1,89795,1
78523,89795,1,89795,1
78523,89795,1,89795,1
78523,89795,1,89795,1
78523,89795,1,89795,1
78523,89795,1,89795,1
78523,89795,1,89795,1
78523,89795,1,89795,1
78523,89795,1,89795,1
78523,89795,1,89795,1
78523,89795,1,89795,1
78523,89795,1,89795,1
78523,89795,1,89795,1
78523,89795,1,89795,1
78523,89795,1,89806,1
78523,89806,1,89806,1
78523,89806,1,89806,1
78523,89806,1,89806,1
78523,89806,1,89806,1
78523,89806,1,89806,1
78523,89806,1,89806,1
78523,89806,1,89806,1
78523,89806,1,89806,1
78523,89806,1,89806,1
78523,89806,1,89806,1
78523,89806,1,89806,1
78523,89806,1,89806,1
78523,89806,1,89806,1
78523,89806,1,89806,1
78523,89806,1,89806,1
78523,89806,1,89806,1
78523,89806,1,89806,1
78523,89806,1,89806,1
78523,89806,1,89806,1
78523,89806,1,89806,1
78523,89806,1,89806,1
78523,89806,1,89806,1
78523,89806,1,89806,1
78523,89806,1,89806,1
78523,89806,1,89806,1
78523,89806,1,89806,1
78523,89806,1,89806,1
78523,89806,1,89806,1
78523,89806,1,89806,1
78523,89806,1,89806,1
78523,89806,1,89806,1
78523,89806,1,89806,1
78523,89806,1,89806,1
78523,89806,1,89806,1
78523,89806,1,89806,1
78523,89806,1,89806,1
78523,89806,1,89806,1
78523,89806,1,89806,1
78523,89806,1,89806,1
78523,89806,1,89806,1
78523,89806,1,89806,1
78523,89806,1,89806,1
78523,89806,1,89806,1
78523,89806,1,89806,1
78523,89806,1,89806,1
78523,89806,1,89801,1
78523,89801,1,89801,1
78523,89801,1,89801,1
78523,89801,1,89801,1
78523,89801,1,89801,1
78523,89801,1,89801,1
78523,89801,1,89801,1
78523,89801,1,89801,1
78523,89801,1,89801,1
78523,89801,1,89801,1
78523,89801,1,89801,1
78523,89801,1,89801,1
78523,89801,1,89801,1
78523,89801,1,89801,1
78523,89801,1,89801,1
78523,89801,1,89801,1
78523,89801,1,89801,1
78523,89801,1,89801,1
78523,89801,1,89801,1
78523,89801,1,89801,1
78523,89801,1,89801,1
78523,89801,1,89801,1
78523,89801,1,89801,1
78523,89801,1,89801,1
78523,89801,1,89801,1
78523,89801,1,89801,1
78523,89801,1,89801,1
78523,89801,1,89801,1
78523,89801,1,89801,1
78523,89801,1,89801,1
78523,89801,1,89801,1
78523,89801,1,89801,1
78523,89801,1,89801,1
78523,89801,1,89801,1
78523,89801,1,89801,1
78523,89801,1,89801,1
78523,89801,1,89801,1
78523,89801,1,89801,1
78523,89801,1,89801,1
78523,89801,1,89801,1
78523,89801,1,89801,1
78523,89801,1,89801,1
78523,89801,1,89801,1
78523,89801,1,89801,1
78523,89801,1,89801,1
78523,89801,1,89801,1
78523,89801,1,89803,1
78523,89803,1,89803,1
78523,89803,1,89803,1
78523,89803,1,89803,1
78523,89803,1,89803,1
78523,89803,1,89803,1
78523,89803,1,89803,1
78523,89803,1,89803,1
78523,89803,1,89803,1
78523,89803,1,89803,1
78523,89803,1,89803,1
78523,89803,1,89803,1
78523,89803,1,89803,1
78523,89803,1,89803,1
78523,89803,1,89803,1
78523,89803,1,89803,1
78523,89803,1,89803,1
78523,89803,1,89803,1
78523,89803,1,89803,1
78523,89803,1,89803,1
78523,89803,1,89803,1
78523,89803,1,89803,1
78523,89803,1,89803,1
78523,89803,1,89803,1
78523,89803,1,89803,1
78523,89803,1,89803,1
78523,89803,1,89803,1
78523,89803,1,89803,1
78523,89803,1,89803,1
78523,89803,1,89803,1
78523,89803,1,89803,1
78523,89803,1,89803,1
78523,89803,1,89803,1
78523,89803,1,89803,1
78523,89803,1,89803,1
78523,89803,1,89803,1
78523,89803,1,89803,1
78523,89803,1,89803,1
78523,89803,1,89803,1
78523,89803,1,89803,1
78523,89803,1,89803,1
78523,89803,1,89803,1
78523,89803,1,89803,1
78523,89803,1,89803,1
78523,89803,1,89803,1
78523,89803,1,89803,1
78523,89803,1,89832,1
78523,89832,1,89832,1
78523,89832,1,89832,1
78523,89832,1,89832,1
78523,89832,1,89832,1
78523,89832,1,89832,1
78523,89832,1,89832,1
78523,89832,1,89832,1
78523,89832,1,89832,1
78523,89832,1,89832,1
78523,89832,1,89832,1
78523,89832,1,89832,1
78523,89832,1,89832,1
78523,89832,1,89832,1
78523,89832,1,89832,1
78523,89832,1,89832,1
78523,89832,1,89832,1
78523,89832,1,89832,1
78523,89832,1,89832,1
78523,89832,1,89832,1
78523,89832,1,89832,1
78523,89832,1,89832,1
78523,89832,1,89832,1
78523,89832,1,89832,1
78523,89832,1,89832,1
78523,89832,1,89832,1
78523,89832,1,89832,1
78523,89832,1,89832,1
78523,89832,1,89832,1
78523,89832,1,89832,1
78523,89832,1,89832,1
78523,89832,1,89832,1
78523,89832,1,89832,1
78523,89832,1,89832,1
78523,89832,1,89832,1
78523,89832,1,89832,1
78523,89832,1,89832,1
78523,89832,1,89832,1
78523,89832,1,89832,1
78523,89832,1,89832,1
78523,89832,1,89832,1
78523,89832,1,89832,1
78523,89832,1,89832,1
78523,89832,1,89832,1
78523,89832,1,89832,1
78523,89832,1,89832,1
78523,89832,1,173936,0
78523,173936,0,173884,1
78523,173884,1,173941,1
78523,173941,1,173935,0
78523,173935,0,173919,0
78523,173919,0,173906,1
78523,173906,1,173899,1
78523,173899,1,174015,1
78523,174015,1,173969,1
78523,173969,1,91650,1
78523,91650,1,91650,1
78523,91650,1,91650,1
78523,91650,1,91650,1
78523,91650,1,91650,1
78523,91650,1,91650,1
78523,91650,1,91650,1
78523,91650,1,91650,1
78523,91650,1,91650,1
78523,91650,1,91650,1
78523,91650,1,91650,1
78523,91650,1,91650,1
78523,91650,1,91650,1
78523,91650,1,91650,1
78523,91650,1,91650,1
78523,91650,1,91650,1
78523,91650,1,91650,1
78523,91650,1,91650,1
78523,91650,1,91650,1
78523,91650,1,91650,1
78523,91650,1,91650,1
78523,91650,1,91650,1
78523,91650,1,91650,1
78523,91650,1,91650,1
78523,91650,1,91650,1
78523,91650,1,91650,1
78523,91650,1,91650,1
78523,91650,1,91650,1
78523,91650,1,91650,1
78523,91650,1,91650,1
78523,91650,1,91650,1
78523,91650,1,91650,1
78523,91650,1,91650,1
78523,91650,1,91650,1
78523,91650,1,91650,1
78523,91650,1,91650,1
78523,91650,1,91650,1
78523,91650,1,91650,1
78523,91650,1,91650,1
78523,91650,1,91650,1
78523,91650,1,91650,1
78523,91650,1,91650,1
78523,91650,1,91650,1
78523,91650,1,91650,1
78523,91650,1,91655,1
78523,91655,1,91655,1
78523,91655,1,91655,1
78523,91655,1,91655,1
78523,91655,1,91655,1
78523,91655,1,91655,1
78523,91655,1,91655,1
78523,91655,1,91655,1
78523,91655,1,91655,1
78523,91655,1,91655,1
78523,91655,1,91655,1
78523,91655,1,91655,1
78523,91655,1,91655,1
78523,91655,1,91655,1
78523,91655,1,91655,1
78523,91655,1,91655,1
78523,91655,1,91655,1
78523,91655,1,91655,1
78523,91655,1,91655,1
78523,91655,1,91655,1
78523,91655,1,91655,1
78523,91655,1,91655,1
78523,91655,1,91655,1
78523,91655,1,91655,1
78523,91655,1,91655,1
78523,91655,1,91655,1
78523,91655,1,91655,1
78523,91655,1,91655,1
78523,91655,1,91655,1
78523,91655,1,91655,1
78523,91655,1,91655,1
78523,91655,1,91655,1
78523,91655,1,91655,1
78523,91655,1,91655,1
78523,91655,1,91655,1
78523,91655,1,91655,1
78523,91655,1,91655,1
78523,91655,1,91655,1
78523,91655,1,91655,1
78523,91655,1,91655,1
78523,91655,1,91655,1
78523,91655,1,91655,1
78523,91655,1,91655,1
78523,91655,1,91655,1
78524,93170,1,93170,1
78524,93170,1,93170,1
78524,93170,1,93170,1
78524,93170,1,93170,1
78524,93170,1,93170,1
78524,93170,1,93170,1
78524,93170,1,93170,1
78524,93170,1,93170,1
78524,93170,1,93170,1
78524,93170,1,93170,1
78524,93170,1,93170,1
78524,93170,1,93170,1
78524,93170,1,93170,1
78524,93170,1,93170,1
78524,93170,1,93170,1
78524,93170,1,93170,1
78524,93170,1,93170,1
78524,93170,1,93170,1
78524,93170,1,93170,1
78524,93170,1,93170,1
78524,93170,1,93170,1
78524,93170,1,93170,1
78524,93170,1,93170,1
78524,93170,1,93170,1
78524,93170,1,93170,1
78524,93170,1,93170,1
78524,93170,1,93170,1
78524,93170,1,93170,1
78524,93170,1,93170,1
78524,93170,1,93170,1
78524,93170,1,93170,1
78524,93170,1,93170,1
78524,93170,1,93170,1
78524,93170,1,93170,1
78524,93170,1,93170,1
78524,93170,1,93170,1
78524,93170,1,93170,1
78524,93170,1,93170,1
78524,93170,1,93170,1
78524,93170,1,93170,1
78524,93170,1,93170,1
78524,93170,1,93170,1
78524,93170,1,93170,1
78524,93170,1,93170,1
78524,93170,1,93170,1
78524,93170,1,93224,1
78524,93224,1,93224,1
78524,93224,1,93224,1
78524,93224,1,93224,1
78524,93224,1,93224,1
78524,93224,1,93224,1
78524,93224,1,93224,1
78524,93224,1,93224,1
78524,93224,1,93224,1
78524,93224,1,93224,1
78524,93224,1,93224,1
78524,93224,1,93224,1
78524,93224,1,93224,1
78524,93224,1,93224,1
78524,93224,1,93224,1
78524,93224,1,93224,1
78524,93224,1,93224,1
78524,93224,1,93224,1
78524,93224,1,93224,1
78524,93224,1,93224,1
78524,93224,1,93224,1
78524,93224,1,93224,1
78524,93224,1,93224,1
78524,93224,1,93224,1
78524,93224,1,93224,1
78524,93224,1,93224,1
78524,93224,1,93224,1
78524,93224,1,93224,1
78524,93224,1,93224,1
78524,93224,1,93224,1
78524,93224,1,93224,1
78524,93224,1,93224,1
78524,93224,1,93224,1
78524,93224,1,93224,1
78524,93224,1,93224,1
78524,93224,1,93224,1
78524,93224,1,93224,1
78524,93224,1,93224,1
78524,93224,1,93224,1
78524,93224,1,93224,1
78524,93224,1,93224,1
78524,93224,1,93224,1
78524,93224,1,93224,1
78524,93224,1,93224,1
78524,93224,1,93224,1
78524,93224,1,93224,1
78524,93224,1,93152,1
78524,93152,1,93152,1
78524,93152,1,93152,1
78524,93152,1,93152,1
78524,93152,1,93152,1
78524,93152,1,93152,1
78524,93152,1,93152,1
78524,93152,1,93152,1
78524,93152,1,93152,1
78524,93152,1,93152,1
78524,93152,1,93152,1
78524,93152,1,93152,1
78524,93152,1,93152,1
78524,93152,1,93152,1
78524,93152,1,93152,1
78524,93152,1,93152,1
78524,93152,1,93152,1
78524,93152,1,93152,1
78524,93152,1,93152,1
78524,93152,1,93152,1
78524,93152,1,93152,1
78524,93152,1,93152,1
78524,93152,1,93152,1
78524,93152,1,93152,1
78524,93152,1,93152,1
78524,93152,1,93152,1
78524,93152,1,93152,1
78524,93152,1,93152,1
78524,93152,1,93152,1
78524,93152,1,93152,1
78524,93152,1,93152,1
78524,93152,1,93152,1
78524,93152,1,93152,1
78524,93152,1,93152,1
78524,93152,1,93152,1
78524,93152,1,93152,1
78524,93152,1,93152,1
78524,93152,1,93152,1
78524,93152,1,93152,1
78524,93152,1,93152,1
78524,93152,1,93152,1
78524,93152,1,93152,1
78524,93152,1,93152,1
78524,93152,1,85666,1
78524,85666,1,85666,1
78524,85666,1,85666,1
78524,85666,1,85666,1
78524,85666,1,85666,1
78524,85666,1,85666,1
78524,85666,1,85666,1
78524,85666,1,85666,1
78524,85666,1,85666,1
78524,85666,1,85666,1
78524,85666,1,85666,1
78524,85666,1,85666,1
78524,85666,1,85666,1
78524,85666,1,85666,1
78524,85666,1,85666,1
78524,85666,1,85666,1
78524,85666,1,85666,1
78524,85666,1,85666,1
78524,85666,1,85666,1
78524,85666,1,85666,1
78524,85666,1,85666,1
78524,85666,1,85666,1
78524,85666,1,85666,1
78524,85666,1,85666,1
78524,85666,1,85666,1
78524,85666,1,85666,1
78524,85666,1,85666,1
78524,85666,1,85666,1
78524,85666,1,85666,1
78524,85666,1,85666,1
78524,85666,1,85666,1
78524,85666,1,85666,1
78524,85666,1,85666,1
78524,85666,1,85666,1
78524,85666,1,85666,1
78524,85666,1,85666,1
78524,85666,1,85666,1
78524,85666,1,85666,1
78524,85666,1,85666,1
78524,85666,1,85666,1
78524,85666,1,85666,1
78524,85666,1,85666,1
78524,85666,1,85666,1
78524,85666,1,85666,1
78524,85666,1,85666,1
78524,85666,1,85666,1
78524,85666,1,84699,1
78524,84699,1,84699,1
78524,84699,1,84699,1
78524,84699,1,84699,1
78524,84699,1,84699,1
78524,84699,1,84699,1
78524,84699,1,84699,1
78524,84699,1,84699,1
78524,84699,1,84699,1
78524,84699,1,84699,1
78524,84699,1,84699,1
78524,84699,1,84699,1
78524,84699,1,84699,1
78524,84699,1,84699,1
78524,84699,1,84699,1
78524,84699,1,84699,1
78524,84699,1,84699,1
78524,84699,1,84699,1
78524,84699,1,84699,1
78524,84699,1,84699,1
78524,84699,1,84699,1
78524,84699,1,84699,1
78524,84699,1,84699,1
78524,84699,1,84699,1
78524,84699,1,84699,1
78524,84699,1,84699,1
78524,84699,1,84699,1
78524,84699,1,84699,1
78524,84699,1,84699,1
78524,84699,1,84699,1
78524,84699,1,84699,1
78524,84699,1,84699,1
78524,84699,1,84699,1
78524,84699,1,84699,1
78524,84699,1,84699,1
78524,84699,1,84699,1
78524,84699,1,84699,1
78524,84699,1,84699,1
78524,84699,1,84699,1
78524,84699,1,84699,1
78524,84699,1,84699,1
78524,84699,1,84699,1
78524,84699,1,84699,1
78524,84699,1,84699,1
78524,84699,1,84699,1
78524,84699,1,84699,1
78524,84699,1,86123,1
78524,86123,1,86123,1
78524,86123,1,86123,1
78524,86123,1,86123,1
78524,86123,1,86123,1
78524,86123,1,86123,1
78524,86123,1,86123,1
78524,86123,1,86123,1
78524,86123,1,86123,1
78524,86123,1,86123,1
78524,86123,1,86123,1
78524,86123,1,86123,1
78524,86123,1,86123,1
78524,86123,1,86123,1
78524,86123,1,86123,1
78524,86123,1,86123,1
78524,86123,1,86123,1
78524,86123,1,86123,1
78524,86123,1,86123,1
78524,86123,1,86123,1
78524,86123,1,86123,1
78524,86123,1,86123,1
78524,86123,1,86123,1
78524,86123,1,86123,1
78524,86123,1,86123,1
78524,86123,1,86123,1
78524,86123,1,86123,1
78524,86123,1,86123,1
78524,86123,1,86123,1
78524,86123,1,86123,1
78524,86123,1,86123,1
78524,86123,1,86123,1
78524,86123,1,86123,1
78524,86123,1,86123,1
78524,86123,1,86123,1
78524,86123,1,86123,1
78524,86123,1,86123,1
78524,86123,1,86123,1
78524,86123,1,86123,1
78524,86123,1,86123,1
78524,86123,1,86123,1
78524,86123,1,86123,1
78524,86123,1,86123,1
78524,86123,1,89297,1
78524,89297,1,89297,1
78524,89297,1,89297,1
78524,89297,1,89297,1
78524,89297,1,89297,1
78524,89297,1,89297,1
78524,89297,1,89297,1
78524,89297,1,89297,1
78524,89297,1,89297,1
78524,89297,1,89297,1
78524,89297,1,89297,1
78524,89297,1,89297,1
78524,89297,1,89297,1
78524,89297,1,89297,1
78524,89297,1,89297,1
78524,89297,1,89297,1
78524,89297,1,89297,1
78524,89297,1,89297,1
78524,89297,1,89297,1
78524,89297,1,89297,1
78524,89297,1,89297,1
78524,89297,1,89297,1
78524,89297,1,89297,1
78524,89297,1,89297,1
78524,89297,1,89297,1
78524,89297,1,89297,1
78524,89297,1,89297,1
78524,89297,1,89297,1
78524,89297,1,89297,1
78524,89297,1,89297,1
78524,89297,1,89297,1
78524,89297,1,89297,1
78524,89297,1,89297,1
78524,89297,1,89297,1
78524,89297,1,89297,1
78524,89297,1,89297,1
78524,89297,1,89297,1
78524,89297,1,89297,1
78524,89297,1,89297,1
78524,89297,1,89297,1
78524,89297,1,89297,1
78524,89297,1,89297,1
78524,89297,1,89297,1
78524,89297,1,89297,1
78524,89297,1,89297,1
78524,89297,1,89297,1
78524,89297,1,89297,1
78524,89297,1,89297,1
78524,89297,1,89297,1
78524,89297,1,89297,1
78524,89297,1,89297,1
78524,89297,1,89297,1
78524,89297,1,89297,1
78524,89297,1,89297,1
78524,89297,1,89297,1
78524,89297,1,89297,1
78524,89297,1,89297,1
78524,89297,1,89297,1
78524,89297,1,89297,1
78524,89297,1,89297,1
78524,89297,1,89297,1
78524,89297,1,89297,1
78524,89297,1,89297,1
78524,89297,1,89297,1
78524,89297,1,89297,1
78524,89297,1,89297,1
78524,89297,1,89297,1
78524,89297,1,89297,1
78524,89297,1,89297,1
78524,89297,1,89297,1
78524,89297,1,89297,1
78524,89297,1,89297,1
78524,89297,1,89297,1
78524,89297,1,89297,1
78524,89297,1,89297,1
78524,89297,1,89297,1
78524,89297,1,89297,1
78524,89297,1,89297,1
78524,89297,1,89297,1
78524,89297,1,89297,1
78524,89297,1,89297,1
78524,89297,1,89297,1
78524,89297,1,89297,1
78524,89297,1,89297,1
78524,89297,1,89297,1
78524,89297,1,89297,1
78524,89297,1,89297,1
78524,89297,1,89297,1
78524,89297,1,89297,1
78524,89297,1,89297,1
78524,89297,1,89297,1
78524,89297,1,89297,1
78524,89297,1,89297,1
78524,89297,1,89297,1
78524,89297,1,89297,1
78524,89297,1,89297,1
78524,89297,1,89297,1
78524,89297,1,91362,1
78524,91362,1,91362,1
78524,91362,1,91362,1
78524,91362,1,91362,1
78524,91362,1,91362,1
78524,91362,1,91362,1
78524,91362,1,91362,1
78524,91362,1,91362,1
78524,91362,1,91362,1
78524,91362,1,91362,1
78524,91362,1,91362,1
78524,91362,1,91362,1
78524,91362,1,91362,1
78524,91362,1,91362,1
78524,91362,1,91362,1
78524,91362,1,91362,1
78524,91362,1,91362,1
78524,91362,1,91362,1
78524,91362,1,91362,1
78524,91362,1,91362,1
78524,91362,1,91362,1
78524,91362,1,91362,1
78524,91362,1,91362,1
78524,91362,1,91362,1
78524,91362,1,91362,1
78524,91362,1,91362,1
78524,91362,1,91362,1
78524,91362,1,91362,1
78524,91362,1,91362,1
78524,91362,1,91362,1
78524,91362,1,91362,1
78524,91362,1,91362,1
78524,91362,1,91362,1
78524,91362,1,91362,1
78524,91362,1,91362,1
78524,91362,1,91362,1
78524,91362,1,91362,1
78524,91362,1,91362,1
78524,91362,1,91362,1
78524,91362,1,91362,1
78524,91362,1,91362,1
78524,91362,1,91362,1
78524,91362,1,91362,1
78524,91362,1,91362,1
78524,91362,1,91362,1
78524,91362,1,91362,1
78524,91362,1,91362,1
78524,91362,1,91362,1
78524,91362,1,91362,1
78524,91362,1,91362,1
78524,91362,1,91362,1
78524,91362,1,91362,1
78524,91362,1,91362,1
78524,91362,1,91362,1
78524,91362,1,91362,1
78524,91362,1,91362,1
78524,91362,1,91362,1
78524,91362,1,91362,1
78524,91362,1,91362,1
78524,91362,1,91362,1
78524,91362,1,91362,1
78524,91362,1,91362,1
78524,91362,1,91362,1
78524,91362,1,91362,1
78524,91362,1,91362,1
78524,91362,1,91362,1
78524,91362,1,91362,1
78524,91362,1,91362,1
78524,91362,1,91362,1
78524,91362,1,91362,1
78524,91362,1,91362,1
78524,91362,1,91362,1
78524,91362,1,91362,1
78524,91362,1,91362,1
78524,91362,1,91362,1
78524,91362,1,91362,1
78524,91362,1,91362,1
78524,91362,1,91362,1
78524,91362,1,91362,1
78524,91362,1,91362,1
78524,91362,1,91362,1
78524,91362,1,91362,1
78524,91362,1,91362,1
78524,91362,1,91362,1
78524,91362,1,91362,1
78524,91362,1,91362,1
78524,91362,1,91362,1
78524,91362,1,91362,1
78524,91362,1,91362,1
78524,91362,1,91362,1
78524,91362,1,91362,1
78524,91362,1,91362,1
78524,91362,1,91362,1
78524,91362,1,91362,1
78524,91362,1,91362,1
78524,91362,1,91362,1
78524,91362,1,91362,1
78524,91362,1,91357,1
78524,91357,1,91357,1
78524,91357,1,91357,1
78524,91357,1,91357,1
78524,91357,1,91357,1
78524,91357,1,91357,1
78524,91357,1,91357,1
78524,91357,1,91357,1
78524,91357,1,91357,1
78524,91357,1,91357,1
78524,91357,1,91357,1
78524,91357,1,91357,1
78524,91357,1,91357,1
78524,91357,1,91357,1
78524,91357,1,91357,1
78524,91357,1,91357,1
78524,91357,1,91357,1
78524,91357,1,91357,1
78524,91357,1,91357,1
78524,91357,1,91357,1
78524,91357,1,91357,1
78524,91357,1,91357,1
78524,91357,1,91357,1
78524,91357,1,91357,1
78524,91357,1,91357,1
78524,91357,1,91357,1
78524,91357,1,91357,1
78524,91357,1,91357,1
78524,91357,1,91357,1
78524,91357,1,91357,1
78524,91357,1,91357,1
78524,91357,1,91357,1
78524,91357,1,91357,1
78524,91357,1,91357,1
78524,91357,1,91357,1
78524,91357,1,91357,1
78524,91357,1,91357,1
78524,91357,1,91357,1
78524,91357,1,91357,1
78524,91357,1,91357,1
78524,91357,1,91357,1
78524,91357,1,91357,1
78524,91357,1,91357,1
78524,91357,1,91357,1
78524,91357,1,91357,1
78524,91357,1,91357,1
78524,91357,1,91357,1
78524,91357,1,91357,1
78524,91357,1,91357,1
78524,91357,1,91357,1
78524,91357,1,91357,1
78524,91357,1,91357,1
78524,91357,1,91357,1
78524,91357,1,91357,1
78524,91357,1,91357,1
78524,91357,1,91357,1
78524,91357,1,91357,1
78524,91357,1,91357,1
78524,91357,1,91357,1
78524,91357,1,91357,1
78524,91357,1,91357,1
78524,91357,1,91357,1
78524,91357,1,91357,1
78524,91357,1,91357,1
78524,91357,1,91357,1
78524,91357,1,91357,1
78524,91357,1,91357,1
78524,91357,1,91357,1
78524,91357,1,91357,1
78524,91357,1,91357,1
78524,91357,1,91357,1
78524,91357,1,91357,1
78524,91357,1,91357,1
78524,91357,1,91357,1
78524,91357,1,91357,1
78524,91357,1,91357,1
78524,91357,1,91357,1
78524,91357,1,91357,1
78524,91357,1,91357,1
78524,91357,1,91357,1
78524,91357,1,91357,1
78524,91357,1,91357,1
78524,91357,1,91357,1
78524,91357,1,91357,1
78524,91357,1,91357,1
78524,91357,1,91357,1
78524,91357,1,91357,1
78524,91357,1,91357,1
78524,91357,1,91357,1
78524,91357,1,91357,1
78524,91357,1,91357,1
78524,91357,1,91357,1
78524,91357,1,91357,1
78524,91357,1,91357,1
78524,91357,1,91357,1
78524,91357,1,91357,1
78524,91357,1,91357,1
78524,91357,1,91364,1
78524,91364,1,91364,1
78524,91364,1,91364,1
78524,91364,1,91364,1
78524,91364,1,91364,1
78524,91364,1,91364,1
78524,91364,1,91364,1
78524,91364,1,91364,1
78524,91364,1,91364,1
78524,91364,1,91364,1
78524,91364,1,91364,1
78524,91364,1,91364,1
78524,91364,1,91364,1
78524,91364,1,91364,1
78524,91364,1,91364,1
78524,91364,1,91364,1
78524,91364,1,91364,1
78524,91364,1,91364,1
78524,91364,1,91364,1
78524,91364,1,91364,1
78524,91364,1,91364,1
78524,91364,1,91364,1
78524,91364,1,91364,1
78524,91364,1,91364,1
78524,91364,1,91364,1
78524,91364,1,91364,1
78524,91364,1,91364,1
78524,91364,1,91364,1
78524,91364,1,91364,1
78524,91364,1,91364,1
78524,91364,1,91364,1
78524,91364,1,91364,1
78524,91364,1,91364,1
78524,91364,1,91364,1
78524,91364,1,91364,1
78524,91364,1,91364,1
78524,91364,1,91364,1
78524,91364,1,91364,1
78524,91364,1,91364,1
78524,91364,1,91364,1
78524,91364,1,91364,1
78524,91364,1,91364,1
78524,91364,1,91364,1
78524,91364,1,91364,1
78524,91364,1,91364,1
78524,91364,1,91364,1
78524,91364,1,91364,1
78524,91364,1,91402,0
78524,91402,0,91402,0
78524,91402,0,91402,0
78524,91402,0,91402,0
78524,91402,0,91402,0
78524,91402,0,91402,0
78524,91402,0,91402,0
78524,91402,0,91402,0
78524,91402,0,91402,0
78524,91402,0,91402,0
78524,91402,0,91402,0
78524,91402,0,91402,0
78524,91402,0,91402,0
78524,91402,0,91402,0
78524,91402,0,91402,0
78524,91402,0,91402,0
78524,91402,0,91402,0
78524,91402,0,91402,0
78524,91402,0,91402,0
78524,91402,0,91402,0
78524,91402,0,91402,0
78524,91402,0,91402,0
78524,91402,0,91402,0
78524,91402,0,91402,0
78524,91402,0,91402,0
78524,91402,0,91402,0
78524,91402,0,91402,0
78524,91402,0,91402,0
78524,91402,0,91402,0
78524,91402,0,91402,0
78524,91402,0,91402,0
78524,91402,0,91402,0
78524,91402,0,91402,0
78524,91402,0,91402,0
78524,91402,0,91402,0
78524,91402,0,91402,0
78524,91402,0,91402,0
78524,91402,0,91402,0
78524,91402,0,91402,0
78524,91402,0,91402,0
78524,91402,0,91402,0
78524,91402,0,91402,0
78524,91402,0,91402,0
78524,91402,0,91402,0
78524,91402,0,91402,0
78524,91402,0,91402,0
78524,91402,0,91402,0
78524,91402,0,91402,0
78524,91402,0,91402,0
78524,91402,0,91402,0
78524,91402,0,91402,0
78524,91402,0,91402,0
78524,91402,0,91402,0
78524,91402,0,91402,0
78524,91402,0,91402,0
78524,91402,0,91402,0
78524,91402,0,91402,0
78524,91402,0,91402,0
78524,91402,0,91402,0
78524,91402,0,91402,0
78524,91402,0,91402,0
78524,91402,0,91402,0
78524,91402,0,91402,0
78524,91402,0,91402,0
78524,91402,0,91402,0
78524,91402,0,91402,0
78524,91402,0,91402,0
78524,91402,0,91402,0
78524,91402,0,91402,0
78524,91402,0,91402,0
78524,91402,0,91402,0
78524,91402,0,91402,0
78524,91402,0,91402,0
78524,91402,0,91402,0
78524,91402,0,91402,0
78524,91402,0,91402,0
78524,91402,0,91402,0
78524,91402,0,91402,0
78524,91402,0,91402,0
78524,91402,0,91402,0
78524,91402,0,91402,0
78524,91402,0,91402,0
78524,91402,0,91402,0
78524,91402,0,91402,0
78524,91402,0,91402,0
78524,91402,0,91402,0
78524,91402,0,91402,0
78524,91402,0,91402,0
78524,91402,0,91402,0
78524,91402,0,91402,0
78524,91402,0,91402,0
78524,91402,0,91402,0
78524,91402,0,91402,0
78524,91402,0,91402,0
78524,91402,0,91402,0
78524,91402,0,91402,0
78524,91402,0,91402,0
78524,91402,0,89768,0
78524,89768,0,89768,0
78524,89768,0,89768,0
78524,89768,0,89768,0
78524,89768,0,89768,0
78524,89768,0,89768,0
78524,89768,0,89768,0
78524,89768,0,89768,0
78524,89768,0,89768,0
78524,89768,0,89768,0
78524,89768,0,89768,0
78524,89768,0,89768,0
78524,89768,0,89768,0
78524,89768,0,89768,0
78524,89768,0,89768,0
78524,89768,0,89768,0
78524,89768,0,89768,0
78524,89768,0,89768,0
78524,89768,0,89768,0
78524,89768,0,89768,0
78524,89768,0,89768,0
78524,89768,0,89768,0
78524,89768,0,89768,0
78524,89768,0,89768,0
78524,89768,0,89768,0
78524,89768,0,89768,0
78524,89768,0,89768,0
78524,89768,0,89768,0
78524,89768,0,89768,0
78524,89768,0,89768,0
78524,89768,0,89768,0
78524,89768,0,89768,0
78524,89768,0,89768,0
78524,89768,0,89768,0
78524,89768,0,89768,0
78524,89768,0,89768,0
78524,89768,0,89768,0
78524,89768,0,89768,0
78524,89768,0,89768,0
78524,89768,0,89768,0
78524,89768,0,89768,0
78524,89768,0,89768,0
78524,89768,0,89768,0
78524,89768,0,89768,0
78524,89768,0,89768,0
78524,89768,0,89768,0
78524,89768,0,89768,0
78524,89768,0,89768,0
78524,89768,0,89768,0
78524,89768,0,89768,0
78524,89768,0,89768,0
78524,89768,0,89768,0
78524,89768,0,89768,0
78524,89768,0,89768,0
78524,89768,0,89768,0
78524,89768,0,89768,0
78524,89768,0,89768,0
78524,89768,0,89768,0
78524,89768,0,89768,0
78524,89768,0,89768,0
78524,89768,0,89768,0
78524,89768,0,89768,0
78524,89768,0,89768,0
78524,89768,0,89768,0
78524,89768,0,89768,0
78524,89768,0,89768,0
78524,89768,0,89768,0
78524,89768,0,89768,0
78524,89768,0,89768,0
78524,89768,0,89768,0
78524,89768,0,89768,0
78524,89768,0,89768,0
78524,89768,0,89768,0
78524,89768,0,89768,0
78524,89768,0,89768,0
78524,89768,0,89768,0
78524,89768,0,89768,0
78524,89768,0,89768,0
78524,89768,0,89768,0
78524,89768,0,89768,0
78524,89768,0,89768,0
78524,89768,0,89768,0
78524,89768,0,89768,0
78524,89768,0,89768,0
78524,89768,0,89768,0
78524,89768,0,89768,0
78524,89768,0,89768,0
78524,89768,0,89768,0
78524,89768,0,89768,0
78524,89768,0,89768,0
78524,89768,0,89768,0
78524,89768,0,89768,0
78524,89768,0,89768,0
78524,89768,0,89789,1
78524,89789,1,89789,1
78524,89789,1,89789,1
78524,89789,1,89789,1
78524,89789,1,89789,1
78524,89789,1,89789,1
78524,89789,1,89789,1
78524,89789,1,89789,1
78524,89789,1,89789,1
78524,89789,1,89789,1
78524,89789,1,89789,1
78524,89789,1,89789,1
78524,89789,1,89789,1
78524,89789,1,89789,1
78524,89789,1,89789,1
78524,89789,1,89789,1
78524,89789,1,89789,1
78524,89789,1,89789,1
78524,89789,1,89789,1
78524,89789,1,89789,1
78524,89789,1,89789,1
78524,89789,1,89789,1
78524,89789,1,89789,1
78524,89789,1,89789,1
78524,89789,1,89789,1
78524,89789,1,89789,1
78524,89789,1,89789,1
78524,89789,1,89789,1
78524,89789,1,89789,1
78524,89789,1,89789,1
78524,89789,1,89789,1
78524,89789,1,89789,1
78524,89789,1,89789,1
78524,89789,1,89789,1
78524,89789,1,89789,1
78524,89789,1,89789,1
78524,89789,1,89789,1
78524,89789,1,89789,1
78524,89789,1,89789,1
78524,89789,1,89789,1
78524,89789,1,89789,1
78524,89789,1,89789,1
78524,89789,1,89789,1
78524,89789,1,89789,1
78524,89789,1,89789,1
78524,89789,1,89789,1
78524,89789,1,89789,1
78524,89789,1,89789,1
78524,89789,1,89789,1
78524,89789,1,89789,1
78524,89789,1,89789,1
78524,89789,1,89789,1
78524,89789,1,89789,1
78524,89789,1,89789,1
78524,89789,1,89789,1
78524,89789,1,89789,1
78524,89789,1,89789,1
78524,89789,1,89789,1
78524,89789,1,89789,1
78524,89789,1,89789,1
78524,89789,1,89789,1
78524,89789,1,89789,1
78524,89789,1,89789,1
78524,89789,1,89789,1
78524,89789,1,89789,1
78524,89789,1,89789,1
78524,89789,1,89789,1
78524,89789,1,89789,1
78524,89789,1,89789,1
78524,89789,1,89789,1
78524,89789,1,89789,1
78524,89789,1,89789,1
78524,89789,1,89789,1
78524,89789,1,89789,1
78524,89789,1,89789,1
78524,89789,1,89789,1
78524,89789,1,89789,1
78524,89789,1,89789,1
78524,89789,1,89789,1
78524,89789,1,89789,1
78524,89789,1,89789,1
78524,89789,1,89789,1
78524,89789,1,89789,1
78524,89789,1,89789,1
78524,89789,1,89789,1
78524,89789,1,89789,1
78524,89789,1,89789,1
78524,89789,1,89789,1
78524,89789,1,89789,1
78524,89789,1,89789,1
78524,89789,1,89789,1
78524,89789,1,89789,1
78524,89789,1,89789,1
78524,89789,1,89849,1
78524,89849,1,89849,1
78524,89849,1,89849,1
78524,89849,1,89849,1
78524,89849,1,89849,1
78524,89849,1,89849,1
78524,89849,1,89849,1
78524,89849,1,89849,1
78524,89849,1,89849,1
78524,89849,1,89849,1
78524,89849,1,89849,1
78524,89849,1,89849,1
78524,89849,1,89849,1
78524,89849,1,89849,1
78524,89849,1,89849,1
78524,89849,1,89849,1
78524,89849,1,89849,1
78524,89849,1,89849,1
78524,89849,1,89849,1
78524,89849,1,89849,1
78524,89849,1,89849,1
78524,89849,1,89849,1
78524,89849,1,89849,1
78524,89849,1,89849,1
78524,89849,1,89849,1
78524,89849,1,89849,1
78524,89849,1,89849,1
78524,89849,1,89849,1
78524,89849,1,89849,1
78524,89849,1,89849,1
78524,89849,1,89849,1
78524,89849,1,89849,1
78524,89849,1,89849,1
78524,89849,1,89849,1
78524,89849,1,89849,1
78524,89849,1,89849,1
78524,89849,1,89849,1
78524,89849,1,89849,1
78524,89849,1,89849,1
78524,89849,1,89849,1
78524,89849,1,89849,1
78524,89849,1,89849,1
78524,89849,1,89849,1
78524,89849,1,89849,1
78524,89849,1,89849,1
78524,89849,1,89849,1
78524,89849,1,89849,1
78524,89849,1,89849,1
78524,89849,1,89849,1
78524,89849,1,89849,1
78524,89849,1,89849,1
78524,89849,1,89849,1
78524,89849,1,89849,1
78524,89849,1,89849,1
78524,89849,1,89849,1
78524,89849,1,89849,1
78524,89849,1,89849,1
78524,89849,1,89849,1
78524,89849,1,89849,1
78524,89849,1,89849,1
78524,89849,1,89849,1
78524,89849,1,89849,1
78524,89849,1,89849,1
78524,89849,1,89849,1
78524,89849,1,89849,1
78524,89849,1,89849,1
78524,89849,1,89849,1
78524,89849,1,89849,1
78524,89849,1,89849,1
78524,89849,1,89849,1
78524,89849,1,89849,1
78524,89849,1,89849,1
78524,89849,1,89849,1
78524,89849,1,89849,1
78524,89849,1,89849,1
78524,89849,1,89849,1
78524,89849,1,89849,1
78524,89849,1,89849,1
78524,89849,1,89849,1
78524,89849,1,89849,1
78524,89849,1,89849,1
78524,89849,1,89849,1
78524,89849,1,89849,1
78524,89849,1,89849,1
78524,89849,1,89849,1
78524,89849,1,89849,1
78524,89849,1,89849,1
78524,89849,1,89849,1
78524,89849,1,89849,1
78524,89849,1,89849,1
78524,89849,1,89849,1
78524,89849,1,89849,1
78524,89849,1,89849,1
78524,89849,1,89871,1
78524,89871,1,89871,1
78524,89871,1,89871,1
78524,89871,1,89871,1
78524,89871,1,89871,1
78524,89871,1,89871,1
78524,89871,1,89871,1
78524,89871,1,89871,1
78524,89871,1,89871,1
78524,89871,1,89871,1
78524,89871,1,89871,1
78524,89871,1,89871,1
78524,89871,1,89871,1
78524,89871,1,89871,1
78524,89871,1,89871,1
78524,89871,1,89871,1
78524,89871,1,89871,1
78524,89871,1,89871,1
78524,89871,1,89871,1
78524,89871,1,89871,1
78524,89871,1,89871,1
78524,89871,1,89871,1
78524,89871,1,89871,1
78524,89871,1,89871,1
78524,89871,1,89871,1
78524,89871,1,89871,1
78524,89871,1,89871,1
78524,89871,1,89871,1
78524,89871,1,89871,1
78524,89871,1,89871,1
78524,89871,1,89871,1
78524,89871,1,89871,1
78524,89871,1,89871,1
78524,89871,1,89871,1
78524,89871,1,89871,1
78524,89871,1,89871,1
78524,89871,1,89871,1
78524,89871,1,89871,1
78524,89871,1,89871,1
78524,89871,1,89871,1
78524,89871,1,89871,1
78524,89871,1,89871,1
78524,89871,1,89871,1
78524,89871,1,89871,1
78524,89871,1,89871,1
78524,89871,1,89871,1
78524,89871,1,89871,1
78524,89871,1,89871,1
78524,89871,1,89871,1
78524,89871,1,89871,1
78524,89871,1,89871,1
78524,89871,1,89871,1
78524,89871,1,89871,1
78524,89871,1,89871,1
78524,89871,1,89871,1
78524,89871,1,89871,1
78524,89871,1,89871,1
78524,89871,1,89871,1
78524,89871,1,89871,1
78524,89871,1,89871,1
78524,89871,1,89871,1
78524,89871,1,89871,1
78524,89871,1,89871,1
78524,89871,1,89871,1
78524,89871,1,89871,1
78524,89871,1,89871,1
78524,89871,1,89871,1
78524,89871,1,89871,1
78524,89871,1,89871,1
78524,89871,1,89871,1
78524,89871,1,89871,1
78524,89871,1,89871,1
78524,89871,1,89871,1
78524,89871,1,89871,1
78524,89871,1,89871,1
78524,89871,1,89871,1
78524,89871,1,89871,1
78524,89871,1,89871,1
78524,89871,1,89871,1
78524,89871,1,89871,1
78524,89871,1,89871,1
78524,89871,1,89871,1
78524,89871,1,89871,1
78524,89871,1,89871,1
78524,89871,1,89871,1
78524,89871,1,89871,1
78524,89871,1,89871,1
78524,89871,1,89871,1
78524,89871,1,89871,1
78524,89871,1,89871,1
78524,89871,1,89871,1
78524,89871,1,89871,1
78524,89871,1,89871,1
78524,89871,1,89848,1
78524,89848,1,89848,1
78524,89848,1,89848,1
78524,89848,1,89848,1
78524,89848,1,89848,1
78524,89848,1,89848,1
78524,89848,1,89848,1
78524,89848,1,89848,1
78524,89848,1,89848,1
78524,89848,1,89848,1
78524,89848,1,89848,1
78524,89848,1,89848,1
78524,89848,1,89848,1
78524,89848,1,89848,1
78524,89848,1,89848,1
78524,89848,1,89848,1
78524,89848,1,89848,1
78524,89848,1,89848,1
78524,89848,1,89848,1
78524,89848,1,89848,1
78524,89848,1,89848,1
78524,89848,1,89848,1
78524,89848,1,89848,1
78524,89848,1,89848,1
78524,89848,1,89848,1
78524,89848,1,89848,1
78524,89848,1,89848,1
78524,89848,1,89848,1
78524,89848,1,89848,1
78524,89848,1,89848,1
78524,89848,1,89848,1
78524,89848,1,89848,1
78524,89848,1,89848,1
78524,89848,1,89848,1
78524,89848,1,89848,1
78524,89848,1,89848,1
78524,89848,1,89848,1
78524,89848,1,89848,1
78524,89848,1,89848,1
78524,89848,1,89848,1
78524,89848,1,89848,1
78524,89848,1,89848,1
78524,89848,1,89848,1
78524,89848,1,89848,1
78524,89848,1,89848,1
78524,89848,1,89848,1
78524,89848,1,173885,1
78524,173885,1,173939,1
78524,173939,1,173978,1
78524,173978,1,173977,1
78524,173977,1,91664,1
78524,91664,1,91664,1
78524,91664,1,91664,1
78524,91664,1,91664,1
78524,91664,1,91664,1
78524,91664,1,91664,1
78524,91664,1,91664,1
78524,91664,1,91664,1
78524,91664,1,91664,1
78524,91664,1,91664,1
78524,91664,1,91664,1
78524,91664,1,91664,1
78524,91664,1,91664,1
78524,91664,1,91664,1
78524,91664,1,91664,1
78524,91664,1,91664,1
78524,91664,1,91664,1
78524,91664,1,91664,1
78524,91664,1,91664,1
78524,91664,1,91664,1
78524,91664,1,91664,1
78524,91664,1,91664,1
78524,91664,1,91664,1
78524,91664,1,91664,1
78524,91664,1,91664,1
78524,91664,1,91664,1
78524,91664,1,91664,1
78524,91664,1,91664,1
78524,91664,1,91664,1
78524,91664,1,91664,1
78524,91664,1,91664,1
78524,91664,1,91664,1
78524,91664,1,91664,1
78524,91664,1,91664,1
78524,91664,1,91664,1
78524,91664,1,91664,1
78524,91664,1,91664,1
78524,91664,1,91664,1
78524,91664,1,91664,1
78524,91664,1,91664,1
78524,91664,1,91664,1
78524,91664,1,91664,1
78524,91664,1,91664,1
78524,91664,1,91664,1
78524,91664,1,91664,1
78524,91664,1,91664,1
78524,91664,1,91664,1
78524,91664,1,91664,1
78524,91664,1,91664,1
78524,91664,1,91664,1
78524,91664,1,91664,1
78524,91664,1,91664,1
78524,91664,1,91664,1
78524,91664,1,91664,1
78524,91664,1,91664,1
78524,91664,1,91664,1
78524,91664,1,91664,1
78524,91664,1,91664,1
78524,91664,1,91664,1
78524,91664,1,91664,1
78524,91664,1,91664,1
78524,91664,1,91664,1
78524,91664,1,91664,1
78524,91664,1,91664,1
78524,91664,1,91664,1
78524,91664,1,91664,1
78524,91664,1,91664,1
78524,91664,1,91664,1
78524,91664,1,91664,1
78524,91664,1,91664,1
78524,91664,1,91664,1
78524,91664,1,91664,1
78524,91664,1,91664,1
78524,91664,1,91664,1
78524,91664,1,91664,1
78524,91664,1,91664,1
78524,91664,1,91664,1
78524,91664,1,91664,1
78524,91664,1,91664,1
78524,91664,1,91664,1
78524,91664,1,91664,1
78524,91664,1,91664,1
78524,91664,1,91664,1
78524,91664,1,91664,1
78524,91664,1,91664,1
78524,91664,1,91664,1
78524,91664,1,91664,1
78524,91664,1,91664,1
78524,91664,1,91664,1
78524,91664,1,91664,1
78524,91664,1,91664,1
78524,91664,1,91664,1
78524,91664,1,91664,1
78528,93199,1,93199,1
78528,93199,1,93199,1
78528,93199,1,93199,1
78528,93199,1,93199,1
78528,93199,1,93199,1
78528,93199,1,93199,1
78528,93199,1,93199,1
78528,93199,1,93199,1
78528,93199,1,93199,1
78528,93199,1,93199,1
78528,93199,1,93199,1
78528,93199,1,93199,1
78528,93199,1,93199,1
78528,93199,1,93199,1
78528,93199,1,93199,1
78528,93199,1,93199,1
78528,93199,1,93199,1
78528,93199,1,93199,1
78528,93199,1,93199,1
78528,93199,1,93199,1
78528,93199,1,93199,1
78528,93199,1,93199,1
78528,93199,1,93199,1
78528,93199,1,93199,1
78528,93199,1,93199,1
78528,93199,1,93199,1
78528,93199,1,93199,1
78528,93199,1,93199,1
78528,93199,1,93199,1
78528,93199,1,93199,1
78528,93199,1,93199,1
78528,93199,1,93199,1
78528,93199,1,93199,1
78528,93199,1,93199,1
78528,93199,1,93199,1
78528,93199,1,93199,1
78528,93199,1,93199,1
78528,93199,1,93199,1
78528,93199,1,93199,1
78528,93199,1,93199,1
78528,93199,1,93199,1
78528,93199,1,93199,1
78528,93199,1,93199,1
78528,93199,1,93199,1
78528,93199,1,93199,1
78528,93199,1,93185,1
78528,93185,1,93185,1
78528,93185,1,93185,1
78528,93185,1,93185,1
78528,93185,1,93185,1
78528,93185,1,93185,1
78528,93185,1,93185,1
78528,93185,1,93185,1
78528,93185,1,93185,1
78528,93185,1,93185,1
78528,93185,1,93185,1
78528,93185,1,93185,1
78528,93185,1,93185,1
78528,93185,1,93185,1
78528,93185,1,93185,1
78528,93185,1,93185,1
78528,93185,1,93185,1
78528,93185,1,93185,1
78528,93185,1,93185,1
78528,93185,1,93185,1
78528,93185,1,93185,1
78528,93185,1,93185,1
78528,93185,1,93185,1
78528,93185,1,93185,1
78528,93185,1,93185,1
78528,93185,1,93185,1
78528,93185,1,93185,1
78528,93185,1,93185,1
78528,93185,1,93185,1
78528,93185,1,93185,1
78528,93185,1,93185,1
78528,93185,1,93185,1
78528,93185,1,93185,1
78528,93185,1,93185,1
78528,93185,1,93185,1
78528,93185,1,93185,1
78528,93185,1,93185,1
78528,93185,1,93185,1
78528,93185,1,93185,1
78528,93185,1,93185,1
78528,93185,1,93185,1
78528,93185,1,93185,1
78528,93185,1,93185,1
78528,93185,1,93185,1
78528,93185,1,93185,1
78528,93185,1,93185,1
78528,93185,1,93163,1
78528,93163,1,93163,1
78528,93163,1,93163,1
78528,93163,1,93163,1
78528,93163,1,93163,1
78528,93163,1,93163,1
78528,93163,1,93163,1
78528,93163,1,93163,1
78528,93163,1,93163,1
78528,93163,1,93163,1
78528,93163,1,93163,1
78528,93163,1,93163,1
78528,93163,1,93163,1
78528,93163,1,93163,1
78528,93163,1,93163,1
78528,93163,1,93163,1
78528,93163,1,93163,1
78528,93163,1,93163,1
78528,93163,1,93163,1
78528,93163,1,93163,1
78528,93163,1,93163,1
78528,93163,1,93163,1
78528,93163,1,93163,1
78528,93163,1,93163,1
78528,93163,1,93163,1
78528,93163,1,93163,1
78528,93163,1,93163,1
78528,93163,1,93163,1
78528,93163,1,93163,1
78528,93163,1,93163,1
78528,93163,1,93163,1
78528,93163,1,93163,1
78528,93163,1,93163,1
78528,93163,1,93163,1
78528,93163,1,93163,1
78528,93163,1,93163,1
78528,93163,1,93163,1
78528,93163,1,93163,1
78528,93163,1,93163,1
78528,93163,1,93163,1
78528,93163,1,93163,1
78528,93163,1,93163,1
78528,93163,1,93163,1
78528,93163,1,85099,1
78528,85099,1,85099,1
78528,85099,1,85099,1
78528,85099,1,85099,1
78528,85099,1,85099,1
78528,85099,1,85099,1
78528,85099,1,85099,1
78528,85099,1,85099,1
78528,85099,1,85099,1
78528,85099,1,85099,1
78528,85099,1,85099,1
78528,85099,1,85099,1
78528,85099,1,85099,1
78528,85099,1,85099,1
78528,85099,1,85099,1
78528,85099,1,85099,1
78528,85099,1,85099,1
78528,85099,1,85099,1
78528,85099,1,85099,1
78528,85099,1,85099,1
78528,85099,1,85099,1
78528,85099,1,85099,1
78528,85099,1,85099,1
78528,85099,1,85099,1
78528,85099,1,85099,1
78528,85099,1,85099,1
78528,85099,1,85099,1
78528,85099,1,85099,1
78528,85099,1,85099,1
78528,85099,1,85099,1
78528,85099,1,85099,1
78528,85099,1,85099,1
78528,85099,1,85099,1
78528,85099,1,85099,1
78528,85099,1,85099,1
78528,85099,1,85099,1
78528,85099,1,85099,1
78528,85099,1,85099,1
78528,85099,1,85099,1
78528,85099,1,85099,1
78528,85099,1,85099,1
78528,85099,1,85099,1
78528,85099,1,85099,1
78528,85099,1,85099,1
78528,85099,1,85099,1
78528,85099,1,85099,1
78528,85099,1,85683,1
78528,85683,1,85683,1
78528,85683,1,85683,1
78528,85683,1,85683,1
78528,85683,1,85683,1
78528,85683,1,85683,1
78528,85683,1,85683,1
78528,85683,1,85683,1
78528,85683,1,85683,1
78528,85683,1,85683,1
78528,85683,1,85683,1
78528,85683,1,85683,1
78528,85683,1,85683,1
78528,85683,1,85683,1
78528,85683,1,85683,1
78528,85683,1,85683,1
78528,85683,1,85683,1
78528,85683,1,85683,1
78528,85683,1,85683,1
78528,85683,1,85683,1
78528,85683,1,85683,1
78528,85683,1,85683,1
78528,85683,1,85683,1
78528,85683,1,85683,1
78528,85683,1,85683,1
78528,85683,1,85683,1
78528,85683,1,85683,1
78528,85683,1,85683,1
78528,85683,1,85683,1
78528,85683,1,85683,1
78528,85683,1,85683,1
78528,85683,1,85683,1
78528,85683,1,85683,1
78528,85683,1,85683,1
78528,85683,1,85683,1
78528,85683,1,85683,1
78528,85683,1,85683,1
78528,85683,1,85683,1
78528,85683,1,85683,1
78528,85683,1,85683,1
78528,85683,1,85683,1
78528,85683,1,85683,1
78528,85683,1,85683,1
78528,85683,1,85683,1
78528,85683,1,85683,1
78528,85683,1,85683,1
78528,85683,1,85679,1
78528,85679,1,85679,1
78528,85679,1,85679,1
78528,85679,1,85679,1
78528,85679,1,85679,1
78528,85679,1,85679,1
78528,85679,1,85679,1
78528,85679,1,85679,1
78528,85679,1,85679,1
78528,85679,1,85679,1
78528,85679,1,85679,1
78528,85679,1,85679,1
78528,85679,1,85679,1
78528,85679,1,85679,1
78528,85679,1,85679,1
78528,85679,1,85679,1
78528,85679,1,85679,1
78528,85679,1,85679,1
78528,85679,1,85679,1
78528,85679,1,85679,1
78528,85679,1,85679,1
78528,85679,1,85679,1
78528,85679,1,85679,1
78528,85679,1,85679,1
78528,85679,1,85679,1
78528,85679,1,85679,1
78528,85679,1,85679,1
78528,85679,1,85679,1
78528,85679,1,85679,1
78528,85679,1,85679,1
78528,85679,1,85679,1
78528,85679,1,85679,1
78528,85679,1,85679,1
78528,85679,1,85679,1
78528,85679,1,85679,1
78528,85679,1,85679,1
78528,85679,1,85679,1
78528,85679,1,85679,1
78528,85679,1,85679,1
78528,85679,1,85679,1
78528,85679,1,85679,1
78528,85679,1,85679,1
78528,85679,1,85679,1
78528,85679,1,91347,1
78528,91347,1,91347,1
78528,91347,1,91347,1
78528,91347,1,91347,1
78528,91347,1,91347,1
78528,91347,1,91347,1
78528,91347,1,91347,1
78528,91347,1,91347,1
78528,91347,1,91347,1
78528,91347,1,91347,1
78528,91347,1,91347,1
78528,91347,1,91347,1
78528,91347,1,91347,1
78528,91347,1,91347,1
78528,91347,1,91347,1
78528,91347,1,91347,1
78528,91347,1,91347,1
78528,91347,1,91347,1
78528,91347,1,91347,1
78528,91347,1,91347,1
78528,91347,1,91347,1
78528,91347,1,91347,1
78528,91347,1,91347,1
78528,91347,1,91347,1
78528,91347,1,91347,1
78528,91347,1,91347,1
78528,91347,1,91347,1
78528,91347,1,91347,1
78528,91347,1,91347,1
78528,91347,1,91347,1
78528,91347,1,91347,1
78528,91347,1,91347,1
78528,91347,1,91347,1
78528,91347,1,91347,1
78528,91347,1,91347,1
78528,91347,1,91347,1
78528,91347,1,91347,1
78528,91347,1,91347,1
78528,91347,1,91347,1
78528,91347,1,91347,1
78528,91347,1,91347,1
78528,91347,1,91347,1
78528,91347,1,91347,1
78528,91347,1,91347,1
78528,91347,1,91347,1
78528,91347,1,91347,1
78528,91347,1,91347,1
78528,91347,1,91347,1
78528,91347,1,91347,1
78528,91347,1,91347,1
78528,91347,1,91347,1
78528,91347,1,91347,1
78528,91347,1,91347,1
78528,91347,1,91347,1
78528,91347,1,91347,1
78528,91347,1,91347,1
78528,91347,1,91347,1
78528,91347,1,91347,1
78528,91347,1,91347,1
78528,91347,1,91347,1
78528,91347,1,91347,1
78528,91347,1,91347,1
78528,91347,1,91347,1
78528,91347,1,91347,1
78528,91347,1,91347,1
78528,91347,1,91347,1
78528,91347,1,91347,1
78528,91347,1,91347,1
78528,91347,1,91347,1
78528,91347,1,91347,1
78528,91347,1,91347,1
78528,91347,1,91347,1
78528,91347,1,91347,1
78528,91347,1,91347,1
78528,91347,1,91347,1
78528,91347,1,91347,1
78528,91347,1,91347,1
78528,91347,1,91347,1
78528,91347,1,91347,1
78528,91347,1,91347,1
78528,91347,1,91347,1
78528,91347,1,91347,1
78528,91347,1,91347,1
78528,91347,1,91347,1
78528,91347,1,91347,1
78528,91347,1,91347,1
78528,91347,1,91347,1
78528,91347,1,91347,1
78528,91347,1,91347,1
78528,91347,1,91347,1
78528,91347,1,91347,1
78528,91347,1,91347,1
78528,91347,1,91347,1
78528,91347,1,91347,1
78528,91347,1,91347,1
78528,91347,1,91347,1
78528,91347,1,91347,1
78528,91347,1,89238,1
78528,89238,1,89238,1
78528,89238,1,89238,1
78528,89238,1,89238,1
78528,89238,1,89238,1
78528,89238,1,89238,1
78528,89238,1,89238,1
78528,89238,1,89238,1
78528,89238,1,89238,1
78528,89238,1,89238,1
78528,89238,1,89238,1
78528,89238,1,89238,1
78528,89238,1,89238,1
78528,89238,1,89238,1
78528,89238,1,89238,1
78528,89238,1,89238,1
78528,89238,1,89238,1
78528,89238,1,89238,1
78528,89238,1,89238,1
78528,89238,1,89238,1
78528,89238,1,89238,1
78528,89238,1,89238,1
78528,89238,1,89238,1
78528,89238,1,89238,1
78528,89238,1,89238,1
78528,89238,1,89238,1
78528,89238,1,89238,1
78528,89238,1,89238,1
78528,89238,1,89238,1
78528,89238,1,89238,1
78528,89238,1,89238,1
78528,89238,1,89238,1
78528,89238,1,89238,1
78528,89238,1,89238,1
78528,89238,1,89238,1
78528,89238,1,89238,1
78528,89238,1,89238,1
78528,89238,1,89238,1
78528,89238,1,89238,1
78528,89238,1,89238,1
78528,89238,1,89238,1
78528,89238,1,89238,1
78528,89238,1,89238,1
78528,89238,1,89238,1
78528,89238,1,89238,1
78528,89238,1,89238,1
78528,89238,1,89238,1
78528,89238,1,89238,1
78528,89238,1,89238,1
78528,89238,1,89238,1
78528,89238,1,89238,1
78528,89238,1,89238,1
78528,89238,1,89238,1
78528,89238,1,89238,1
78528,89238,1,89238,1
78528,89238,1,89238,1
78528,89238,1,89238,1
78528,89238,1,89238,1
78528,89238,1,89238,1
78528,89238,1,89238,1
78528,89238,1,89238,1
78528,89238,1,89238,1
78528,89238,1,89238,1
78528,89238,1,89238,1
78528,89238,1,89238,1
78528,89238,1,89238,1
78528,89238,1,89238,1
78528,89238,1,89238,1
78528,89238,1,89238,1
78528,89238,1,89238,1
78528,89238,1,89238,1
78528,89238,1,89238,1
78528,89238,1,89238,1
78528,89238,1,89238,1
78528,89238,1,89238,1
78528,89238,1,89238,1
78528,89238,1,89238,1
78528,89238,1,89238,1
78528,89238,1,89238,1
78528,89238,1,89238,1
78528,89238,1,89238,1
78528,89238,1,89238,1
78528,89238,1,89238,1
78528,89238,1,89238,1
78528,89238,1,89238,1
78528,89238,1,89238,1
78528,89238,1,89238,1
78528,89238,1,89238,1
78528,89238,1,89238,1
78528,89238,1,89238,1
78528,89238,1,89238,1
78528,89238,1,89238,1
78528,89238,1,89238,1
78528,89238,1,89238,1
78528,89238,1,89238,1
78528,89238,1,89238,1
78528,89238,1,89238,1
78528,89238,1,89243,1
78528,89243,1,89243,1
78528,89243,1,89243,1
78528,89243,1,89243,1
78528,89243,1,89243,1
78528,89243,1,89243,1
78528,89243,1,89243,1
78528,89243,1,89243,1
78528,89243,1,89243,1
78528,89243,1,89243,1
78528,89243,1,89243,1
78528,89243,1,89243,1
78528,89243,1,89243,1
78528,89243,1,89243,1
78528,89243,1,89243,1
78528,89243,1,89243,1
78528,89243,1,89243,1
78528,89243,1,89243,1
78528,89243,1,89243,1
78528,89243,1,89243,1
78528,89243,1,89243,1
78528,89243,1,89243,1
78528,89243,1,89243,1
78528,89243,1,89243,1
78528,89243,1,89243,1
78528,89243,1,89243,1
78528,89243,1,89243,1
78528,89243,1,89243,1
78528,89243,1,89243,1
78528,89243,1,89243,1
78528,89243,1,89243,1
78528,89243,1,89243,1
78528,89243,1,89243,1
78528,89243,1,89243,1
78528,89243,1,89243,1
78528,89243,1,89243,1
78528,89243,1,89243,1
78528,89243,1,89243,1
78528,89243,1,89243,1
78528,89243,1,89243,1
78528,89243,1,89243,1
78528,89243,1,89243,1
78528,89243,1,89243,1
78528,89243,1,89243,1
78528,89243,1,89243,1
78528,89243,1,89243,1
78528,89243,1,89243,1
78528,89243,1,91348,1
78528,91348,1,91348,1
78528,91348,1,91348,1
78528,91348,1,91348,1
78528,91348,1,91348,1
78528,91348,1,91348,1
78528,91348,1,91348,1
78528,91348,1,91348,1
78528,91348,1,91348,1
78528,91348,1,91348,1
78528,91348,1,91348,1
78528,91348,1,91348,1
78528,91348,1,91348,1
78528,91348,1,91348,1
78528,91348,1,91348,1
78528,91348,1,91348,1
78528,91348,1,91348,1
78528,91348,1,91348,1
78528,91348,1,91348,1
78528,91348,1,91348,1
78528,91348,1,91348,1
78528,91348,1,91348,1
78528,91348,1,91348,1
78528,91348,1,91348,1
78528,91348,1,91348,1
78528,91348,1,91348,1
78528,91348,1,91348,1
78528,91348,1,91348,1
78528,91348,1,91348,1
78528,91348,1,91348,1
78528,91348,1,91348,1
78528,91348,1,91348,1
78528,91348,1,91348,1
78528,91348,1,91348,1
78528,91348,1,91348,1
78528,91348,1,91348,1
78528,91348,1,91348,1
78528,91348,1,91348,1
78528,91348,1,91348,1
78528,91348,1,91348,1
78528,91348,1,91348,1
78528,91348,1,91348,1
78528,91348,1,91348,1
78528,91348,1,91348,1
78528,91348,1,91348,1
78528,91348,1,91348,1
78528,91348,1,91348,1
78528,91348,1,89235,1
78528,89235,1,89235,1
78528,89235,1,89235,1
78528,89235,1,89235,1
78528,89235,1,89235,1
78528,89235,1,89235,1
78528,89235,1,89235,1
78528,89235,1,89235,1
78528,89235,1,89235,1
78528,89235,1,89235,1
78528,89235,1,89235,1
78528,89235,1,89235,1
78528,89235,1,89235,1
78528,89235,1,89235,1
78528,89235,1,89235,1
78528,89235,1,89235,1
78528,89235,1,89235,1
78528,89235,1,89235,1
78528,89235,1,89235,1
78528,89235,1,89235,1
78528,89235,1,89235,1
78528,89235,1,89235,1
78528,89235,1,89235,1
78528,89235,1,89235,1
78528,89235,1,89235,1
78528,89235,1,89235,1
78528,89235,1,89235,1
78528,89235,1,89235,1
78528,89235,1,89235,1
78528,89235,1,89235,1
78528,89235,1,89235,1
78528,89235,1,89235,1
78528,89235,1,89235,1
78528,89235,1,89235,1
78528,89235,1,89235,1
78528,89235,1,89235,1
78528,89235,1,89235,1
78528,89235,1,89235,1
78528,89235,1,89235,1
78528,89235,1,89235,1
78528,89235,1,89235,1
78528,89235,1,89235,1
78528,89235,1,89235,1
78528,89235,1,89235,1
78528,89235,1,89235,1
78528,89235,1,89235,1
78528,89235,1,89235,1
78528,89235,1,89284,0
78528,89284,0,89284,0
78528,89284,0,89284,0
78528,89284,0,89284,0
78528,89284,0,89284,0
78528,89284,0,89284,0
78528,89284,0,89284,0
78528,89284,0,89284,0
78528,89284,0,89284,0
78528,89284,0,89284,0
78528,89284,0,89284,0
78528,89284,0,89284,0
78528,89284,0,89284,0
78528,89284,0,89284,0
78528,89284,0,89284,0
78528,89284,0,89284,0
78528,89284,0,89284,0
78528,89284,0,89284,0
78528,89284,0,89284,0
78528,89284,0,89284,0
78528,89284,0,89284,0
78528,89284,0,89284,0
78528,89284,0,89284,0
78528,89284,0,89284,0
78528,89284,0,89284,0
78528,89284,0,89284,0
78528,89284,0,89284,0
78528,89284,0,89284,0
78528,89284,0,89284,0
78528,89284,0,89284,0
78528,89284,0,89284,0
78528,89284,0,89284,0
78528,89284,0,89284,0
78528,89284,0,89284,0
78528,89284,0,89284,0
78528,89284,0,89284,0
78528,89284,0,89284,0
78528,89284,0,89284,0
78528,89284,0,89284,0
78528,89284,0,89284,0
78528,89284,0,89284,0
78528,89284,0,89284,0
78528,89284,0,89284,0
78528,89284,0,89284,0
78528,89284,0,89284,0
78528,89284,0,89284,0
78528,89284,0,89284,0
78528,89284,0,91398,1
78528,91398,1,91398,1
78528,91398,1,91398,1
78528,91398,1,91398,1
78528,91398,1,91398,1
78528,91398,1,91398,1
78528,91398,1,91398,1
78528,91398,1,91398,1
78528,91398,1,91398,1
78528,91398,1,91398,1
78528,91398,1,91398,1
78528,91398,1,91398,1
78528,91398,1,91398,1
78528,91398,1,91398,1
78528,91398,1,91398,1
78528,91398,1,91398,1
78528,91398,1,91398,1
78528,91398,1,91398,1
78528,91398,1,91398,1
78528,91398,1,91398,1
78528,91398,1,91398,1
78528,91398,1,91398,1
78528,91398,1,91398,1
78528,91398,1,91398,1
78528,91398,1,91398,1
78528,91398,1,91398,1
78528,91398,1,91398,1
78528,91398,1,91398,1
78528,91398,1,91398,1
78528,91398,1,91398,1
78528,91398,1,91398,1
78528,91398,1,91398,1
78528,91398,1,91398,1
78528,91398,1,91398,1
78528,91398,1,91398,1
78528,91398,1,91398,1
78528,91398,1,91398,1
78528,91398,1,91398,1
78528,91398,1,91398,1
78528,91398,1,91398,1
78528,91398,1,91398,1
78528,91398,1,91398,1
78528,91398,1,91398,1
78528,91398,1,91398,1
78528,91398,1,91398,1
78528,91398,1,91398,1
78528,91398,1,91398,1
78528,91398,1,91642,0
78528,91642,0,91642,0
78528,91642,0,91642,0
78528,91642,0,91642,0
78528,91642,0,91642,0
78528,91642,0,91642,0
78528,91642,0,91642,0
78528,91642,0,91642,0
78528,91642,0,91642,0
78528,91642,0,91642,0
78528,91642,0,91642,0
78528,91642,0,91642,0
78528,91642,0,91642,0
78528,91642,0,91642,0
78528,91642,0,91642,0
78528,91642,0,91642,0
78528,91642,0,91642,0
78528,91642,0,91642,0
78528,91642,0,91642,0
78528,91642,0,91642,0
78528,91642,0,91642,0
78528,91642,0,91642,0
78528,91642,0,91642,0
78528,91642,0,91642,0
78528,91642,0,91642,0
78528,91642,0,91642,0
78528,91642,0,91642,0
78528,91642,0,91642,0
78528,91642,0,91642,0
78528,91642,0,91642,0
78528,91642,0,91642,0
78528,91642,0,91642,0
78528,91642,0,91642,0
78528,91642,0,91642,0
78528,91642,0,91642,0
78528,91642,0,91642,0
78528,91642,0,91642,0
78528,91642,0,91642,0
78528,91642,0,91642,0
78528,91642,0,91642,0
78528,91642,0,91642,0
78528,91642,0,91642,0
78528,91642,0,91642,0
78528,91642,0,91642,0
78528,91642,0,91642,0
78528,91642,0,91642,0
78528,91642,0,91642,0
78528,91642,0,91642,0
78528,91642,0,91642,0
78528,91642,0,91642,0
78528,91642,0,91642,0
78528,91642,0,91642,0
78528,91642,0,91642,0
78528,91642,0,91642,0
78528,91642,0,91642,0
78528,91642,0,91642,0
78528,91642,0,91642,0
78528,91642,0,91642,0
78528,91642,0,91642,0
78528,91642,0,91642,0
78528,91642,0,91642,0
78528,91642,0,91642,0
78528,91642,0,91642,0
78528,91642,0,91642,0
78528,91642,0,91642,0
78528,91642,0,91642,0
78528,91642,0,91642,0
78528,91642,0,91642,0
78528,91642,0,91642,0
78528,91642,0,91642,0
78528,91642,0,91642,0
78528,91642,0,91642,0
78528,91642,0,91642,0
78528,91642,0,91642,0
78528,91642,0,91642,0
78528,91642,0,91642,0
78528,91642,0,91642,0
78528,91642,0,91642,0
78528,91642,0,91642,0
78528,91642,0,91642,0
78528,91642,0,91642,0
78528,91642,0,91642,0
78528,91642,0,91642,0
78528,91642,0,91642,0
78528,91642,0,91642,0
78528,91642,0,91642,0
78528,91642,0,91642,0
78528,91642,0,91642,0
78528,91642,0,91642,0
78528,91642,0,91642,0
78528,91642,0,91642,0
78528,91642,0,91642,0
78528,91642,0,91642,0
78528,91642,0,89768,0
78528,89768,0,89768,0
78528,89768,0,89768,0
78528,89768,0,89768,0
78528,89768,0,89768,0
78528,89768,0,89768,0
78528,89768,0,89768,0
78528,89768,0,89768,0
78528,89768,0,89768,0
78528,89768,0,89768,0
78528,89768,0,89768,0
78528,89768,0,89768,0
78528,89768,0,89768,0
78528,89768,0,89768,0
78528,89768,0,89768,0
78528,89768,0,89768,0
78528,89768,0,89768,0
78528,89768,0,89768,0
78528,89768,0,89768,0
78528,89768,0,89768,0
78528,89768,0,89768,0
78528,89768,0,89768,0
78528,89768,0,89768,0
78528,89768,0,89768,0
78528,89768,0,89768,0
78528,89768,0,89768,0
78528,89768,0,89768,0
78528,89768,0,89768,0
78528,89768,0,89768,0
78528,89768,0,89768,0
78528,89768,0,89768,0
78528,89768,0,89768,0
78528,89768,0,89768,0
78528,89768,0,89768,0
78528,89768,0,89768,0
78528,89768,0,89768,0
78528,89768,0,89768,0
78528,89768,0,89768,0
78528,89768,0,89768,0
78528,89768,0,89768,0
78528,89768,0,89768,0
78528,89768,0,89768,0
78528,89768,0,89768,0
78528,89768,0,89768,0
78528,89768,0,89768,0
78528,89768,0,89768,0
78528,89768,0,89768,0
78528,89768,0,89768,0
78528,89768,0,89768,0
78528,89768,0,89768,0
78528,89768,0,89768,0
78528,89768,0,89768,0
78528,89768,0,89768,0
78528,89768,0,89768,0
78528,89768,0,89768,0
78528,89768,0,89768,0
78528,89768,0,89768,0
78528,89768,0,89768,0
78528,89768,0,89768,0
78528,89768,0,89768,0
78528,89768,0,89768,0
78528,89768,0,89768,0
78528,89768,0,89768,0
78528,89768,0,89768,0
78528,89768,0,89768,0
78528,89768,0,89768,0
78528,89768,0,89768,0
78528,89768,0,89768,0
78528,89768,0,89768,0
78528,89768,0,89768,0
78528,89768,0,89768,0
78528,89768,0,89768,0
78528,89768,0,89768,0
78528,89768,0,89768,0
78528,89768,0,89768,0
78528,89768,0,89768,0
78528,89768,0,89768,0
78528,89768,0,89768,0
78528,89768,0,89768,0
78528,89768,0,89768,0
78528,89768,0,89768,0
78528,89768,0,89768,0
78528,89768,0,89768,0
78528,89768,0,89768,0
78528,89768,0,89768,0
78528,89768,0,89768,0
78528,89768,0,89768,0
78528,89768,0,89768,0
78528,89768,0,89768,0
78528,89768,0,89768,0
78528,89768,0,89768,0
78528,89768,0,89768,0
78528,89768,0,89768,0
78528,89768,0,89790,0
78528,89790,0,89790,0
78528,89790,0,89790,0
78528,89790,0,89790,0
78528,89790,0,89790,0
78528,89790,0,89790,0
78528,89790,0,89790,0
78528,89790,0,89790,0
78528,89790,0,89790,0
78528,89790,0,89790,0
78528,89790,0,89790,0
78528,89790,0,89790,0
78528,89790,0,89790,0
78528,89790,0,89790,0
78528,89790,0,89790,0
78528,89790,0,89790,0
78528,89790,0,89790,0
78528,89790,0,89790,0
78528,89790,0,89790,0
78528,89790,0,89790,0
78528,89790,0,89790,0
78528,89790,0,89790,0
78528,89790,0,89790,0
78528,89790,0,89790,0
78528,89790,0,89790,0
78528,89790,0,89790,0
78528,89790,0,89790,0
78528,89790,0,89790,0
78528,89790,0,89790,0
78528,89790,0,89790,0
78528,89790,0,89790,0
78528,89790,0,89790,0
78528,89790,0,89790,0
78528,89790,0,89790,0
78528,89790,0,89790,0
78528,89790,0,89790,0
78528,89790,0,89790,0
78528,89790,0,89790,0
78528,89790,0,89790,0
78528,89790,0,89790,0
78528,89790,0,89790,0
78528,89790,0,89790,0
78528,89790,0,89790,0
78528,89790,0,89790,0
78528,89790,0,89790,0
78528,89790,0,89790,0
78528,89790,0,89780,0
78528,89780,0,89780,0
78528,89780,0,89780,0
78528,89780,0,89780,0
78528,89780,0,89780,0
78528,89780,0,89780,0
78528,89780,0,89780,0
78528,89780,0,89780,0
78528,89780,0,89780,0
78528,89780,0,89780,0
78528,89780,0,89780,0
78528,89780,0,89780,0
78528,89780,0,89780,0
78528,89780,0,89780,0
78528,89780,0,89780,0
78528,89780,0,89780,0
78528,89780,0,89780,0
78528,89780,0,89780,0
78528,89780,0,89780,0
78528,89780,0,89780,0
78528,89780,0,89780,0
78528,89780,0,89780,0
78528,89780,0,89780,0
78528,89780,0,89780,0
78528,89780,0,89780,0
78528,89780,0,89780,0
78528,89780,0,89780,0
78528,89780,0,89780,0
78528,89780,0,89780,0
78528,89780,0,89780,0
78528,89780,0,89780,0
78528,89780,0,89780,0
78528,89780,0,89780,0
78528,89780,0,89780,0
78528,89780,0,89780,0
78528,89780,0,89780,0
78528,89780,0,89780,0
78528,89780,0,89780,0
78528,89780,0,89780,0
78528,89780,0,89780,0
78528,89780,0,89780,0
78528,89780,0,89780,0
78528,89780,0,89780,0
78528,89780,0,89780,0
78528,89780,0,89780,0
78528,89780,0,89780,0
78528,89780,0,89779,1
78528,89779,1,89779,1
78528,89779,1,89779,1
78528,89779,1,89779,1
78528,89779,1,89779,1
78528,89779,1,89779,1
78528,89779,1,89779,1
78528,89779,1,89779,1
78528,89779,1,89779,1
78528,89779,1,89779,1
78528,89779,1,89779,1
78528,89779,1,89779,1
78528,89779,1,89779,1
78528,89779,1,89779,1
78528,89779,1,89779,1
78528,89779,1,89779,1
78528,89779,1,89779,1
78528,89779,1,89779,1
78528,89779,1,89779,1
78528,89779,1,89779,1
78528,89779,1,89779,1
78528,89779,1,89779,1
78528,89779,1,89779,1
78528,89779,1,89779,1
78528,89779,1,89779,1
78528,89779,1,89779,1
78528,89779,1,89779,1
78528,89779,1,89779,1
78528,89779,1,89779,1
78528,89779,1,89779,1
78528,89779,1,89779,1
78528,89779,1,89779,1
78528,89779,1,89779,1
78528,89779,1,89779,1
78528,89779,1,89779,1
78528,89779,1,89779,1
78528,89779,1,89779,1
78528,89779,1,89779,1
78528,89779,1,89779,1
78528,89779,1,89779,1
78528,89779,1,89779,1
78528,89779,1,89779,1
78528,89779,1,89779,1
78528,89779,1,89779,1
78528,89779,1,89779,1
78528,89779,1,89779,1
78528,89779,1,89799,1
78528,89799,1,89799,1
78528,89799,1,89799,1
78528,89799,1,89799,1
78528,89799,1,89799,1
78528,89799,1,89799,1
78528,89799,1,89799,1
78528,89799,1,89799,1
78528,89799,1,89799,1
78528,89799,1,89799,1
78528,89799,1,89799,1
78528,89799,1,89799,1
78528,89799,1,89799,1
78528,89799,1,89799,1
78528,89799,1,89799,1
78528,89799,1,89799,1
78528,89799,1,89799,1
78528,89799,1,89799,1
78528,89799,1,89799,1
78528,89799,1,89799,1
78528,89799,1,89799,1
78528,89799,1,89799,1
78528,89799,1,89799,1
78528,89799,1,89799,1
78528,89799,1,89799,1
78528,89799,1,89799,1
78528,89799,1,89799,1
78528,89799,1,89799,1
78528,89799,1,89799,1
78528,89799,1,89799,1
78528,89799,1,89799,1
78528,89799,1,89799,1
78528,89799,1,89799,1
78528,89799,1,89799,1
78528,89799,1,89799,1
78528,89799,1,89799,1
78528,89799,1,89799,1
78528,89799,1,89799,1
78528,89799,1,89799,1
78528,89799,1,89799,1
78528,89799,1,89799,1
78528,89799,1,89799,1
78528,89799,1,89799,1
78528,89799,1,89799,1
78528,89799,1,89799,1
78528,89799,1,89799,1
78528,89799,1,89799,1
78528,89799,1,89799,1
78528,89799,1,89799,1
78528,89799,1,89799,1
78528,89799,1,89799,1
78528,89799,1,89799,1
78528,89799,1,89799,1
78528,89799,1,89799,1
78528,89799,1,89799,1
78528,89799,1,89799,1
78528,89799,1,89799,1
78528,89799,1,89799,1
78528,89799,1,89799,1
78528,89799,1,89799,1
78528,89799,1,89799,1
78528,89799,1,89799,1
78528,89799,1,89799,1
78528,89799,1,89799,1
78528,89799,1,89799,1
78528,89799,1,89799,1
78528,89799,1,89799,1
78528,89799,1,89799,1
78528,89799,1,89799,1
78528,89799,1,89799,1
78528,89799,1,89799,1
78528,89799,1,89799,1
78528,89799,1,89799,1
78528,89799,1,89799,1
78528,89799,1,89799,1
78528,89799,1,89799,1
78528,89799,1,89799,1
78528,89799,1,89799,1
78528,89799,1,89799,1
78528,89799,1,89799,1
78528,89799,1,89799,1
78528,89799,1,89799,1
78528,89799,1,89799,1
78528,89799,1,89799,1
78528,89799,1,89799,1
78528,89799,1,89799,1
78528,89799,1,89799,1
78528,89799,1,89799,1
78528,89799,1,89799,1
78528,89799,1,89799,1
78528,89799,1,89799,1
78528,89799,1,89799,1
78528,89799,1,89799,1
78528,89799,1,89806,1
78528,89806,1,89806,1
78528,89806,1,89806,1
78528,89806,1,89806,1
78528,89806,1,89806,1
78528,89806,1,89806,1
78528,89806,1,89806,1
78528,89806,1,89806,1
78528,89806,1,89806,1
78528,89806,1,89806,1
78528,89806,1,89806,1
78528,89806,1,89806,1
78528,89806,1,89806,1
78528,89806,1,89806,1
78528,89806,1,89806,1
78528,89806,1,89806,1
78528,89806,1,89806,1
78528,89806,1,89806,1
78528,89806,1,89806,1
78528,89806,1,89806,1
78528,89806,1,89806,1
78528,89806,1,89806,1
78528,89806,1,89806,1
78528,89806,1,89806,1
78528,89806,1,89806,1
78528,89806,1,89806,1
78528,89806,1,89806,1
78528,89806,1,89806,1
78528,89806,1,89806,1
78528,89806,1,89806,1
78528,89806,1,89806,1
78528,89806,1,89806,1
78528,89806,1,89806,1
78528,89806,1,89806,1
78528,89806,1,89806,1
78528,89806,1,89806,1
78528,89806,1,89806,1
78528,89806,1,89806,1
78528,89806,1,89806,1
78528,89806,1,89806,1
78528,89806,1,89806,1
78528,89806,1,89806,1
78528,89806,1,89806,1
78528,89806,1,89806,1
78528,89806,1,89806,1
78528,89806,1,89806,1
78528,89806,1,89806,1
78528,89806,1,89806,1
78528,89806,1,89806,1
78528,89806,1,89806,1
78528,89806,1,89806,1
78528,89806,1,89806,1
78528,89806,1,89806,1
78528,89806,1,89806,1
78528,89806,1,89806,1
78528,89806,1,89806,1
78528,89806,1,89806,1
78528,89806,1,89806,1
78528,89806,1,89806,1
78528,89806,1,89806,1
78528,89806,1,89806,1
78528,89806,1,89806,1
78528,89806,1,89806,1
78528,89806,1,89806,1
78528,89806,1,89806,1
78528,89806,1,89806,1
78528,89806,1,89806,1
78528,89806,1,89806,1
78528,89806,1,89806,1
78528,89806,1,89806,1
78528,89806,1,89806,1
78528,89806,1,89806,1
78528,89806,1,89806,1
78528,89806,1,89806,1
78528,89806,1,89806,1
78528,89806,1,89806,1
78528,89806,1,89806,1
78528,89806,1,89806,1
78528,89806,1,89806,1
78528,89806,1,89806,1
78528,89806,1,89806,1
78528,89806,1,89806,1
78528,89806,1,89806,1
78528,89806,1,89806,1
78528,89806,1,89806,1
78528,89806,1,89806,1
78528,89806,1,89806,1
78528,89806,1,89806,1
78528,89806,1,89806,1
78528,89806,1,89806,1
78528,89806,1,89806,1
78528,89806,1,89806,1
78528,89806,1,89806,1
78528,89806,1,89850,1
78528,89850,1,89850,1
78528,89850,1,89850,1
78528,89850,1,89850,1
78528,89850,1,89850,1
78528,89850,1,89850,1
78528,89850,1,89850,1
78528,89850,1,89850,1
78528,89850,1,89850,1
78528,89850,1,89850,1
78528,89850,1,89850,1
78528,89850,1,89850,1
78528,89850,1,89850,1
78528,89850,1,89850,1
78528,89850,1,89850,1
78528,89850,1,89850,1
78528,89850,1,89850,1
78528,89850,1,89850,1
78528,89850,1,89850,1
78528,89850,1,89850,1
78528,89850,1,89850,1
78528,89850,1,89850,1
78528,89850,1,89850,1
78528,89850,1,89850,1
78528,89850,1,89850,1
78528,89850,1,89850,1
78528,89850,1,89850,1
78528,89850,1,89850,1
78528,89850,1,89850,1
78528,89850,1,89850,1
78528,89850,1,89850,1
78528,89850,1,89850,1
78528,89850,1,89850,1
78528,89850,1,89850,1
78528,89850,1,89850,1
78528,89850,1,89850,1
78528,89850,1,89850,1
78528,89850,1,89850,1
78528,89850,1,89850,1
78528,89850,1,89850,1
78528,89850,1,89850,1
78528,89850,1,89850,1
78528,89850,1,89850,1
78528,89850,1,89850,1
78528,89850,1,89850,1
78528,89850,1,89850,1
78528,89850,1,89850,1
78528,89850,1,89850,1
78528,89850,1,89850,1
78528,89850,1,89850,1
78528,89850,1,89850,1
78528,89850,1,89850,1
78528,89850,1,89850,1
78528,89850,1,89850,1
78528,89850,1,89850,1
78528,89850,1,89850,1
78528,89850,1,89850,1
78528,89850,1,89850,1
78528,89850,1,89850,1
78528,89850,1,89850,1
78528,89850,1,89850,1
78528,89850,1,89850,1
78528,89850,1,89850,1
78528,89850,1,89850,1
78528,89850,1,89850,1
78528,89850,1,89850,1
78528,89850,1,89850,1
78528,89850,1,89850,1
78528,89850,1,89850,1
78528,89850,1,89850,1
78528,89850,1,89850,1
78528,89850,1,89850,1
78528,89850,1,89850,1
78528,89850,1,89850,1
78528,89850,1,89850,1
78528,89850,1,89850,1
78528,89850,1,89850,1
78528,89850,1,89850,1
78528,89850,1,89850,1
78528,89850,1,89850,1
78528,89850,1,89850,1
78528,89850,1,89850,1
78528,89850,1,89850,1
78528,89850,1,89850,1
78528,89850,1,89850,1
78528,89850,1,89850,1
78528,89850,1,89850,1
78528,89850,1,89850,1
78528,89850,1,89850,1
78528,89850,1,89850,1
78528,89850,1,89850,1
78528,89850,1,89850,1
78528,89850,1,89850,1
78528,89850,1,89817,1
78528,89817,1,89817,1
78528,89817,1,89817,1
78528,89817,1,89817,1
78528,89817,1,89817,1
78528,89817,1,89817,1
78528,89817,1,89817,1
78528,89817,1,89817,1
78528,89817,1,89817,1
78528,89817,1,89817,1
78528,89817,1,89817,1
78528,89817,1,89817,1
78528,89817,1,89817,1
78528,89817,1,89817,1
78528,89817,1,89817,1
78528,89817,1,89817,1
78528,89817,1,89817,1
78528,89817,1,89817,1
78528,89817,1,89817,1
78528,89817,1,89817,1
78528,89817,1,89817,1
78528,89817,1,89817,1
78528,89817,1,89817,1
78528,89817,1,89817,1
78528,89817,1,89817,1
78528,89817,1,89817,1
78528,89817,1,89817,1
78528,89817,1,89817,1
78528,89817,1,89817,1
78528,89817,1,89817,1
78528,89817,1,89817,1
78528,89817,1,89817,1
78528,89817,1,89817,1
78528,89817,1,89817,1
78528,89817,1,89817,1
78528,89817,1,89817,1
78528,89817,1,89817,1
78528,89817,1,89817,1
78528,89817,1,89817,1
78528,89817,1,89817,1
78528,89817,1,89817,1
78528,89817,1,89817,1
78528,89817,1,89817,1
78528,89817,1,89817,1
78528,89817,1,89817,1
78528,89817,1,89817,1
78528,89817,1,89817,1
78528,89817,1,89817,1
78528,89817,1,89817,1
78528,89817,1,89817,1
78528,89817,1,89817,1
78528,89817,1,89817,1
78528,89817,1,89817,1
78528,89817,1,89817,1
78528,89817,1,89817,1
78528,89817,1,89817,1
78528,89817,1,89817,1
78528,89817,1,89817,1
78528,89817,1,89817,1
78528,89817,1,89817,1
78528,89817,1,89817,1
78528,89817,1,89817,1
78528,89817,1,89817,1
78528,89817,1,89817,1
78528,89817,1,89817,1
78528,89817,1,89817,1
78528,89817,1,89817,1
78528,89817,1,89817,1
78528,89817,1,89817,1
78528,89817,1,89817,1
78528,89817,1,89817,1
78528,89817,1,89817,1
78528,89817,1,89817,1
78528,89817,1,89817,1
78528,89817,1,89817,1
78528,89817,1,89817,1
78528,89817,1,89817,1
78528,89817,1,89817,1
78528,89817,1,89817,1
78528,89817,1,89817,1
78528,89817,1,89817,1
78528,89817,1,89817,1
78528,89817,1,89817,1
78528,89817,1,89817,1
78528,89817,1,89817,1
78528,89817,1,89817,1
78528,89817,1,89817,1
78528,89817,1,89817,1
78528,89817,1,89817,1
78528,89817,1,89817,1
78528,89817,1,89817,1
78528,89817,1,89817,1
78528,89817,1,89817,1
78528,89817,1,89814,1
78528,89814,1,89814,1
78528,89814,1,89814,1
78528,89814,1,89814,1
78528,89814,1,89814,1
78528,89814,1,89814,1
78528,89814,1,89814,1
78528,89814,1,89814,1
78528,89814,1,89814,1
78528,89814,1,89814,1
78528,89814,1,89814,1
78528,89814,1,89814,1
78528,89814,1,89814,1
78528,89814,1,89814,1
78528,89814,1,89814,1
78528,89814,1,89814,1
78528,89814,1,89814,1
78528,89814,1,89814,1
78528,89814,1,89814,1
78528,89814,1,89814,1
78528,89814,1,89814,1
78528,89814,1,89814,1
78528,89814,1,89814,1
78528,89814,1,89814,1
78528,89814,1,89814,1
78528,89814,1,89814,1
78528,89814,1,89814,1
78528,89814,1,89814,1
78528,89814,1,89814,1
78528,89814,1,89814,1
78528,89814,1,89814,1
78528,89814,1,89814,1
78528,89814,1,89814,1
78528,89814,1,89814,1
78528,89814,1,89814,1
78528,89814,1,89814,1
78528,89814,1,89814,1
78528,89814,1,89814,1
78528,89814,1,89814,1
78528,89814,1,89814,1
78528,89814,1,89814,1
78528,89814,1,89814,1
78528,89814,1,89814,1
78528,89814,1,89814,1
78528,89814,1,89804,1
78528,89804,1,89804,1
78528,89804,1,89804,1
78528,89804,1,89804,1
78528,89804,1,89804,1
78528,89804,1,89804,1
78528,89804,1,89804,1
78528,89804,1,89804,1
78528,89804,1,89804,1
78528,89804,1,89804,1
78528,89804,1,89804,1
78528,89804,1,89804,1
78528,89804,1,89804,1
78528,89804,1,89804,1
78528,89804,1,89804,1
78528,89804,1,89804,1
78528,89804,1,89804,1
78528,89804,1,89804,1
78528,89804,1,89804,1
78528,89804,1,89804,1
78528,89804,1,89804,1
78528,89804,1,89804,1
78528,89804,1,89804,1
78528,89804,1,89804,1
78528,89804,1,89804,1
78528,89804,1,89804,1
78528,89804,1,89804,1
78528,89804,1,89804,1
78528,89804,1,89804,1
78528,89804,1,89804,1
78528,89804,1,89804,1
78528,89804,1,89804,1
78528,89804,1,89804,1
78528,89804,1,89804,1
78528,89804,1,89804,1
78528,89804,1,89804,1
78528,89804,1,89804,1
78528,89804,1,89804,1
78528,89804,1,89804,1
78528,89804,1,89804,1
78528,89804,1,89804,1
78528,89804,1,89804,1
78528,89804,1,89804,1
78528,89804,1,89804,1
78528,89804,1,89804,1
78528,89804,1,89804,1
78528,89804,1,89845,1
78528,89845,1,89845,1
78528,89845,1,89845,1
78528,89845,1,89845,1
78528,89845,1,89845,1
78528,89845,1,89845,1
78528,89845,1,89845,1
78528,89845,1,89845,1
78528,89845,1,89845,1
78528,89845,1,89845,1
78528,89845,1,89845,1
78528,89845,1,89845,1
78528,89845,1,89845,1
78528,89845,1,89845,1
78528,89845,1,89845,1
78528,89845,1,89845,1
78528,89845,1,89845,1
78528,89845,1,89845,1
78528,89845,1,89845,1
78528,89845,1,89845,1
78528,89845,1,89845,1
78528,89845,1,89845,1
78528,89845,1,89845,1
78528,89845,1,89845,1
78528,89845,1,89845,1
78528,89845,1,89845,1
78528,89845,1,89845,1
78528,89845,1,89845,1
78528,89845,1,89845,1
78528,89845,1,89845,1
78528,89845,1,89845,1
78528,89845,1,89845,1
78528,89845,1,89845,1
78528,89845,1,89845,1
78528,89845,1,89845,1
78528,89845,1,89845,1
78528,89845,1,89845,1
78528,89845,1,89845,1
78528,89845,1,89845,1
78528,89845,1,89845,1
78528,89845,1,89845,1
78528,89845,1,89845,1
78528,89845,1,89845,1
78528,89845,1,89845,1
78528,89845,1,89845,1
78528,89845,1,89845,1
78528,89845,1,89875,1
78528,89875,1,89875,1
78528,89875,1,89875,1
78528,89875,1,89875,1
78528,89875,1,89875,1
78528,89875,1,89875,1
78528,89875,1,89875,1
78528,89875,1,89875,1
78528,89875,1,89875,1
78528,89875,1,89875,1
78528,89875,1,89875,1
78528,89875,1,89875,1
78528,89875,1,89875,1
78528,89875,1,89875,1
78528,89875,1,89875,1
78528,89875,1,89875,1
78528,89875,1,89875,1
78528,89875,1,89875,1
78528,89875,1,89875,1
78528,89875,1,89875,1
78528,89875,1,89875,1
78528,89875,1,89875,1
78528,89875,1,89875,1
78528,89875,1,89875,1
78528,89875,1,89875,1
78528,89875,1,89875,1
78528,89875,1,89875,1
78528,89875,1,89875,1
78528,89875,1,89875,1
78528,89875,1,89875,1
78528,89875,1,89875,1
78528,89875,1,89875,1
78528,89875,1,89875,1
78528,89875,1,89875,1
78528,89875,1,89875,1
78528,89875,1,89875,1
78528,89875,1,89875,1
78528,89875,1,89875,1
78528,89875,1,89875,1
78528,89875,1,89875,1
78528,89875,1,89875,1
78528,89875,1,89875,1
78528,89875,1,89875,1
78528,89875,1,89875,1
78528,89875,1,89875,1
78528,89875,1,89875,1
78528,89875,1,173940,1
78528,173940,1,173908,1
78528,173908,1,174008,1
78528,174008,1,173968,1
78528,173968,1,91652,1
78528,91652,1,91652,1
78528,91652,1,91652,1
78528,91652,1,91652,1
78528,91652,1,91652,1
78528,91652,1,91652,1
78528,91652,1,91652,1
78528,91652,1,91652,1
78528,91652,1,91652,1
78528,91652,1,91652,1
78528,91652,1,91652,1
78528,91652,1,91652,1
78528,91652,1,91652,1
78528,91652,1,91652,1
78528,91652,1,91652,1
78528,91652,1,91652,1
78528,91652,1,91652,1
78528,91652,1,91652,1
78528,91652,1,91652,1
78528,91652,1,91652,1
78528,91652,1,91652,1
78528,91652,1,91652,1
78528,91652,1,91652,1
78528,91652,1,91652,1
78528,91652,1,91652,1
78528,91652,1,91652,1
78528,91652,1,91652,1
78528,91652,1,91652,1
78528,91652,1,91652,1
78528,91652,1,91652,1
78528,91652,1,91652,1
78528,91652,1,91652,1
78528,91652,1,91652,1
78528,91652,1,91652,1
78528,91652,1,91652,1
78528,91652,1,91652,1
78528,91652,1,91652,1
78528,91652,1,91652,1
78528,91652,1,91652,1
78528,91652,1,91652,1
78528,91652,1,91652,1
78528,91652,1,91652,1
78528,91652,1,91652,1
78528,91652,1,91652,1
78528,91652,1,91652,1
78528,91652,1,91652,1
78528,91652,1,91652,1
78528,91652,1,91652,1
78528,91652,1,91652,1
78528,91652,1,91652,1
78528,91652,1,91652,1
78528,91652,1,91652,1
78528,91652,1,91652,1
78528,91652,1,91652,1
78528,91652,1,91652,1
78528,91652,1,91652,1
78528,91652,1,91652,1
78528,91652,1,91652,1
78528,91652,1,91652,1
78528,91652,1,91652,1
78528,91652,1,91652,1
78528,91652,1,91652,1
78528,91652,1,91652,1
78528,91652,1,91652,1
78528,91652,1,91652,1
78528,91652,1,91652,1
78528,91652,1,91652,1
78528,91652,1,91652,1
78528,91652,1,91652,1
78528,91652,1,91652,1
78528,91652,1,91652,1
78528,91652,1,91652,1
78528,91652,1,91652,1
78528,91652,1,91652,1
78528,91652,1,91652,1
78528,91652,1,91652,1
78528,91652,1,91652,1
78528,91652,1,91652,1
78528,91652,1,91652,1
78528,91652,1,91652,1
78528,91652,1,91652,1
78528,91652,1,91652,1
78528,91652,1,91652,1
78528,91652,1,91652,1
78528,91652,1,91652,1
78528,91652,1,91652,1
78528,91652,1,91652,1
78528,91652,1,91652,1
78528,91652,1,91652,1
78528,91652,1,91652,1
78528,91652,1,91652,1
78528,91652,1,91652,1
78528,91652,1,91652,1
78531,93228,1,93228,1
78531,93228,1,93228,1
78531,93228,1,93228,1
78531,93228,1,93228,1
78531,93228,1,93228,1
78531,93228,1,93228,1
78531,93228,1,93228,1
78531,93228,1,93228,1
78531,93228,1,93228,1
78531,93228,1,93228,1
78531,93228,1,93228,1
78531,93228,1,93228,1
78531,93228,1,93228,1
78531,93228,1,93228,1
78531,93228,1,93228,1
78531,93228,1,93228,1
78531,93228,1,93228,1
78531,93228,1,93228,1
78531,93228,1,93228,1
78531,93228,1,93228,1
78531,93228,1,93228,1
78531,93228,1,93228,1
78531,93228,1,93228,1
78531,93228,1,93228,1
78531,93228,1,93228,1
78531,93228,1,93228,1
78531,93228,1,93228,1
78531,93228,1,93228,1
78531,93228,1,93228,1
78531,93228,1,93228,1
78531,93228,1,93228,1
78531,93228,1,93228,1
78531,93228,1,93228,1
78531,93228,1,93228,1
78531,93228,1,93228,1
78531,93228,1,93228,1
78531,93228,1,93228,1
78531,93228,1,93228,1
78531,93228,1,93228,1
78531,93228,1,93228,1
78531,93228,1,93228,1
78531,93228,1,93228,1
78531,93228,1,93228,1
78531,93228,1,93228,1
78531,93228,1,93228,1
78531,93228,1,93156,1
78531,93156,1,93156,1
78531,93156,1,93156,1
78531,93156,1,93156,1
78531,93156,1,93156,1
78531,93156,1,93156,1
78531,93156,1,93156,1
78531,93156,1,93156,1
78531,93156,1,93156,1
78531,93156,1,93156,1
78531,93156,1,93156,1
78531,93156,1,93156,1
78531,93156,1,93156,1
78531,93156,1,93156,1
78531,93156,1,93156,1
78531,93156,1,93156,1
78531,93156,1,93156,1
78531,93156,1,93156,1
78531,93156,1,93156,1
78531,93156,1,93156,1
78531,93156,1,93156,1
78531,93156,1,93156,1
78531,93156,1,93156,1
78531,93156,1,93156,1
78531,93156,1,93156,1
78531,93156,1,93156,1
78531,93156,1,93156,1
78531,93156,1,93156,1
78531,93156,1,93156,1
78531,93156,1,93156,1
78531,93156,1,93156,1
78531,93156,1,93156,1
78531,93156,1,93156,1
78531,93156,1,93156,1
78531,93156,1,93156,1
78531,93156,1,93156,1
78531,93156,1,93156,1
78531,93156,1,93156,1
78531,93156,1,93156,1
78531,93156,1,93156,1
78531,93156,1,93156,1
78531,93156,1,93156,1
78531,93156,1,93156,1
78531,93156,1,93156,1
78531,93156,1,93156,1
78531,93156,1,93156,1
78531,93156,1,93147,0
78531,93147,0,93147,0
78531,93147,0,93147,0
78531,93147,0,93147,0
78531,93147,0,93147,0
78531,93147,0,93147,0
78531,93147,0,93147,0
78531,93147,0,93147,0
78531,93147,0,93147,0
78531,93147,0,93147,0
78531,93147,0,93147,0
78531,93147,0,93147,0
78531,93147,0,93147,0
78531,93147,0,93147,0
78531,93147,0,93147,0
78531,93147,0,93147,0
78531,93147,0,93147,0
78531,93147,0,93147,0
78531,93147,0,93147,0
78531,93147,0,93147,0
78531,93147,0,93147,0
78531,93147,0,93147,0
78531,93147,0,93147,0
78531,93147,0,93147,0
78531,93147,0,93147,0
78531,93147,0,93147,0
78531,93147,0,93147,0
78531,93147,0,93147,0
78531,93147,0,93147,0
78531,93147,0,93147,0
78531,93147,0,93147,0
78531,93147,0,93147,0
78531,93147,0,93147,0
78531,93147,0,93147,0
78531,93147,0,93147,0
78531,93147,0,93147,0
78531,93147,0,93147,0
78531,93147,0,93147,0
78531,93147,0,93147,0
78531,93147,0,93147,0
78531,93147,0,93147,0
78531,93147,0,93147,0
78531,93147,0,93147,0
78531,93147,0,93219,0
78531,93219,0,93219,0
78531,93219,0,93219,0
78531,93219,0,93219,0
78531,93219,0,93219,0
78531,93219,0,93219,0
78531,93219,0,93219,0
78531,93219,0,93219,0
78531,93219,0,93219,0
78531,93219,0,93219,0
78531,93219,0,93219,0
78531,93219,0,93219,0
78531,93219,0,93219,0
78531,93219,0,93219,0
78531,93219,0,93219,0
78531,93219,0,93219,0
78531,93219,0,93219,0
78531,93219,0,93219,0
78531,93219,0,93219,0
78531,93219,0,93219,0
78531,93219,0,93219,0
78531,93219,0,93219,0
78531,93219,0,93219,0
78531,93219,0,93219,0
78531,93219,0,93219,0
78531,93219,0,93219,0
78531,93219,0,93219,0
78531,93219,0,93219,0
78531,93219,0,93219,0
78531,93219,0,93219,0
78531,93219,0,93219,0
78531,93219,0,93219,0
78531,93219,0,93219,0
78531,93219,0,93219,0
78531,93219,0,93219,0
78531,93219,0,93219,0
78531,93219,0,93219,0
78531,93219,0,93219,0
78531,93219,0,93219,0
78531,93219,0,93219,0
78531,93219,0,93219,0
78531,93219,0,93219,0
78531,93219,0,93219,0
78531,93219,0,93223,1
78531,93223,1,93223,1
78531,93223,1,93223,1
78531,93223,1,93223,1
78531,93223,1,93223,1
78531,93223,1,93223,1
78531,93223,1,93223,1
78531,93223,1,93223,1
78531,93223,1,93223,1
78531,93223,1,93223,1
78531,93223,1,93223,1
78531,93223,1,93223,1
78531,93223,1,93223,1
78531,93223,1,93223,1
78531,93223,1,93223,1
78531,93223,1,93223,1
78531,93223,1,93223,1
78531,93223,1,93223,1
78531,93223,1,93223,1
78531,93223,1,93223,1
78531,93223,1,93223,1
78531,93223,1,93223,1
78531,93223,1,93223,1
78531,93223,1,93223,1
78531,93223,1,93223,1
78531,93223,1,93223,1
78531,93223,1,93223,1
78531,93223,1,93223,1
78531,93223,1,93223,1
78531,93223,1,93223,1
78531,93223,1,93223,1
78531,93223,1,93223,1
78531,93223,1,93223,1
78531,93223,1,93223,1
78531,93223,1,93223,1
78531,93223,1,93223,1
78531,93223,1,93223,1
78531,93223,1,93223,1
78531,93223,1,93223,1
78531,93223,1,93223,1
78531,93223,1,93223,1
78531,93223,1,93223,1
78531,93223,1,93223,1
78531,93223,1,93216,1
78531,93216,1,93216,1
78531,93216,1,93216,1
78531,93216,1,93216,1
78531,93216,1,93216,1
78531,93216,1,93216,1
78531,93216,1,93216,1
78531,93216,1,93216,1
78531,93216,1,93216,1
78531,93216,1,93216,1
78531,93216,1,93216,1
78531,93216,1,93216,1
78531,93216,1,93216,1
78531,93216,1,93216,1
78531,93216,1,93216,1
78531,93216,1,93216,1
78531,93216,1,93216,1
78531,93216,1,93216,1
78531,93216,1,93216,1
78531,93216,1,93216,1
78531,93216,1,93216,1
78531,93216,1,93216,1
78531,93216,1,93216,1
78531,93216,1,93216,1
78531,93216,1,93216,1
78531,93216,1,93216,1
78531,93216,1,93216,1
78531,93216,1,93216,1
78531,93216,1,93216,1
78531,93216,1,93216,1
78531,93216,1,93216,1
78531,93216,1,93216,1
78531,93216,1,93216,1
78531,93216,1,93216,1
78531,93216,1,93216,1
78531,93216,1,93216,1
78531,93216,1,93216,1
78531,93216,1,93216,1
78531,93216,1,93216,1
78531,93216,1,93216,1
78531,93216,1,93216,1
78531,93216,1,93216,1
78531,93216,1,93216,1
78531,93216,1,93192,1
78531,93192,1,93192,1
78531,93192,1,93192,1
78531,93192,1,93192,1
78531,93192,1,93192,1
78531,93192,1,93192,1
78531,93192,1,93192,1
78531,93192,1,93192,1
78531,93192,1,93192,1
78531,93192,1,93192,1
78531,93192,1,93192,1
78531,93192,1,93192,1
78531,93192,1,93192,1
78531,93192,1,93192,1
78531,93192,1,93192,1
78531,93192,1,93192,1
78531,93192,1,93192,1
78531,93192,1,93192,1
78531,93192,1,93192,1
78531,93192,1,93192,1
78531,93192,1,93192,1
78531,93192,1,93192,1
78531,93192,1,93192,1
78531,93192,1,93192,1
78531,93192,1,93192,1
78531,93192,1,93192,1
78531,93192,1,93192,1
78531,93192,1,93192,1
78531,93192,1,93192,1
78531,93192,1,93192,1
78531,93192,1,93192,1
78531,93192,1,93192,1
78531,93192,1,93192,1
78531,93192,1,93192,1
78531,93192,1,93192,1
78531,93192,1,93192,1
78531,93192,1,93192,1
78531,93192,1,93192,1
78531,93192,1,93192,1
78531,93192,1,93192,1
78531,93192,1,93192,1
78531,93192,1,93192,1
78531,93192,1,93192,1
78531,93192,1,86103,1
78531,86103,1,86103,1
78531,86103,1,86103,1
78531,86103,1,86103,1
78531,86103,1,86103,1
78531,86103,1,86103,1
78531,86103,1,86103,1
78531,86103,1,86103,1
78531,86103,1,86103,1
78531,86103,1,86103,1
78531,86103,1,86103,1
78531,86103,1,86103,1
78531,86103,1,86103,1
78531,86103,1,86103,1
78531,86103,1,86103,1
78531,86103,1,86103,1
78531,86103,1,86103,1
78531,86103,1,86103,1
78531,86103,1,86103,1
78531,86103,1,86103,1
78531,86103,1,86103,1
78531,86103,1,86103,1
78531,86103,1,86103,1
78531,86103,1,86103,1
78531,86103,1,86103,1
78531,86103,1,86103,1
78531,86103,1,86103,1
78531,86103,1,86103,1
78531,86103,1,86103,1
78531,86103,1,86103,1
78531,86103,1,86103,1
78531,86103,1,86103,1
78531,86103,1,86103,1
78531,86103,1,86103,1
78531,86103,1,86103,1
78531,86103,1,86103,1
78531,86103,1,86103,1
78531,86103,1,86103,1
78531,86103,1,86103,1
78531,86103,1,86103,1
78531,86103,1,86103,1
78531,86103,1,86103,1
78531,86103,1,86103,1
78531,86103,1,86103,1
78531,86103,1,86103,1
78531,86103,1,86103,1
78531,86103,1,86099,1
78531,86099,1,86099,1
78531,86099,1,86099,1
78531,86099,1,86099,1
78531,86099,1,86099,1
78531,86099,1,86099,1
78531,86099,1,86099,1
78531,86099,1,86099,1
78531,86099,1,86099,1
78531,86099,1,86099,1
78531,86099,1,86099,1
78531,86099,1,86099,1
78531,86099,1,86099,1
78531,86099,1,86099,1
78531,86099,1,86099,1
78531,86099,1,86099,1
78531,86099,1,86099,1
78531,86099,1,86099,1
78531,86099,1,86099,1
78531,86099,1,86099,1
78531,86099,1,86099,1
78531,86099,1,86099,1
78531,86099,1,86099,1
78531,86099,1,86099,1
78531,86099,1,86099,1
78531,86099,1,86099,1
78531,86099,1,86099,1
78531,86099,1,86099,1
78531,86099,1,86099,1
78531,86099,1,86099,1
78531,86099,1,86099,1
78531,86099,1,86099,1
78531,86099,1,86099,1
78531,86099,1,86099,1
78531,86099,1,86099,1
78531,86099,1,86099,1
78531,86099,1,86099,1
78531,86099,1,86099,1
78531,86099,1,86099,1
78531,86099,1,86099,1
78531,86099,1,86099,1
78531,86099,1,86099,1
78531,86099,1,86099,1
78531,86099,1,86099,1
78531,86099,1,86099,1
78531,86099,1,86099,1
78531,86099,1,85654,1
78531,85654,1,85654,1
78531,85654,1,85654,1
78531,85654,1,85654,1
78531,85654,1,85654,1
78531,85654,1,85654,1
78531,85654,1,85654,1
78531,85654,1,85654,1
78531,85654,1,85654,1
78531,85654,1,85654,1
78531,85654,1,85654,1
78531,85654,1,85654,1
78531,85654,1,85654,1
78531,85654,1,85654,1
78531,85654,1,85654,1
78531,85654,1,85654,1
78531,85654,1,85654,1
78531,85654,1,85654,1
78531,85654,1,85654,1
78531,85654,1,85654,1
78531,85654,1,85654,1
78531,85654,1,85654,1
78531,85654,1,85654,1
78531,85654,1,85654,1
78531,85654,1,85654,1
78531,85654,1,85654,1
78531,85654,1,85654,1
78531,85654,1,85654,1
78531,85654,1,85654,1
78531,85654,1,85654,1
78531,85654,1,85654,1
78531,85654,1,85654,1
78531,85654,1,85654,1
78531,85654,1,85654,1
78531,85654,1,85654,1
78531,85654,1,85654,1
78531,85654,1,85654,1
78531,85654,1,85654,1
78531,85654,1,85654,1
78531,85654,1,85654,1
78531,85654,1,85654,1
78531,85654,1,85654,1
78531,85654,1,85654,1
78531,85654,1,89241,1
78531,89241,1,89241,1
78531,89241,1,89241,1
78531,89241,1,89241,1
78531,89241,1,89241,1
78531,89241,1,89241,1
78531,89241,1,89241,1
78531,89241,1,89241,1
78531,89241,1,89241,1
78531,89241,1,89241,1
78531,89241,1,89241,1
78531,89241,1,89241,1
78531,89241,1,89241,1
78531,89241,1,89241,1
78531,89241,1,89241,1
78531,89241,1,89241,1
78531,89241,1,89241,1
78531,89241,1,89241,1
78531,89241,1,89241,1
78531,89241,1,89241,1
78531,89241,1,89241,1
78531,89241,1,89241,1
78531,89241,1,89241,1
78531,89241,1,89241,1
78531,89241,1,89241,1
78531,89241,1,89241,1
78531,89241,1,89241,1
78531,89241,1,89241,1
78531,89241,1,89241,1
78531,89241,1,89241,1
78531,89241,1,89241,1
78531,89241,1,89241,1
78531,89241,1,89241,1
78531,89241,1,89241,1
78531,89241,1,89241,1
78531,89241,1,89241,1
78531,89241,1,89241,1
78531,89241,1,89241,1
78531,89241,1,89241,1
78531,89241,1,89241,1
78531,89241,1,89241,1
78531,89241,1,89241,1
78531,89241,1,89241,1
78531,89241,1,89241,1
78531,89241,1,89241,1
78531,89241,1,89241,1
78531,89241,1,89241,1
78531,89241,1,89241,1
78531,89241,1,89241,1
78531,89241,1,89241,1
78531,89241,1,89241,1
78531,89241,1,89241,1
78531,89241,1,89241,1
78531,89241,1,89241,1
78531,89241,1,89241,1
78531,89241,1,89241,1
78531,89241,1,89241,1
78531,89241,1,89241,1
78531,89241,1,89241,1
78531,89241,1,89241,1
78531,89241,1,89241,1
78531,89241,1,89241,1
78531,89241,1,89241,1
78531,89241,1,89241,1
78531,89241,1,89241,1
78531,89241,1,89241,1
78531,89241,1,89241,1
78531,89241,1,89241,1
78531,89241,1,89241,1
78531,89241,1,89241,1
78531,89241,1,89241,1
78531,89241,1,89241,1
78531,89241,1,89241,1
78531,89241,1,89241,1
78531,89241,1,89241,1
78531,89241,1,89241,1
78531,89241,1,89241,1
78531,89241,1,89241,1
78531,89241,1,89241,1
78531,89241,1,89241,1
78531,89241,1,89241,1
78531,89241,1,89241,1
78531,89241,1,89241,1
78531,89241,1,89241,1
78531,89241,1,89241,1
78531,89241,1,89241,1
78531,89241,1,89241,1
78531,89241,1,89241,1
78531,89241,1,89241,1
78531,89241,1,89241,1
78531,89241,1,89241,1
78531,89241,1,89241,1
78531,89241,1,89241,1
78531,89241,1,89241,1
78531,89241,1,89241,1
78531,89241,1,89241,1
78531,89241,1,89241,1
78531,89241,1,91399,1
78531,91399,1,91399,1
78531,91399,1,91399,1
78531,91399,1,91399,1
78531,91399,1,91399,1
78531,91399,1,91399,1
78531,91399,1,91399,1
78531,91399,1,91399,1
78531,91399,1,91399,1
78531,91399,1,91399,1
78531,91399,1,91399,1
78531,91399,1,91399,1
78531,91399,1,91399,1
78531,91399,1,91399,1
78531,91399,1,91399,1
78531,91399,1,91399,1
78531,91399,1,91399,1
78531,91399,1,91399,1
78531,91399,1,91399,1
78531,91399,1,91399,1
78531,91399,1,91399,1
78531,91399,1,91399,1
78531,91399,1,91399,1
78531,91399,1,91399,1
78531,91399,1,91399,1
78531,91399,1,91399,1
78531,91399,1,91399,1
78531,91399,1,91399,1
78531,91399,1,91399,1
78531,91399,1,91399,1
78531,91399,1,91399,1
78531,91399,1,91399,1
78531,91399,1,91399,1
78531,91399,1,91399,1
78531,91399,1,91399,1
78531,91399,1,91399,1
78531,91399,1,91399,1
78531,91399,1,91399,1
78531,91399,1,91399,1
78531,91399,1,91399,1
78531,91399,1,91399,1
78531,91399,1,91399,1
78531,91399,1,91399,1
78531,91399,1,91399,1
78531,91399,1,91399,1
78531,91399,1,91399,1
78531,91399,1,91399,1
78531,91399,1,89290,1
78531,89290,1,89290,1
78531,89290,1,89290,1
78531,89290,1,89290,1
78531,89290,1,89290,1
78531,89290,1,89290,1
78531,89290,1,89290,1
78531,89290,1,89290,1
78531,89290,1,89290,1
78531,89290,1,89290,1
78531,89290,1,89290,1
78531,89290,1,89290,1
78531,89290,1,89290,1
78531,89290,1,89290,1
78531,89290,1,89290,1
78531,89290,1,89290,1
78531,89290,1,89290,1
78531,89290,1,89290,1
78531,89290,1,89290,1
78531,89290,1,89290,1
78531,89290,1,89290,1
78531,89290,1,89290,1
78531,89290,1,89290,1
78531,89290,1,89290,1
78531,89290,1,89290,1
78531,89290,1,89290,1
78531,89290,1,89290,1
78531,89290,1,89290,1
78531,89290,1,89290,1
78531,89290,1,89290,1
78531,89290,1,89290,1
78531,89290,1,89290,1
78531,89290,1,89290,1
78531,89290,1,89290,1
78531,89290,1,89290,1
78531,89290,1,89290,1
78531,89290,1,89290,1
78531,89290,1,89290,1
78531,89290,1,89290,1
78531,89290,1,89290,1
78531,89290,1,89290,1
78531,89290,1,89290,1
78531,89290,1,89290,1
78531,89290,1,89290,1
78531,89290,1,89290,1
78531,89290,1,89290,1
78531,89290,1,89290,1
78531,89290,1,91381,1
78531,91381,1,91381,1
78531,91381,1,91381,1
78531,91381,1,91381,1
78531,91381,1,91381,1
78531,91381,1,91381,1
78531,91381,1,91381,1
78531,91381,1,91381,1
78531,91381,1,91381,1
78531,91381,1,91381,1
78531,91381,1,91381,1
78531,91381,1,91381,1
78531,91381,1,91381,1
78531,91381,1,91381,1
78531,91381,1,91381,1
78531,91381,1,91381,1
78531,91381,1,91381,1
78531,91381,1,91381,1
78531,91381,1,91381,1
78531,91381,1,91381,1
78531,91381,1,91381,1
78531,91381,1,91381,1
78531,91381,1,91381,1
78531,91381,1,91381,1
78531,91381,1,91381,1
78531,91381,1,91381,1
78531,91381,1,91381,1
78531,91381,1,91381,1
78531,91381,1,91381,1
78531,91381,1,91381,1
78531,91381,1,91381,1
78531,91381,1,91381,1
78531,91381,1,91381,1
78531,91381,1,91381,1
78531,91381,1,91381,1
78531,91381,1,91381,1
78531,91381,1,91381,1
78531,91381,1,91381,1
78531,91381,1,91381,1
78531,91381,1,91381,1
78531,91381,1,91381,1
78531,91381,1,91381,1
78531,91381,1,91381,1
78531,91381,1,91381,1
78531,91381,1,91381,1
78531,91381,1,91381,1
78531,91381,1,91381,1
78531,91381,1,91381,1
78531,91381,1,91381,1
78531,91381,1,91381,1
78531,91381,1,91381,1
78531,91381,1,91381,1
78531,91381,1,91381,1
78531,91381,1,91381,1
78531,91381,1,91381,1
78531,91381,1,91381,1
78531,91381,1,91381,1
78531,91381,1,91381,1
78531,91381,1,91381,1
78531,91381,1,91381,1
78531,91381,1,91381,1
78531,91381,1,91381,1
78531,91381,1,91381,1
78531,91381,1,91381,1
78531,91381,1,91381,1
78531,91381,1,91381,1
78531,91381,1,91381,1
78531,91381,1,91381,1
78531,91381,1,91381,1
78531,91381,1,91381,1
78531,91381,1,91381,1
78531,91381,1,91381,1
78531,91381,1,91381,1
78531,91381,1,91381,1
78531,91381,1,91381,1
78531,91381,1,91381,1
78531,91381,1,91381,1
78531,91381,1,91381,1
78531,91381,1,91381,1
78531,91381,1,91381,1
78531,91381,1,91381,1
78531,91381,1,91381,1
78531,91381,1,91381,1
78531,91381,1,91381,1
78531,91381,1,91381,1
78531,91381,1,91381,1
78531,91381,1,91381,1
78531,91381,1,91381,1
78531,91381,1,91381,1
78531,91381,1,91381,1
78531,91381,1,91381,1
78531,91381,1,91381,1
78531,91381,1,91381,1
78531,91381,1,91381,1
78531,91381,1,91381,1
78531,91381,1,91381,1
78531,91381,1,91381,1
78531,91381,1,89775,0
78531,89775,0,89775,0
78531,89775,0,89775,0
78531,89775,0,89775,0
78531,89775,0,89775,0
78531,89775,0,89775,0
78531,89775,0,89775,0
78531,89775,0,89775,0
78531,89775,0,89775,0
78531,89775,0,89775,0
78531,89775,0,89775,0
78531,89775,0,89775,0
78531,89775,0,89775,0
78531,89775,0,89775,0
78531,89775,0,89775,0
78531,89775,0,89775,0
78531,89775,0,89775,0
78531,89775,0,89775,0
78531,89775,0,89775,0
78531,89775,0,89775,0
78531,89775,0,89775,0
78531,89775,0,89775,0
78531,89775,0,89775,0
78531,89775,0,89775,0
78531,89775,0,89775,0
78531,89775,0,89775,0
78531,89775,0,89775,0
78531,89775,0,89775,0
78531,89775,0,89775,0
78531,89775,0,89775,0
78531,89775,0,89775,0
78531,89775,0,89775,0
78531,89775,0,89775,0
78531,89775,0,89775,0
78531,89775,0,89775,0
78531,89775,0,89775,0
78531,89775,0,89775,0
78531,89775,0,89775,0
78531,89775,0,89775,0
78531,89775,0,89775,0
78531,89775,0,89775,0
78531,89775,0,89775,0
78531,89775,0,89775,0
78531,89775,0,89775,0
78531,89775,0,89775,0
78531,89775,0,89775,0
78531,89775,0,89775,0
78531,89775,0,89775,0
78531,89775,0,89775,0
78531,89775,0,89775,0
78531,89775,0,89775,0
78531,89775,0,89775,0
78531,89775,0,89775,0
78531,89775,0,89775,0
78531,89775,0,89775,0
78531,89775,0,89775,0
78531,89775,0,89775,0
78531,89775,0,89775,0
78531,89775,0,89775,0
78531,89775,0,89775,0
78531,89775,0,89775,0
78531,89775,0,89775,0
78531,89775,0,89775,0
78531,89775,0,89775,0
78531,89775,0,89775,0
78531,89775,0,89775,0
78531,89775,0,89775,0
78531,89775,0,89775,0
78531,89775,0,89775,0
78531,89775,0,89775,0
78531,89775,0,89775,0
78531,89775,0,89775,0
78531,89775,0,89775,0
78531,89775,0,89775,0
78531,89775,0,89775,0
78531,89775,0,89775,0
78531,89775,0,89775,0
78531,89775,0,89775,0
78531,89775,0,89775,0
78531,89775,0,89775,0
78531,89775,0,89775,0
78531,89775,0,89775,0
78531,89775,0,89775,0
78531,89775,0,89775,0
78531,89775,0,89775,0
78531,89775,0,89775,0
78531,89775,0,89775,0
78531,89775,0,89775,0
78531,89775,0,89775,0
78531,89775,0,89775,0
78531,89775,0,89775,0
78531,89775,0,89775,0
78531,89775,0,89775,0
78531,89775,0,89769,0
78531,89769,0,89769,0
78531,89769,0,89769,0
78531,89769,0,89769,0
78531,89769,0,89769,0
78531,89769,0,89769,0
78531,89769,0,89769,0
78531,89769,0,89769,0
78531,89769,0,89769,0
78531,89769,0,89769,0
78531,89769,0,89769,0
78531,89769,0,89769,0
78531,89769,0,89769,0
78531,89769,0,89769,0
78531,89769,0,89769,0
78531,89769,0,89769,0
78531,89769,0,89769,0
78531,89769,0,89769,0
78531,89769,0,89769,0
78531,89769,0,89769,0
78531,89769,0,89769,0
78531,89769,0,89769,0
78531,89769,0,89769,0
78531,89769,0,89769,0
78531,89769,0,89769,0
78531,89769,0,89769,0
78531,89769,0,89769,0
78531,89769,0,89769,0
78531,89769,0,89769,0
78531,89769,0,89769,0
78531,89769,0,89769,0
78531,89769,0,89769,0
78531,89769,0,89769,0
78531,89769,0,89769,0
78531,89769,0,89769,0
78531,89769,0,89769,0
78531,89769,0,89769,0
78531,89769,0,89769,0
78531,89769,0,89769,0
78531,89769,0,89769,0
78531,89769,0,89769,0
78531,89769,0,89769,0
78531,89769,0,89769,0
78531,89769,0,89769,0
78531,89769,0,89769,0
78531,89769,0,89769,0
78531,89769,0,89769,0
78531,89769,0,89769,0
78531,89769,0,89769,0
78531,89769,0,89769,0
78531,89769,0,89769,0
78531,89769,0,89769,0
78531,89769,0,89769,0
78531,89769,0,89769,0
78531,89769,0,89769,0
78531,89769,0,89769,0
78531,89769,0,89769,0
78531,89769,0,89769,0
78531,89769,0,89769,0
78531,89769,0,89769,0
78531,89769,0,89769,0
78531,89769,0,89769,0
78531,89769,0,89769,0
78531,89769,0,89769,0
78531,89769,0,89769,0
78531,89769,0,89769,0
78531,89769,0,89769,0
78531,89769,0,89769,0
78531,89769,0,89769,0
78531,89769,0,89769,0
78531,89769,0,89769,0
78531,89769,0,89769,0
78531,89769,0,89769,0
78531,89769,0,89769,0
78531,89769,0,89769,0
78531,89769,0,89769,0
78531,89769,0,89769,0
78531,89769,0,89769,0
78531,89769,0,89769,0
78531,89769,0,89769,0
78531,89769,0,89769,0
78531,89769,0,89769,0
78531,89769,0,89769,0
78531,89769,0,89769,0
78531,89769,0,89769,0
78531,89769,0,89769,0
78531,89769,0,89769,0
78531,89769,0,89769,0
78531,89769,0,89769,0
78531,89769,0,89769,0
78531,89769,0,89769,0
78531,89769,0,89769,0
78531,89769,0,89769,0
78531,89769,0,89776,0
78531,89776,0,89776,0
78531,89776,0,89776,0
78531,89776,0,89776,0
78531,89776,0,89776,0
78531,89776,0,89776,0
78531,89776,0,89776,0
78531,89776,0,89776,0
78531,89776,0,89776,0
78531,89776,0,89776,0
78531,89776,0,89776,0
78531,89776,0,89776,0
78531,89776,0,89776,0
78531,89776,0,89776,0
78531,89776,0,89776,0
78531,89776,0,89776,0
78531,89776,0,89776,0
78531,89776,0,89776,0
78531,89776,0,89776,0
78531,89776,0,89776,0
78531,89776,0,89776,0
78531,89776,0,89776,0
78531,89776,0,89776,0
78531,89776,0,89776,0
78531,89776,0,89776,0
78531,89776,0,89776,0
78531,89776,0,89776,0
78531,89776,0,89776,0
78531,89776,0,89776,0
78531,89776,0,89776,0
78531,89776,0,89776,0
78531,89776,0,89776,0
78531,89776,0,89776,0
78531,89776,0,89776,0
78531,89776,0,89776,0
78531,89776,0,89776,0
78531,89776,0,89776,0
78531,89776,0,89776,0
78531,89776,0,89776,0
78531,89776,0,89776,0
78531,89776,0,89776,0
78531,89776,0,89776,0
78531,89776,0,89776,0
78531,89776,0,89776,0
78531,89776,0,89776,0
78531,89776,0,89776,0
78531,89776,0,89764,1
78531,89764,1,89764,1
78531,89764,1,89764,1
78531,89764,1,89764,1
78531,89764,1,89764,1
78531,89764,1,89764,1
78531,89764,1,89764,1
78531,89764,1,89764,1
78531,89764,1,89764,1
78531,89764,1,89764,1
78531,89764,1,89764,1
78531,89764,1,89764,1
78531,89764,1,89764,1
78531,89764,1,89764,1
78531,89764,1,89764,1
78531,89764,1,89764,1
78531,89764,1,89764,1
78531,89764,1,89764,1
78531,89764,1,89764,1
78531,89764,1,89764,1
78531,89764,1,89764,1
78531,89764,1,89764,1
78531,89764,1,89764,1
78531,89764,1,89764,1
78531,89764,1,89764,1
78531,89764,1,89764,1
78531,89764,1,89764,1
78531,89764,1,89764,1
78531,89764,1,89764,1
78531,89764,1,89764,1
78531,89764,1,89764,1
78531,89764,1,89764,1
78531,89764,1,89764,1
78531,89764,1,89764,1
78531,89764,1,89764,1
78531,89764,1,89764,1
78531,89764,1,89764,1
78531,89764,1,89764,1
78531,89764,1,89764,1
78531,89764,1,89764,1
78531,89764,1,89764,1
78531,89764,1,89764,1
78531,89764,1,89764,1
78531,89764,1,89764,1
78531,89764,1,89764,1
78531,89764,1,89764,1
78531,89764,1,89775,1
78531,89775,1,89775,1
78531,89775,1,89775,1
78531,89775,1,89775,1
78531,89775,1,89775,1
78531,89775,1,89775,1
78531,89775,1,89775,1
78531,89775,1,89775,1
78531,89775,1,89775,1
78531,89775,1,89775,1
78531,89775,1,89775,1
78531,89775,1,89775,1
78531,89775,1,89775,1
78531,89775,1,89775,1
78531,89775,1,89775,1
78531,89775,1,89775,1
78531,89775,1,89775,1
78531,89775,1,89775,1
78531,89775,1,89775,1
78531,89775,1,89775,1
78531,89775,1,89775,1
78531,89775,1,89775,1
78531,89775,1,89775,1
78531,89775,1,89775,1
78531,89775,1,89775,1
78531,89775,1,89775,1
78531,89775,1,89775,1
78531,89775,1,89775,1
78531,89775,1,89775,1
78531,89775,1,89775,1
78531,89775,1,89775,1
78531,89775,1,89775,1
78531,89775,1,89775,1
78531,89775,1,89775,1
78531,89775,1,89775,1
78531,89775,1,89775,1
78531,89775,1,89775,1
78531,89775,1,89775,1
78531,89775,1,89775,1
78531,89775,1,89775,1
78531,89775,1,89775,1
78531,89775,1,89775,1
78531,89775,1,89775,1
78531,89775,1,89775,1
78531,89775,1,89775,1
78531,89775,1,89775,1
78531,89775,1,89849,1
78531,89849,1,89849,1
78531,89849,1,89849,1
78531,89849,1,89849,1
78531,89849,1,89849,1
78531,89849,1,89849,1
78531,89849,1,89849,1
78531,89849,1,89849,1
78531,89849,1,89849,1
78531,89849,1,89849,1
78531,89849,1,89849,1
78531,89849,1,89849,1
78531,89849,1,89849,1
78531,89849,1,89849,1
78531,89849,1,89849,1
78531,89849,1,89849,1
78531,89849,1,89849,1
78531,89849,1,89849,1
78531,89849,1,89849,1
78531,89849,1,89849,1
78531,89849,1,89849,1
78531,89849,1,89849,1
78531,89849,1,89849,1
78531,89849,1,89849,1
78531,89849,1,89849,1
78531,89849,1,89849,1
78531,89849,1,89849,1
78531,89849,1,89849,1
78531,89849,1,89849,1
78531,89849,1,89849,1
78531,89849,1,89849,1
78531,89849,1,89849,1
78531,89849,1,89849,1
78531,89849,1,89849,1
78531,89849,1,89849,1
78531,89849,1,89849,1
78531,89849,1,89849,1
78531,89849,1,89849,1
78531,89849,1,89849,1
78531,89849,1,89849,1
78531,89849,1,89849,1
78531,89849,1,89849,1
78531,89849,1,89849,1
78531,89849,1,89849,1
78531,89849,1,89849,1
78531,89849,1,89849,1
78531,89849,1,89849,1
78531,89849,1,89849,1
78531,89849,1,89849,1
78531,89849,1,89849,1
78531,89849,1,89849,1
78531,89849,1,89849,1
78531,89849,1,89849,1
78531,89849,1,89849,1
78531,89849,1,89849,1
78531,89849,1,89849,1
78531,89849,1,89849,1
78531,89849,1,89849,1
78531,89849,1,89849,1
78531,89849,1,89849,1
78531,89849,1,89849,1
78531,89849,1,89849,1
78531,89849,1,89849,1
78531,89849,1,89849,1
78531,89849,1,89849,1
78531,89849,1,89849,1
78531,89849,1,89849,1
78531,89849,1,89849,1
78531,89849,1,89849,1
78531,89849,1,89849,1
78531,89849,1,89849,1
78531,89849,1,89849,1
78531,89849,1,89849,1
78531,89849,1,89849,1
78531,89849,1,89849,1
78531,89849,1,89849,1
78531,89849,1,89849,1
78531,89849,1,89849,1
78531,89849,1,89849,1
78531,89849,1,89849,1
78531,89849,1,89849,1
78531,89849,1,89849,1
78531,89849,1,89849,1
78531,89849,1,89849,1
78531,89849,1,89849,1
78531,89849,1,89849,1
78531,89849,1,89849,1
78531,89849,1,89849,1
78531,89849,1,89849,1
78531,89849,1,89849,1
78531,89849,1,89849,1
78531,89849,1,89849,1
78531,89849,1,89849,1
78531,89849,1,89832,1
78531,89832,1,89832,1
78531,89832,1,89832,1
78531,89832,1,89832,1
78531,89832,1,89832,1
78531,89832,1,89832,1
78531,89832,1,89832,1
78531,89832,1,89832,1
78531,89832,1,89832,1
78531,89832,1,89832,1
78531,89832,1,89832,1
78531,89832,1,89832,1
78531,89832,1,89832,1
78531,89832,1,89832,1
78531,89832,1,89832,1
78531,89832,1,89832,1
78531,89832,1,89832,1
78531,89832,1,89832,1
78531,89832,1,89832,1
78531,89832,1,89832,1
78531,89832,1,89832,1
78531,89832,1,89832,1
78531,89832,1,89832,1
78531,89832,1,89832,1
78531,89832,1,89832,1
78531,89832,1,89832,1
78531,89832,1,89832,1
78531,89832,1,89832,1
78531,89832,1,89832,1
78531,89832,1,89832,1
78531,89832,1,89832,1
78531,89832,1,89832,1
78531,89832,1,89832,1
78531,89832,1,89832,1
78531,89832,1,89832,1
78531,89832,1,89832,1
78531,89832,1,89832,1
78531,89832,1,89832,1
78531,89832,1,89832,1
78531,89832,1,89832,1
78531,89832,1,89832,1
78531,89832,1,89832,1
78531,89832,1,89832,1
78531,89832,1,89832,1
78531,89832,1,89832,1
78531,89832,1,89832,1
78531,89832,1,89832,1
78531,89832,1,89832,1
78531,89832,1,89832,1
78531,89832,1,89832,1
78531,89832,1,89832,1
78531,89832,1,89832,1
78531,89832,1,89832,1
78531,89832,1,89832,1
78531,89832,1,89832,1
78531,89832,1,89832,1
78531,89832,1,89832,1
78531,89832,1,89832,1
78531,89832,1,89832,1
78531,89832,1,89832,1
78531,89832,1,89832,1
78531,89832,1,89832,1
78531,89832,1,89832,1
78531,89832,1,89832,1
78531,89832,1,89832,1
78531,89832,1,89832,1
78531,89832,1,89832,1
78531,89832,1,89832,1
78531,89832,1,89832,1
78531,89832,1,89832,1
78531,89832,1,89832,1
78531,89832,1,89832,1
78531,89832,1,89832,1
78531,89832,1,89832,1
78531,89832,1,89832,1
78531,89832,1,89832,1
78531,89832,1,89832,1
78531,89832,1,89832,1
78531,89832,1,89832,1
78531,89832,1,89832,1
78531,89832,1,89832,1
78531,89832,1,89832,1
78531,89832,1,89832,1
78531,89832,1,89832,1
78531,89832,1,89832,1
78531,89832,1,89832,1
78531,89832,1,89832,1
78531,89832,1,89832,1
78531,89832,1,89832,1
78531,89832,1,89832,1
78531,89832,1,89832,1
78531,89832,1,89832,1
78531,89832,1,89832,1
78531,89832,1,89877,1
78531,89877,1,89877,1
78531,89877,1,89877,1
78531,89877,1,89877,1
78531,89877,1,89877,1
78531,89877,1,89877,1
78531,89877,1,89877,1
78531,89877,1,89877,1
78531,89877,1,89877,1
78531,89877,1,89877,1
78531,89877,1,89877,1
78531,89877,1,89877,1
78531,89877,1,89877,1
78531,89877,1,89877,1
78531,89877,1,89877,1
78531,89877,1,89877,1
78531,89877,1,89877,1
78531,89877,1,89877,1
78531,89877,1,89877,1
78531,89877,1,89877,1
78531,89877,1,89877,1
78531,89877,1,89877,1
78531,89877,1,89877,1
78531,89877,1,89877,1
78531,89877,1,89877,1
78531,89877,1,89877,1
78531,89877,1,89877,1
78531,89877,1,89877,1
78531,89877,1,89877,1
78531,89877,1,89877,1
78531,89877,1,89877,1
78531,89877,1,89877,1
78531,89877,1,89877,1
78531,89877,1,89877,1
78531,89877,1,89877,1
78531,89877,1,89877,1
78531,89877,1,89877,1
78531,89877,1,89877,1
78531,89877,1,89877,1
78531,89877,1,89877,1
78531,89877,1,89877,1
78531,89877,1,89877,1
78531,89877,1,89877,1
78531,89877,1,89877,1
78531,89877,1,89877,1
78531,89877,1,89877,1
78531,89877,1,89877,1
78531,89877,1,89877,1
78531,89877,1,89877,1
78531,89877,1,89877,1
78531,89877,1,89877,1
78531,89877,1,89877,1
78531,89877,1,89877,1
78531,89877,1,89877,1
78531,89877,1,89877,1
78531,89877,1,89877,1
78531,89877,1,89877,1
78531,89877,1,89877,1
78531,89877,1,89877,1
78531,89877,1,89877,1
78531,89877,1,89877,1
78531,89877,1,89877,1
78531,89877,1,89877,1
78531,89877,1,89877,1
78531,89877,1,89877,1
78531,89877,1,89877,1
78531,89877,1,89877,1
78531,89877,1,89877,1
78531,89877,1,89877,1
78531,89877,1,89877,1
78531,89877,1,89877,1
78531,89877,1,89877,1
78531,89877,1,89877,1
78531,89877,1,89877,1
78531,89877,1,89877,1
78531,89877,1,89877,1
78531,89877,1,89877,1
78531,89877,1,89877,1
78531,89877,1,89877,1
78531,89877,1,89877,1
78531,89877,1,89877,1
78531,89877,1,89877,1
78531,89877,1,89877,1
78531,89877,1,89877,1
78531,89877,1,89877,1
78531,89877,1,89877,1
78531,89877,1,89877,1
78531,89877,1,89877,1
78531,89877,1,89877,1
78531,89877,1,89877,1
78531,89877,1,89877,1
78531,89877,1,89877,1
78531,89877,1,89877,1
78531,89877,1,89876,1
78531,89876,1,89876,1
78531,89876,1,89876,1
78531,89876,1,89876,1
78531,89876,1,89876,1
78531,89876,1,89876,1
78531,89876,1,89876,1
78531,89876,1,89876,1
78531,89876,1,89876,1
78531,89876,1,89876,1
78531,89876,1,89876,1
78531,89876,1,89876,1
78531,89876,1,89876,1
78531,89876,1,89876,1
78531,89876,1,89876,1
78531,89876,1,89876,1
78531,89876,1,89876,1
78531,89876,1,89876,1
78531,89876,1,89876,1
78531,89876,1,89876,1
78531,89876,1,89876,1
78531,89876,1,89876,1
78531,89876,1,89876,1
78531,89876,1,89876,1
78531,89876,1,89876,1
78531,89876,1,89876,1
78531,89876,1,89876,1
78531,89876,1,89876,1
78531,89876,1,89876,1
78531,89876,1,89876,1
78531,89876,1,89876,1
78531,89876,1,89876,1
78531,89876,1,89876,1
78531,89876,1,89876,1
78531,89876,1,89876,1
78531,89876,1,89876,1
78531,89876,1,89876,1
78531,89876,1,89876,1
78531,89876,1,89876,1
78531,89876,1,89876,1
78531,89876,1,89876,1
78531,89876,1,89876,1
78531,89876,1,89876,1
78531,89876,1,89876,1
78531,89876,1,89879,1
78531,89879,1,89879,1
78531,89879,1,89879,1
78531,89879,1,89879,1
78531,89879,1,89879,1
78531,89879,1,89879,1
78531,89879,1,89879,1
78531,89879,1,89879,1
78531,89879,1,89879,1
78531,89879,1,89879,1
78531,89879,1,89879,1
78531,89879,1,89879,1
78531,89879,1,89879,1
78531,89879,1,89879,1
78531,89879,1,89879,1
78531,89879,1,89879,1
78531,89879,1,89879,1
78531,89879,1,89879,1
78531,89879,1,89879,1
78531,89879,1,89879,1
78531,89879,1,89879,1
78531,89879,1,89879,1
78531,89879,1,89879,1
78531,89879,1,89879,1
78531,89879,1,89879,1
78531,89879,1,89879,1
78531,89879,1,89879,1
78531,89879,1,89879,1
78531,89879,1,89879,1
78531,89879,1,89879,1
78531,89879,1,89879,1
78531,89879,1,89879,1
78531,89879,1,89879,1
78531,89879,1,89879,1
78531,89879,1,89879,1
78531,89879,1,89879,1
78531,89879,1,89879,1
78531,89879,1,89879,1
78531,89879,1,89879,1
78531,89879,1,89879,1
78531,89879,1,89879,1
78531,89879,1,89879,1
78531,89879,1,89879,1
78531,89879,1,89879,1
78531,89879,1,89879,1
78531,89879,1,89879,1
78531,89879,1,173940,0
78531,173940,0,173891,1
78531,173891,1,173885,1
78531,173885,1,173902,0
78531,173902,0,173937,0
78531,173937,0,173931,0
78531,173931,0,173921,1
78531,173921,1,173911,1
78531,173911,1,173975,1
78531,173975,1,173984,1
78531,173984,1,173917,1
78532,93167,0,93167,0
78532,93167,0,93167,0
78532,93167,0,93167,0
78532,93167,0,93167,0
78532,93167,0,93167,0
78532,93167,0,93167,0
78532,93167,0,93167,0
78532,93167,0,93167,0
78532,93167,0,93167,0
78532,93167,0,93167,0
78532,93167,0,93167,0
78532,93167,0,93167,0
78532,93167,0,93167,0
78532,93167,0,93167,0
78532,93167,0,93167,0
78532,93167,0,93167,0
78532,93167,0,93167,0
78532,93167,0,93167,0
78532,93167,0,93167,0
78532,93167,0,93167,0
78532,93167,0,93167,0
78532,93167,0,93167,0
78532,93167,0,93167,0
78532,93167,0,93167,0
78532,93167,0,93167,0
78532,93167,0,93167,0
78532,93167,0,93167,0
78532,93167,0,93167,0
78532,93167,0,93167,0
78532,93167,0,93167,0
78532,93167,0,93167,0
78532,93167,0,93167,0
78532,93167,0,93167,0
78532,93167,0,93167,0
78532,93167,0,93167,0
78532,93167,0,93167,0
78532,93167,0,93167,0
78532,93167,0,93167,0
78532,93167,0,93167,0
78532,93167,0,93167,0
78532,93167,0,93167,0
78532,93167,0,93167,0
78532,93167,0,93167,0
78532,93167,0,93167,0
78532,93167,0,93167,0
78532,93167,0,93203,1
78532,93203,1,93203,1
78532,93203,1,93203,1
78532,93203,1,93203,1
78532,93203,1,93203,1
78532,93203,1,93203,1
78532,93203,1,93203,1
78532,93203,1,93203,1
78532,93203,1,93203,1
78532,93203,1,93203,1
78532,93203,1,93203,1
78532,93203,1,93203,1
78532,93203,1,93203,1
78532,93203,1,93203,1
78532,93203,1,93203,1
78532,93203,1,93203,1
78532,93203,1,93203,1
78532,93203,1,93203,1
78532,93203,1,93203,1
78532,93203,1,93203,1
78532,93203,1,93203,1
78532,93203,1,93203,1
78532,93203,1,93203,1
78532,93203,1,93203,1
78532,93203,1,93203,1
78532,93203,1,93203,1
78532,93203,1,93203,1
78532,93203,1,93203,1
78532,93203,1,93203,1
78532,93203,1,93203,1
78532,93203,1,93203,1
78532,93203,1,93203,1
78532,93203,1,93203,1
78532,93203,1,93203,1
78532,93203,1,93203,1
78532,93203,1,93203,1
78532,93203,1,93203,1
78532,93203,1,93203,1
78532,93203,1,93203,1
78532,93203,1,93203,1
78532,93203,1,93203,1
78532,93203,1,93203,1
78532,93203,1,93203,1
78532,93203,1,93203,1
78532,93203,1,93203,1
78532,93203,1,93203,1
78532,93203,1,93231,1
78532,93231,1,93231,1
78532,93231,1,93231,1
78532,93231,1,93231,1
78532,93231,1,93231,1
78532,93231,1,93231,1
78532,93231,1,93231,1
78532,93231,1,93231,1
78532,93231,1,93231,1
78532,93231,1,93231,1
78532,93231,1,93231,1
78532,93231,1,93231,1
78532,93231,1,93231,1
78532,93231,1,93231,1
78532,93231,1,93231,1
78532,93231,1,93231,1
78532,93231,1,93231,1
78532,93231,1,93231,1
78532,93231,1,93231,1
78532,93231,1,93231,1
78532,93231,1,93231,1
78532,93231,1,93231,1
78532,93231,1,93231,1
78532,93231,1,93231,1
78532,93231,1,93231,1
78532,93231,1,93231,1
78532,93231,1,93231,1
78532,93231,1,93231,1
78532,93231,1,93231,1
78532,93231,1,93231,1
78532,93231,1,93231,1
78532,93231,1,93231,1
78532,93231,1,93231,1
78532,93231,1,93231,1
78532,93231,1,93231,1
78532,93231,1,93231,1
78532,93231,1,93231,1
78532,93231,1,93231,1
78532,93231,1,93231,1
78532,93231,1,93231,1
78532,93231,1,93231,1
78532,93231,1,93231,1
78532,93231,1,93231,1
78532,93231,1,93231,1
78532,93231,1,93231,1
78532,93231,1,93231,1
78532,93231,1,93205,1
78532,93205,1,93205,1
78532,93205,1,93205,1
78532,93205,1,93205,1
78532,93205,1,93205,1
78532,93205,1,93205,1
78532,93205,1,93205,1
78532,93205,1,93205,1
78532,93205,1,93205,1
78532,93205,1,93205,1
78532,93205,1,93205,1
78532,93205,1,93205,1
78532,93205,1,93205,1
78532,93205,1,93205,1
78532,93205,1,93205,1
78532,93205,1,93205,1
78532,93205,1,93205,1
78532,93205,1,93205,1
78532,93205,1,93205,1
78532,93205,1,93205,1
78532,93205,1,93205,1
78532,93205,1,93205,1
78532,93205,1,93205,1
78532,93205,1,93205,1
78532,93205,1,93205,1
78532,93205,1,93205,1
78532,93205,1,93205,1
78532,93205,1,93205,1
78532,93205,1,93205,1
78532,93205,1,93205,1
78532,93205,1,93205,1
78532,93205,1,93205,1
78532,93205,1,93205,1
78532,93205,1,93205,1
78532,93205,1,93205,1
78532,93205,1,93205,1
78532,93205,1,93205,1
78532,93205,1,93205,1
78532,93205,1,93205,1
78532,93205,1,93205,1
78532,93205,1,93205,1
78532,93205,1,93205,1
78532,93205,1,93205,1
78532,93205,1,93205,1
78532,93205,1,93205,1
78532,93205,1,93205,1
78532,93205,1,84624,1
78532,84624,1,84624,1
78532,84624,1,84624,1
78532,84624,1,84624,1
78532,84624,1,84624,1
78532,84624,1,84624,1
78532,84624,1,84624,1
78532,84624,1,84624,1
78532,84624,1,84624,1
78532,84624,1,84624,1
78532,84624,1,84624,1
78532,84624,1,84624,1
78532,84624,1,84624,1
78532,84624,1,84624,1
78532,84624,1,84624,1
78532,84624,1,84624,1
78532,84624,1,84624,1
78532,84624,1,84624,1
78532,84624,1,84624,1
78532,84624,1,84624,1
78532,84624,1,84624,1
78532,84624,1,84624,1
78532,84624,1,84624,1
78532,84624,1,84624,1
78532,84624,1,84624,1
78532,84624,1,84624,1
78532,84624,1,84624,1
78532,84624,1,84624,1
78532,84624,1,84624,1
78532,84624,1,84624,1
78532,84624,1,84624,1
78532,84624,1,84624,1
78532,84624,1,84624,1
78532,84624,1,84624,1
78532,84624,1,84624,1
78532,84624,1,84624,1
78532,84624,1,84624,1
78532,84624,1,84624,1
78532,84624,1,84624,1
78532,84624,1,84624,1
78532,84624,1,84624,1
78532,84624,1,84624,1
78532,84624,1,84624,1
78532,84624,1,84624,1
78532,84624,1,84624,1
78532,84624,1,84624,1
78532,84624,1,85662,1
78532,85662,1,85662,1
78532,85662,1,85662,1
78532,85662,1,85662,1
78532,85662,1,85662,1
78532,85662,1,85662,1
78532,85662,1,85662,1
78532,85662,1,85662,1
78532,85662,1,85662,1
78532,85662,1,85662,1
78532,85662,1,85662,1
78532,85662,1,85662,1
78532,85662,1,85662,1
78532,85662,1,85662,1
78532,85662,1,85662,1
78532,85662,1,85662,1
78532,85662,1,85662,1
78532,85662,1,85662,1
78532,85662,1,85662,1
78532,85662,1,85662,1
78532,85662,1,85662,1
78532,85662,1,85662,1
78532,85662,1,85662,1
78532,85662,1,85662,1
78532,85662,1,85662,1
78532,85662,1,85662,1
78532,85662,1,85662,1
78532,85662,1,85662,1
78532,85662,1,85662,1
78532,85662,1,85662,1
78532,85662,1,85662,1
78532,85662,1,85662,1
78532,85662,1,85662,1
78532,85662,1,85662,1
78532,85662,1,85662,1
78532,85662,1,85662,1
78532,85662,1,85662,1
78532,85662,1,85662,1
78532,85662,1,85662,1
78532,85662,1,85662,1
78532,85662,1,85662,1
78532,85662,1,85662,1
78532,85662,1,85662,1
78532,85662,1,85662,1
78532,85662,1,85662,1
78532,85662,1,85662,1
78532,85662,1,91398,1
78532,91398,1,91398,1
78532,91398,1,91398,1
78532,91398,1,91398,1
78532,91398,1,91398,1
78532,91398,1,91398,1
78532,91398,1,91398,1
78532,91398,1,91398,1
78532,91398,1,91398,1
78532,91398,1,91398,1
78532,91398,1,91398,1
78532,91398,1,91398,1
78532,91398,1,91398,1
78532,91398,1,91398,1
78532,91398,1,91398,1
78532,91398,1,91398,1
78532,91398,1,91398,1
78532,91398,1,91398,1
78532,91398,1,91398,1
78532,91398,1,91398,1
78532,91398,1,91398,1
78532,91398,1,91398,1
78532,91398,1,91398,1
78532,91398,1,91398,1
78532,91398,1,91398,1
78532,91398,1,91398,1
78532,91398,1,91398,1
78532,91398,1,91398,1
78532,91398,1,91398,1
78532,91398,1,91398,1
78532,91398,1,91398,1
78532,91398,1,91398,1
78532,91398,1,91398,1
78532,91398,1,91398,1
78532,91398,1,91398,1
78532,91398,1,91398,1
78532,91398,1,91398,1
78532,91398,1,91398,1
78532,91398,1,91398,1
78532,91398,1,91398,1
78532,91398,1,91398,1
78532,91398,1,91398,1
78532,91398,1,91398,1
78532,91398,1,91398,1
78532,91398,1,91398,1
78532,91398,1,91398,1
78532,91398,1,91398,1
78532,91398,1,91398,1
78532,91398,1,91398,1
78532,91398,1,91398,1
78532,91398,1,91398,1
78532,91398,1,91398,1
78532,91398,1,91398,1
78532,91398,1,91398,1
78532,91398,1,91398,1
78532,91398,1,91398,1
78532,91398,1,91398,1
78532,91398,1,91398,1
78532,91398,1,91398,1
78532,91398,1,91398,1
78532,91398,1,91398,1
78532,91398,1,91398,1
78532,91398,1,91398,1
78532,91398,1,91398,1
78532,91398,1,91398,1
78532,91398,1,91398,1
78532,91398,1,91398,1
78532,91398,1,91398,1
78532,91398,1,91398,1
78532,91398,1,91398,1
78532,91398,1,91398,1
78532,91398,1,91398,1
78532,91398,1,91398,1
78532,91398,1,91398,1
78532,91398,1,91398,1
78532,91398,1,91398,1
78532,91398,1,91398,1
78532,91398,1,91398,1
78532,91398,1,91398,1
78532,91398,1,91398,1
78532,91398,1,91398,1
78532,91398,1,91398,1
78532,91398,1,91398,1
78532,91398,1,91398,1
78532,91398,1,91398,1
78532,91398,1,91398,1
78532,91398,1,91398,1
78532,91398,1,91398,1
78532,91398,1,91398,1
78532,91398,1,91398,1
78532,91398,1,91398,1
78532,91398,1,91398,1
78532,91398,1,91398,1
78532,91398,1,91398,1
78532,91398,1,91398,1
78532,91398,1,91398,1
78532,91398,1,91398,1
78532,91398,1,91393,1
78532,91393,1,91393,1
78532,91393,1,91393,1
78532,91393,1,91393,1
78532,91393,1,91393,1
78532,91393,1,91393,1
78532,91393,1,91393,1
78532,91393,1,91393,1
78532,91393,1,91393,1
78532,91393,1,91393,1
78532,91393,1,91393,1
78532,91393,1,91393,1
78532,91393,1,91393,1
78532,91393,1,91393,1
78532,91393,1,91393,1
78532,91393,1,91393,1
78532,91393,1,91393,1
78532,91393,1,91393,1
78532,91393,1,91393,1
78532,91393,1,91393,1
78532,91393,1,91393,1
78532,91393,1,91393,1
78532,91393,1,91393,1
78532,91393,1,91393,1
78532,91393,1,91393,1
78532,91393,1,91393,1
78532,91393,1,91393,1
78532,91393,1,91393,1
78532,91393,1,91393,1
78532,91393,1,91393,1
78532,91393,1,91393,1
78532,91393,1,91393,1
78532,91393,1,91393,1
78532,91393,1,91393,1
78532,91393,1,91393,1
78532,91393,1,91393,1
78532,91393,1,91393,1
78532,91393,1,91393,1
78532,91393,1,91393,1
78532,91393,1,91393,1
78532,91393,1,91393,1
78532,91393,1,91393,1
78532,91393,1,91393,1
78532,91393,1,91393,1
78532,91393,1,91393,1
78532,91393,1,91393,1
78532,91393,1,91393,1
78532,91393,1,91393,1
78532,91393,1,91393,1
78532,91393,1,91393,1
78532,91393,1,91393,1
78532,91393,1,91393,1
78532,91393,1,91393,1
78532,91393,1,91393,1
78532,91393,1,91393,1
78532,91393,1,91393,1
78532,91393,1,91393,1
78532,91393,1,91393,1
78532,91393,1,91393,1
78532,91393,1,91393,1
78532,91393,1,91393,1
78532,91393,1,91393,1
78532,91393,1,91393,1
78532,91393,1,91393,1
78532,91393,1,91393,1
78532,91393,1,91393,1
78532,91393,1,91393,1
78532,91393,1,91393,1
78532,91393,1,91393,1
78532,91393,1,91393,1
78532,91393,1,91393,1
78532,91393,1,91393,1
78532,91393,1,91393,1
78532,91393,1,91393,1
78532,91393,1,91393,1
78532,91393,1,91393,1
78532,91393,1,91393,1
78532,91393,1,91393,1
78532,91393,1,91393,1
78532,91393,1,91393,1
78532,91393,1,91393,1
78532,91393,1,91393,1
78532,91393,1,91393,1
78532,91393,1,91393,1
78532,91393,1,91393,1
78532,91393,1,91393,1
78532,91393,1,91393,1
78532,91393,1,91393,1
78532,91393,1,91393,1
78532,91393,1,91393,1
78532,91393,1,91393,1
78532,91393,1,91393,1
78532,91393,1,91393,1
78532,91393,1,91393,1
78532,91393,1,91393,1
78532,91393,1,91393,1
78532,91393,1,91393,1
78532,91393,1,91376,1
78532,91376,1,91376,1
78532,91376,1,91376,1
78532,91376,1,91376,1
78532,91376,1,91376,1
78532,91376,1,91376,1
78532,91376,1,91376,1
78532,91376,1,91376,1
78532,91376,1,91376,1
78532,91376,1,91376,1
78532,91376,1,91376,1
78532,91376,1,91376,1
78532,91376,1,91376,1
78532,91376,1,91376,1
78532,91376,1,91376,1
78532,91376,1,91376,1
78532,91376,1,91376,1
78532,91376,1,91376,1
78532,91376,1,91376,1
78532,91376,1,91376,1
78532,91376,1,91376,1
78532,91376,1,91376,1
78532,91376,1,91376,1
78532,91376,1,91376,1
78532,91376,1,91376,1
78532,91376,1,91376,1
78532,91376,1,91376,1
78532,91376,1,91376,1
78532,91376,1,91376,1
78532,91376,1,91376,1
78532,91376,1,91376,1
78532,91376,1,91376,1
78532,91376,1,91376,1
78532,91376,1,91376,1
78532,91376,1,91376,1
78532,91376,1,91376,1
78532,91376,1,91376,1
78532,91376,1,91376,1
78532,91376,1,91376,1
78532,91376,1,91376,1
78532,91376,1,91376,1
78532,91376,1,91376,1
78532,91376,1,91376,1
78532,91376,1,91376,1
78532,91376,1,91376,1
78532,91376,1,91376,1
78532,91376,1,91376,1
78532,91376,1,89779,1
78532,89779,1,89779,1
78532,89779,1,89779,1
78532,89779,1,89779,1
78532,89779,1,89779,1
78532,89779,1,89779,1
78532,89779,1,89779,1
78532,89779,1,89779,1
78532,89779,1,89779,1
78532,89779,1,89779,1
78532,89779,1,89779,1
78532,89779,1,89779,1
78532,89779,1,89779,1
78532,89779,1,89779,1
78532,89779,1,89779,1
78532,89779,1,89779,1
78532,89779,1,89779,1
78532,89779,1,89779,1
78532,89779,1,89779,1
78532,89779,1,89779,1
78532,89779,1,89779,1
78532,89779,1,89779,1
78532,89779,1,89779,1
78532,89779,1,89779,1
78532,89779,1,89779,1
78532,89779,1,89779,1
78532,89779,1,89779,1
78532,89779,1,89779,1
78532,89779,1,89779,1
78532,89779,1,89779,1
78532,89779,1,89779,1
78532,89779,1,89779,1
78532,89779,1,89779,1
78532,89779,1,89779,1
78532,89779,1,89779,1
78532,89779,1,89779,1
78532,89779,1,89779,1
78532,89779,1,89779,1
78532,89779,1,89779,1
78532,89779,1,89779,1
78532,89779,1,89779,1
78532,89779,1,89779,1
78532,89779,1,89779,1
78532,89779,1,89779,1
78532,89779,1,89779,1
78532,89779,1,89779,1
78532,89779,1,89779,1
78532,89779,1,89779,1
78532,89779,1,89779,1
78532,89779,1,89779,1
78532,89779,1,89779,1
78532,89779,1,89779,1
78532,89779,1,89779,1
78532,89779,1,89779,1
78532,89779,1,89779,1
78532,89779,1,89779,1
78532,89779,1,89779,1
78532,89779,1,89779,1
78532,89779,1,89779,1
78532,89779,1,89779,1
78532,89779,1,89779,1
78532,89779,1,89779,1
78532,89779,1,89779,1
78532,89779,1,89779,1
78532,89779,1,89779,1
78532,89779,1,89779,1
78532,89779,1,89779,1
78532,89779,1,89779,1
78532,89779,1,89779,1
78532,89779,1,89779,1
78532,89779,1,89779,1
78532,89779,1,89779,1
78532,89779,1,89779,1
78532,89779,1,89779,1
78532,89779,1,89779,1
78532,89779,1,89779,1
78532,89779,1,89779,1
78532,89779,1,89779,1
78532,89779,1,89779,1
78532,89779,1,89779,1
78532,89779,1,89779,1
78532,89779,1,89779,1
78532,89779,1,89779,1
78532,89779,1,89779,1
78532,89779,1,89779,1
78532,89779,1,89779,1
78532,89779,1,89779,1
78532,89779,1,89779,1
78532,89779,1,89779,1
78532,89779,1,89779,1
78532,89779,1,89779,1
78532,89779,1,89779,1
78532,89779,1,89779,1
78532,89779,1,89850,1
78532,89850,1,89850,1
78532,89850,1,89850,1
78532,89850,1,89850,1
78532,89850,1,89850,1
78532,89850,1,89850,1
78532,89850,1,89850,1
78532,89850,1,89850,1
78532,89850,1,89850,1
78532,89850,1,89850,1
78532,89850,1,89850,1
78532,89850,1,89850,1
78532,89850,1,89850,1
78532,89850,1,89850,1
78532,89850,1,89850,1
78532,89850,1,89850,1
78532,89850,1,89850,1
78532,89850,1,89850,1
78532,89850,1,89850,1
78532,89850,1,89850,1
78532,89850,1,89850,1
78532,89850,1,89850,1
78532,89850,1,89850,1
78532,89850,1,89850,1
78532,89850,1,89850,1
78532,89850,1,89850,1
78532,89850,1,89850,1
78532,89850,1,89850,1
78532,89850,1,89850,1
78532,89850,1,89850,1
78532,89850,1,89850,1
78532,89850,1,89850,1
78532,89850,1,89850,1
78532,89850,1,89850,1
78532,89850,1,89850,1
78532,89850,1,89850,1
78532,89850,1,89850,1
78532,89850,1,89850,1
78532,89850,1,89850,1
78532,89850,1,89850,1
78532,89850,1,89850,1
78532,89850,1,89850,1
78532,89850,1,89850,1
78532,89850,1,89850,1
78532,89850,1,89850,1
78532,89850,1,89850,1
78532,89850,1,89850,1
78532,89850,1,89850,1
78532,89850,1,89850,1
78532,89850,1,89850,1
78532,89850,1,89850,1
78532,89850,1,89850,1
78532,89850,1,89850,1
78532,89850,1,89850,1
78532,89850,1,89850,1
78532,89850,1,89850,1
78532,89850,1,89850,1
78532,89850,1,89850,1
78532,89850,1,89850,1
78532,89850,1,89850,1
78532,89850,1,89850,1
78532,89850,1,89850,1
78532,89850,1,89850,1
78532,89850,1,89850,1
78532,89850,1,89850,1
78532,89850,1,89850,1
78532,89850,1,89850,1
78532,89850,1,89850,1
78532,89850,1,89850,1
78532,89850,1,89850,1
78532,89850,1,89850,1
78532,89850,1,89850,1
78532,89850,1,89850,1
78532,89850,1,89850,1
78532,89850,1,89850,1
78532,89850,1,89850,1
78532,89850,1,89850,1
78532,89850,1,89850,1
78532,89850,1,89850,1
78532,89850,1,89850,1
78532,89850,1,89850,1
78532,89850,1,89850,1
78532,89850,1,89850,1
78532,89850,1,89850,1
78532,89850,1,89850,1
78532,89850,1,89850,1
78532,89850,1,89850,1
78532,89850,1,89850,1
78532,89850,1,89850,1
78532,89850,1,89850,1
78532,89850,1,89850,1
78532,89850,1,89850,1
78532,89850,1,89850,1
78532,89850,1,91654,1
78532,91654,1,91654,1
78532,91654,1,91654,1
78532,91654,1,91654,1
78532,91654,1,91654,1
78532,91654,1,91654,1
78532,91654,1,91654,1
78532,91654,1,91654,1
78532,91654,1,91654,1
78532,91654,1,91654,1
78532,91654,1,91654,1
78532,91654,1,91654,1
78532,91654,1,91654,1
78532,91654,1,91654,1
78532,91654,1,91654,1
78532,91654,1,91654,1
78532,91654,1,91654,1
78532,91654,1,91654,1
78532,91654,1,91654,1
78532,91654,1,91654,1
78532,91654,1,91654,1
78532,91654,1,91654,1
78532,91654,1,91654,1
78532,91654,1,91654,1
78532,91654,1,91654,1
78532,91654,1,91654,1
78532,91654,1,91654,1
78532,91654,1,91654,1
78532,91654,1,91654,1
78532,91654,1,91654,1
78532,91654,1,91654,1
78532,91654,1,91654,1
78532,91654,1,91654,1
78532,91654,1,91654,1
78532,91654,1,91654,1
78532,91654,1,91654,1
78532,91654,1,91654,1
78532,91654,1,91654,1
78532,91654,1,91654,1
78532,91654,1,91654,1
78532,91654,1,91654,1
78532,91654,1,91654,1
78532,91654,1,91654,1
78532,91654,1,91654,1
78534,93237,1,93237,1
78534,93237,1,93237,1
78534,93237,1,93237,1
78534,93237,1,93237,1
78534,93237,1,93237,1
78534,93237,1,93237,1
78534,93237,1,93237,1
78534,93237,1,93237,1
78534,93237,1,93237,1
78534,93237,1,93237,1
78534,93237,1,93237,1
78534,93237,1,93237,1
78534,93237,1,93237,1
78534,93237,1,93237,1
78534,93237,1,93237,1
78534,93237,1,93237,1
78534,93237,1,93237,1
78534,93237,1,93237,1
78534,93237,1,93237,1
78534,93237,1,93237,1
78534,93237,1,93237,1
78534,93237,1,93237,1
78534,93237,1,93237,1
78534,93237,1,93237,1
78534,93237,1,93237,1
78534,93237,1,93237,1
78534,93237,1,93237,1
78534,93237,1,93237,1
78534,93237,1,93237,1
78534,93237,1,93237,1
78534,93237,1,93237,1
78534,93237,1,93237,1
78534,93237,1,93237,1
78534,93237,1,93237,1
78534,93237,1,93237,1
78534,93237,1,93237,1
78534,93237,1,93237,1
78534,93237,1,93237,1
78534,93237,1,93237,1
78534,93237,1,93237,1
78534,93237,1,93237,1
78534,93237,1,93237,1
78534,93237,1,93237,1
78534,93237,1,93237,1
78534,93237,1,93237,1
78534,93237,1,93243,1
78534,93243,1,93243,1
78534,93243,1,93243,1
78534,93243,1,93243,1
78534,93243,1,93243,1
78534,93243,1,93243,1
78534,93243,1,93243,1
78534,93243,1,93243,1
78534,93243,1,93243,1
78534,93243,1,93243,1
78534,93243,1,93243,1
78534,93243,1,93243,1
78534,93243,1,93243,1
78534,93243,1,93243,1
78534,93243,1,93243,1
78534,93243,1,93243,1
78534,93243,1,93243,1
78534,93243,1,93243,1
78534,93243,1,93243,1
78534,93243,1,93243,1
78534,93243,1,93243,1
78534,93243,1,93243,1
78534,93243,1,93243,1
78534,93243,1,93243,1
78534,93243,1,93243,1
78534,93243,1,93243,1
78534,93243,1,93243,1
78534,93243,1,93243,1
78534,93243,1,93243,1
78534,93243,1,93243,1
78534,93243,1,93243,1
78534,93243,1,93243,1
78534,93243,1,93243,1
78534,93243,1,93243,1
78534,93243,1,93243,1
78534,93243,1,93243,1
78534,93243,1,93243,1
78534,93243,1,93243,1
78534,93243,1,93243,1
78534,93243,1,93243,1
78534,93243,1,93243,1
78534,93243,1,93243,1
78534,93243,1,93243,1
78534,93243,1,93243,1
78534,93243,1,93243,1
78534,93243,1,93243,1
78534,93243,1,93233,1
78534,93233,1,93233,1
78534,93233,1,93233,1
78534,93233,1,93233,1
78534,93233,1,93233,1
78534,93233,1,93233,1
78534,93233,1,93233,1
78534,93233,1,93233,1
78534,93233,1,93233,1
78534,93233,1,93233,1
78534,93233,1,93233,1
78534,93233,1,93233,1
78534,93233,1,93233,1
78534,93233,1,93233,1
78534,93233,1,93233,1
78534,93233,1,93233,1
78534,93233,1,93233,1
78534,93233,1,93233,1
78534,93233,1,93233,1
78534,93233,1,93233,1
78534,93233,1,93233,1
78534,93233,1,93233,1
78534,93233,1,93233,1
78534,93233,1,93233,1
78534,93233,1,93233,1
78534,93233,1,93233,1
78534,93233,1,93233,1
78534,93233,1,93233,1
78534,93233,1,93233,1
78534,93233,1,93233,1
78534,93233,1,93233,1
78534,93233,1,93233,1
78534,93233,1,93233,1
78534,93233,1,93233,1
78534,93233,1,93233,1
78534,93233,1,93233,1
78534,93233,1,93233,1
78534,93233,1,93233,1
78534,93233,1,93233,1
78534,93233,1,93233,1
78534,93233,1,93233,1
78534,93233,1,93233,1
78534,93233,1,93233,1
78534,93233,1,85103,1
78534,85103,1,85103,1
78534,85103,1,85103,1
78534,85103,1,85103,1
78534,85103,1,85103,1
78534,85103,1,85103,1
78534,85103,1,85103,1
78534,85103,1,85103,1
78534,85103,1,85103,1
78534,85103,1,85103,1
78534,85103,1,85103,1
78534,85103,1,85103,1
78534,85103,1,85103,1
78534,85103,1,85103,1
78534,85103,1,85103,1
78534,85103,1,85103,1
78534,85103,1,85103,1
78534,85103,1,85103,1
78534,85103,1,85103,1
78534,85103,1,85103,1
78534,85103,1,85103,1
78534,85103,1,85103,1
78534,85103,1,85103,1
78534,85103,1,85103,1
78534,85103,1,85103,1
78534,85103,1,85103,1
78534,85103,1,85103,1
78534,85103,1,85103,1
78534,85103,1,85103,1
78534,85103,1,85103,1
78534,85103,1,85103,1
78534,85103,1,85103,1
78534,85103,1,85103,1
78534,85103,1,85103,1
78534,85103,1,85103,1
78534,85103,1,85103,1
78534,85103,1,85103,1
78534,85103,1,85103,1
78534,85103,1,85103,1
78534,85103,1,85103,1
78534,85103,1,85103,1
78534,85103,1,85103,1
78534,85103,1,85103,1
78534,85103,1,85103,1
78534,85103,1,85103,1
78534,85103,1,85103,1
78534,85103,1,84624,1
78534,84624,1,84624,1
78534,84624,1,84624,1
78534,84624,1,84624,1
78534,84624,1,84624,1
78534,84624,1,84624,1
78534,84624,1,84624,1
78534,84624,1,84624,1
78534,84624,1,84624,1
78534,84624,1,84624,1
78534,84624,1,84624,1
78534,84624,1,84624,1
78534,84624,1,84624,1
78534,84624,1,84624,1
78534,84624,1,84624,1
78534,84624,1,84624,1
78534,84624,1,84624,1
78534,84624,1,84624,1
78534,84624,1,84624,1
78534,84624,1,84624,1
78534,84624,1,84624,1
78534,84624,1,84624,1
78534,84624,1,84624,1
78534,84624,1,84624,1
78534,84624,1,84624,1
78534,84624,1,84624,1
78534,84624,1,84624,1
78534,84624,1,84624,1
78534,84624,1,84624,1
78534,84624,1,84624,1
78534,84624,1,84624,1
78534,84624,1,84624,1
78534,84624,1,84624,1
78534,84624,1,84624,1
78534,84624,1,84624,1
78534,84624,1,84624,1
78534,84624,1,84624,1
78534,84624,1,84624,1
78534,84624,1,84624,1
78534,84624,1,84624,1
78534,84624,1,84624,1
78534,84624,1,84624,1
78534,84624,1,84624,1
78534,84624,1,84624,1
78534,84624,1,84624,1
78534,84624,1,84624,1
78534,84624,1,86120,1
78534,86120,1,86120,1
78534,86120,1,86120,1
78534,86120,1,86120,1
78534,86120,1,86120,1
78534,86120,1,86120,1
78534,86120,1,86120,1
78534,86120,1,86120,1
78534,86120,1,86120,1
78534,86120,1,86120,1
78534,86120,1,86120,1
78534,86120,1,86120,1
78534,86120,1,86120,1
78534,86120,1,86120,1
78534,86120,1,86120,1
78534,86120,1,86120,1
78534,86120,1,86120,1
78534,86120,1,86120,1
78534,86120,1,86120,1
78534,86120,1,86120,1
78534,86120,1,86120,1
78534,86120,1,86120,1
78534,86120,1,86120,1
78534,86120,1,86120,1
78534,86120,1,86120,1
78534,86120,1,86120,1
78534,86120,1,86120,1
78534,86120,1,86120,1
78534,86120,1,86120,1
78534,86120,1,86120,1
78534,86120,1,86120,1
78534,86120,1,86120,1
78534,86120,1,86120,1
78534,86120,1,86120,1
78534,86120,1,86120,1
78534,86120,1,86120,1
78534,86120,1,86120,1
78534,86120,1,86120,1
78534,86120,1,86120,1
78534,86120,1,86120,1
78534,86120,1,86120,1
78534,86120,1,86120,1
78534,86120,1,86120,1
78534,86120,1,89264,1
78534,89264,1,89264,1
78534,89264,1,89264,1
78534,89264,1,89264,1
78534,89264,1,89264,1
78534,89264,1,89264,1
78534,89264,1,89264,1
78534,89264,1,89264,1
78534,89264,1,89264,1
78534,89264,1,89264,1
78534,89264,1,89264,1
78534,89264,1,89264,1
78534,89264,1,89264,1
78534,89264,1,89264,1
78534,89264,1,89264,1
78534,89264,1,89264,1
78534,89264,1,89264,1
78534,89264,1,89264,1
78534,89264,1,89264,1
78534,89264,1,89264,1
78534,89264,1,89264,1
78534,89264,1,89264,1
78534,89264,1,89264,1
78534,89264,1,89264,1
78534,89264,1,89264,1
78534,89264,1,89264,1
78534,89264,1,89264,1
78534,89264,1,89264,1
78534,89264,1,89264,1
78534,89264,1,89264,1
78534,89264,1,89264,1
78534,89264,1,89264,1
78534,89264,1,89264,1
78534,89264,1,89264,1
78534,89264,1,89264,1
78534,89264,1,89264,1
78534,89264,1,89264,1
78534,89264,1,89264,1
78534,89264,1,89264,1
78534,89264,1,89264,1
78534,89264,1,89264,1
78534,89264,1,89264,1
78534,89264,1,89264,1
78534,89264,1,89264,1
78534,89264,1,89264,1
78534,89264,1,89264,1
78534,89264,1,89264,1
78534,89264,1,89264,1
78534,89264,1,89264,1
78534,89264,1,89264,1
78534,89264,1,89264,1
78534,89264,1,89264,1
78534,89264,1,89264,1
78534,89264,1,89264,1
78534,89264,1,89264,1
78534,89264,1,89264,1
78534,89264,1,89264,1
78534,89264,1,89264,1
78534,89264,1,89264,1
78534,89264,1,89264,1
78534,89264,1,89264,1
78534,89264,1,89264,1
78534,89264,1,89264,1
78534,89264,1,89264,1
78534,89264,1,89264,1
78534,89264,1,89264,1
78534,89264,1,89264,1
78534,89264,1,89264,1
78534,89264,1,89264,1
78534,89264,1,89264,1
78534,89264,1,89264,1
78534,89264,1,89264,1
78534,89264,1,89264,1
78534,89264,1,89264,1
78534,89264,1,89264,1
78534,89264,1,89264,1
78534,89264,1,89264,1
78534,89264,1,89264,1
78534,89264,1,89264,1
78534,89264,1,89264,1
78534,89264,1,89264,1
78534,89264,1,89264,1
78534,89264,1,89264,1
78534,89264,1,89264,1
78534,89264,1,89264,1
78534,89264,1,89264,1
78534,89264,1,89264,1
78534,89264,1,89264,1
78534,89264,1,89264,1
78534,89264,1,89264,1
78534,89264,1,89264,1
78534,89264,1,89264,1
78534,89264,1,89264,1
78534,89264,1,89264,1
78534,89264,1,89264,1
78534,89264,1,89264,1
78534,89264,1,89264,1
78534,89264,1,89284,1
78534,89284,1,89284,1
78534,89284,1,89284,1
78534,89284,1,89284,1
78534,89284,1,89284,1
78534,89284,1,89284,1
78534,89284,1,89284,1
78534,89284,1,89284,1
78534,89284,1,89284,1
78534,89284,1,89284,1
78534,89284,1,89284,1
78534,89284,1,89284,1
78534,89284,1,89284,1
78534,89284,1,89284,1
78534,89284,1,89284,1
78534,89284,1,89284,1
78534,89284,1,89284,1
78534,89284,1,89284,1
78534,89284,1,89284,1
78534,89284,1,89284,1
78534,89284,1,89284,1
78534,89284,1,89284,1
78534,89284,1,89284,1
78534,89284,1,89284,1
78534,89284,1,89284,1
78534,89284,1,89284,1
78534,89284,1,89284,1
78534,89284,1,89284,1
78534,89284,1,89284,1
78534,89284,1,89284,1
78534,89284,1,89284,1
78534,89284,1,89284,1
78534,89284,1,89284,1
78534,89284,1,89284,1
78534,89284,1,89284,1
78534,89284,1,89284,1
78534,89284,1,89284,1
78534,89284,1,89284,1
78534,89284,1,89284,1
78534,89284,1,89284,1
78534,89284,1,89284,1
78534,89284,1,89284,1
78534,89284,1,89284,1
78534,89284,1,89284,1
78534,89284,1,89284,1
78534,89284,1,89284,1
78534,89284,1,89284,1
78534,89284,1,89284,1
78534,89284,1,89284,1
78534,89284,1,89284,1
78534,89284,1,89284,1
78534,89284,1,89284,1
78534,89284,1,89284,1
78534,89284,1,89284,1
78534,89284,1,89284,1
78534,89284,1,89284,1
78534,89284,1,89284,1
78534,89284,1,89284,1
78534,89284,1,89284,1
78534,89284,1,89284,1
78534,89284,1,89284,1
78534,89284,1,89284,1
78534,89284,1,89284,1
78534,89284,1,89284,1
78534,89284,1,89284,1
78534,89284,1,89284,1
78534,89284,1,89284,1
78534,89284,1,89284,1
78534,89284,1,89284,1
78534,89284,1,89284,1
78534,89284,1,89284,1
78534,89284,1,89284,1
78534,89284,1,89284,1
78534,89284,1,89284,1
78534,89284,1,89284,1
78534,89284,1,89284,1
78534,89284,1,89284,1
78534,89284,1,89284,1
78534,89284,1,89284,1
78534,89284,1,89284,1
78534,89284,1,89284,1
78534,89284,1,89284,1
78534,89284,1,89284,1
78534,89284,1,89284,1
78534,89284,1,89284,1
78534,89284,1,89284,1
78534,89284,1,89284,1
78534,89284,1,89284,1
78534,89284,1,89284,1
78534,89284,1,89284,1
78534,89284,1,89284,1
78534,89284,1,89284,1
78534,89284,1,89284,1
78534,89284,1,89284,1
78534,89284,1,89284,1
78534,89284,1,89284,1
78534,89284,1,89284,1
78534,89284,1,91391,1
78534,91391,1,91391,1
78534,91391,1,91391,1
78534,91391,1,91391,1
78534,91391,1,91391,1
78534,91391,1,91391,1
78534,91391,1,91391,1
78534,91391,1,91391,1
78534,91391,1,91391,1
78534,91391,1,91391,1
78534,91391,1,91391,1
78534,91391,1,91391,1
78534,91391,1,91391,1
78534,91391,1,91391,1
78534,91391,1,91391,1
78534,91391,1,91391,1
78534,91391,1,91391,1
78534,91391,1,91391,1
78534,91391,1,91391,1
78534,91391,1,91391,1
78534,91391,1,91391,1
78534,91391,1,91391,1
78534,91391,1,91391,1
78534,91391,1,91391,1
78534,91391,1,91391,1
78534,91391,1,91391,1
78534,91391,1,91391,1
78534,91391,1,91391,1
78534,91391,1,91391,1
78534,91391,1,91391,1
78534,91391,1,91391,1
78534,91391,1,91391,1
78534,91391,1,91391,1
78534,91391,1,91391,1
78534,91391,1,91391,1
78534,91391,1,91391,1
78534,91391,1,91391,1
78534,91391,1,91391,1
78534,91391,1,91391,1
78534,91391,1,91391,1
78534,91391,1,91391,1
78534,91391,1,91391,1
78534,91391,1,91391,1
78534,91391,1,91391,1
78534,91391,1,91391,1
78534,91391,1,91391,1
78534,91391,1,91391,1
78534,91391,1,91381,1
78534,91381,1,91381,1
78534,91381,1,91381,1
78534,91381,1,91381,1
78534,91381,1,91381,1
78534,91381,1,91381,1
78534,91381,1,91381,1
78534,91381,1,91381,1
78534,91381,1,91381,1
78534,91381,1,91381,1
78534,91381,1,91381,1
78534,91381,1,91381,1
78534,91381,1,91381,1
78534,91381,1,91381,1
78534,91381,1,91381,1
78534,91381,1,91381,1
78534,91381,1,91381,1
78534,91381,1,91381,1
78534,91381,1,91381,1
78534,91381,1,91381,1
78534,91381,1,91381,1
78534,91381,1,91381,1
78534,91381,1,91381,1
78534,91381,1,91381,1
78534,91381,1,91381,1
78534,91381,1,91381,1
78534,91381,1,91381,1
78534,91381,1,91381,1
78534,91381,1,91381,1
78534,91381,1,91381,1
78534,91381,1,91381,1
78534,91381,1,91381,1
78534,91381,1,91381,1
78534,91381,1,91381,1
78534,91381,1,91381,1
78534,91381,1,91381,1
78534,91381,1,91381,1
78534,91381,1,91381,1
78534,91381,1,91381,1
78534,91381,1,91381,1
78534,91381,1,91381,1
78534,91381,1,91381,1
78534,91381,1,91381,1
78534,91381,1,91381,1
78534,91381,1,91381,1
78534,91381,1,91381,1
78534,91381,1,91381,1
78534,91381,1,89764,1
78534,89764,1,89764,1
78534,89764,1,89764,1
78534,89764,1,89764,1
78534,89764,1,89764,1
78534,89764,1,89764,1
78534,89764,1,89764,1
78534,89764,1,89764,1
78534,89764,1,89764,1
78534,89764,1,89764,1
78534,89764,1,89764,1
78534,89764,1,89764,1
78534,89764,1,89764,1
78534,89764,1,89764,1
78534,89764,1,89764,1
78534,89764,1,89764,1
78534,89764,1,89764,1
78534,89764,1,89764,1
78534,89764,1,89764,1
78534,89764,1,89764,1
78534,89764,1,89764,1
78534,89764,1,89764,1
78534,89764,1,89764,1
78534,89764,1,89764,1
78534,89764,1,89764,1
78534,89764,1,89764,1
78534,89764,1,89764,1
78534,89764,1,89764,1
78534,89764,1,89764,1
78534,89764,1,89764,1
78534,89764,1,89764,1
78534,89764,1,89764,1
78534,89764,1,89764,1
78534,89764,1,89764,1
78534,89764,1,89764,1
78534,89764,1,89764,1
78534,89764,1,89764,1
78534,89764,1,89764,1
78534,89764,1,89764,1
78534,89764,1,89764,1
78534,89764,1,89764,1
78534,89764,1,89764,1
78534,89764,1,89764,1
78534,89764,1,89764,1
78534,89764,1,89762,0
78534,89762,0,89762,0
78534,89762,0,89762,0
78534,89762,0,89762,0
78534,89762,0,89762,0
78534,89762,0,89762,0
78534,89762,0,89762,0
78534,89762,0,89762,0
78534,89762,0,89762,0
78534,89762,0,89762,0
78534,89762,0,89762,0
78534,89762,0,89762,0
78534,89762,0,89762,0
78534,89762,0,89762,0
78534,89762,0,89762,0
78534,89762,0,89762,0
78534,89762,0,89762,0
78534,89762,0,89762,0
78534,89762,0,89762,0
78534,89762,0,89762,0
78534,89762,0,89762,0
78534,89762,0,89762,0
78534,89762,0,89762,0
78534,89762,0,89762,0
78534,89762,0,89762,0
78534,89762,0,89762,0
78534,89762,0,89762,0
78534,89762,0,89762,0
78534,89762,0,89762,0
78534,89762,0,89762,0
78534,89762,0,89762,0
78534,89762,0,89762,0
78534,89762,0,89762,0
78534,89762,0,89762,0
78534,89762,0,89762,0
78534,89762,0,89762,0
78534,89762,0,89762,0
78534,89762,0,89762,0
78534,89762,0,89762,0
78534,89762,0,89762,0
78534,89762,0,89762,0
78534,89762,0,89762,0
78534,89762,0,89762,0
78534,89762,0,89762,0
78534,89762,0,89762,0
78534,89762,0,89762,0
78534,89762,0,89768,1
78534,89768,1,89768,1
78534,89768,1,89768,1
78534,89768,1,89768,1
78534,89768,1,89768,1
78534,89768,1,89768,1
78534,89768,1,89768,1
78534,89768,1,89768,1
78534,89768,1,89768,1
78534,89768,1,89768,1
78534,89768,1,89768,1
78534,89768,1,89768,1
78534,89768,1,89768,1
78534,89768,1,89768,1
78534,89768,1,89768,1
78534,89768,1,89768,1
78534,89768,1,89768,1
78534,89768,1,89768,1
78534,89768,1,89768,1
78534,89768,1,89768,1
78534,89768,1,89768,1
78534,89768,1,89768,1
78534,89768,1,89768,1
78534,89768,1,89768,1
78534,89768,1,89768,1
78534,89768,1,89768,1
78534,89768,1,89768,1
78534,89768,1,89768,1
78534,89768,1,89768,1
78534,89768,1,89768,1
78534,89768,1,89768,1
78534,89768,1,89768,1
78534,89768,1,89768,1
78534,89768,1,89768,1
78534,89768,1,89768,1
78534,89768,1,89768,1
78534,89768,1,89768,1
78534,89768,1,89768,1
78534,89768,1,89768,1
78534,89768,1,89768,1
78534,89768,1,89768,1
78534,89768,1,89768,1
78534,89768,1,89768,1
78534,89768,1,89768,1
78534,89768,1,89768,1
78534,89768,1,89768,1
78534,89768,1,89876,1
78534,89876,1,89876,1
78534,89876,1,89876,1
78534,89876,1,89876,1
78534,89876,1,89876,1
78534,89876,1,89876,1
78534,89876,1,89876,1
78534,89876,1,89876,1
78534,89876,1,89876,1
78534,89876,1,89876,1
78534,89876,1,89876,1
78534,89876,1,89876,1
78534,89876,1,89876,1
78534,89876,1,89876,1
78534,89876,1,89876,1
78534,89876,1,89876,1
78534,89876,1,89876,1
78534,89876,1,89876,1
78534,89876,1,89876,1
78534,89876,1,89876,1
78534,89876,1,89876,1
78534,89876,1,89876,1
78534,89876,1,89876,1
78534,89876,1,89876,1
78534,89876,1,89876,1
78534,89876,1,89876,1
78534,89876,1,89876,1
78534,89876,1,89876,1
78534,89876,1,89876,1
78534,89876,1,89876,1
78534,89876,1,89876,1
78534,89876,1,89876,1
78534,89876,1,89876,1
78534,89876,1,89876,1
78534,89876,1,89876,1
78534,89876,1,89876,1
78534,89876,1,89876,1
78534,89876,1,89876,1
78534,89876,1,89876,1
78534,89876,1,89876,1
78534,89876,1,89876,1
78534,89876,1,89876,1
78534,89876,1,89876,1
78534,89876,1,89876,1
78534,89876,1,89876,1
78534,89876,1,89876,1
78534,89876,1,89876,1
78534,89876,1,89876,1
78534,89876,1,89876,1
78534,89876,1,89876,1
78534,89876,1,89876,1
78534,89876,1,89876,1
78534,89876,1,89876,1
78534,89876,1,89876,1
78534,89876,1,89876,1
78534,89876,1,89876,1
78534,89876,1,89876,1
78534,89876,1,89876,1
78534,89876,1,89876,1
78534,89876,1,89876,1
78534,89876,1,89876,1
78534,89876,1,89876,1
78534,89876,1,89876,1
78534,89876,1,89876,1
78534,89876,1,89876,1
78534,89876,1,89876,1
78534,89876,1,89876,1
78534,89876,1,89876,1
78534,89876,1,89876,1
78534,89876,1,89876,1
78534,89876,1,89876,1
78534,89876,1,89876,1
78534,89876,1,89876,1
78534,89876,1,89876,1
78534,89876,1,89876,1
78534,89876,1,89876,1
78534,89876,1,89876,1
78534,89876,1,89876,1
78534,89876,1,89876,1
78534,89876,1,89876,1
78534,89876,1,89876,1
78534,89876,1,89876,1
78534,89876,1,89876,1
78534,89876,1,89876,1
78534,89876,1,89876,1
78534,89876,1,89876,1
78534,89876,1,89876,1
78534,89876,1,89876,1
78534,89876,1,89876,1
78534,89876,1,89876,1
78534,89876,1,89876,1
78534,89876,1,89876,1
78534,89876,1,89876,1
78534,89876,1,89849,1
78534,89849,1,89849,1
78534,89849,1,89849,1
78534,89849,1,89849,1
78534,89849,1,89849,1
78534,89849,1,89849,1
78534,89849,1,89849,1
78534,89849,1,89849,1
78534,89849,1,89849,1
78534,89849,1,89849,1
78534,89849,1,89849,1
78534,89849,1,89849,1
78534,89849,1,89849,1
78534,89849,1,89849,1
78534,89849,1,89849,1
78534,89849,1,89849,1
78534,89849,1,89849,1
78534,89849,1,89849,1
78534,89849,1,89849,1
78534,89849,1,89849,1
78534,89849,1,89849,1
78534,89849,1,89849,1
78534,89849,1,89849,1
78534,89849,1,89849,1
78534,89849,1,89849,1
78534,89849,1,89849,1
78534,89849,1,89849,1
78534,89849,1,89849,1
78534,89849,1,89849,1
78534,89849,1,89849,1
78534,89849,1,89849,1
78534,89849,1,89849,1
78534,89849,1,89849,1
78534,89849,1,89849,1
78534,89849,1,89849,1
78534,89849,1,89849,1
78534,89849,1,89849,1
78534,89849,1,89849,1
78534,89849,1,89849,1
78534,89849,1,89849,1
78534,89849,1,89849,1
78534,89849,1,89849,1
78534,89849,1,89849,1
78534,89849,1,89849,1
78534,89849,1,89849,1
78534,89849,1,89849,1
78534,89849,1,89818,1
78534,89818,1,89818,1
78534,89818,1,89818,1
78534,89818,1,89818,1
78534,89818,1,89818,1
78534,89818,1,89818,1
78534,89818,1,89818,1
78534,89818,1,89818,1
78534,89818,1,89818,1
78534,89818,1,89818,1
78534,89818,1,89818,1
78534,89818,1,89818,1
78534,89818,1,89818,1
78534,89818,1,89818,1
78534,89818,1,89818,1
78534,89818,1,89818,1
78534,89818,1,89818,1
78534,89818,1,89818,1
78534,89818,1,89818,1
78534,89818,1,89818,1
78534,89818,1,89818,1
78534,89818,1,89818,1
78534,89818,1,89818,1
78534,89818,1,89818,1
78534,89818,1,89818,1
78534,89818,1,89818,1
78534,89818,1,89818,1
78534,89818,1,89818,1
78534,89818,1,89818,1
78534,89818,1,89818,1
78534,89818,1,89818,1
78534,89818,1,89818,1
78534,89818,1,89818,1
78534,89818,1,89818,1
78534,89818,1,89818,1
78534,89818,1,89818,1
78534,89818,1,89818,1
78534,89818,1,89818,1
78534,89818,1,89818,1
78534,89818,1,89818,1
78534,89818,1,89818,1
78534,89818,1,89818,1
78534,89818,1,89818,1
78534,89818,1,89818,1
78534,89818,1,89818,1
78534,89818,1,89818,1
78534,89818,1,173897,1
78534,173897,1,173913,1
78534,173913,1,174000,1
78534,174000,1,174018,1
78534,174018,1,91661,1
78534,91661,1,91661,1
78534,91661,1,91661,1
78534,91661,1,91661,1
78534,91661,1,91661,1
78534,91661,1,91661,1
78534,91661,1,91661,1
78534,91661,1,91661,1
78534,91661,1,91661,1
78534,91661,1,91661,1
78534,91661,1,91661,1
78534,91661,1,91661,1
78534,91661,1,91661,1
78534,91661,1,91661,1
78534,91661,1,91661,1
78534,91661,1,91661,1
78534,91661,1,91661,1
78534,91661,1,91661,1
78534,91661,1,91661,1
78534,91661,1,91661,1
78534,91661,1,91661,1
78534,91661,1,91661,1
78534,91661,1,91661,1
78534,91661,1,91661,1
78534,91661,1,91661,1
78534,91661,1,91661,1
78534,91661,1,91661,1
78534,91661,1,91661,1
78534,91661,1,91661,1
78534,91661,1,91661,1
78534,91661,1,91661,1
78534,91661,1,91661,1
78534,91661,1,91661,1
78534,91661,1,91661,1
78534,91661,1,91661,1
78534,91661,1,91661,1
78534,91661,1,91661,1
78534,91661,1,91661,1
78534,91661,1,91661,1
78534,91661,1,91661,1
78534,91661,1,91661,1
78534,91661,1,91661,1
78534,91661,1,91661,1
78534,91661,1,91661,1
78534,91661,1,91661,1
78534,91661,1,91661,1
78534,91661,1,91661,1
78534,91661,1,91661,1
78534,91661,1,91661,1
78534,91661,1,91661,1
78534,91661,1,91661,1
78534,91661,1,91661,1
78534,91661,1,91661,1
78534,91661,1,91661,1
78534,91661,1,91661,1
78534,91661,1,91661,1
78534,91661,1,91661,1
78534,91661,1,91661,1
78534,91661,1,91661,1
78534,91661,1,91661,1
78534,91661,1,91661,1
78534,91661,1,91661,1
78534,91661,1,91661,1
78534,91661,1,91661,1
78534,91661,1,91661,1
78534,91661,1,91661,1
78534,91661,1,91661,1
78534,91661,1,91661,1
78534,91661,1,91661,1
78534,91661,1,91661,1
78534,91661,1,91661,1
78534,91661,1,91661,1
78534,91661,1,91661,1
78534,91661,1,91661,1
78534,91661,1,91661,1
78534,91661,1,91661,1
78534,91661,1,91661,1
78534,91661,1,91661,1
78534,91661,1,91661,1
78534,91661,1,91661,1
78534,91661,1,91661,1
78534,91661,1,91661,1
78534,91661,1,91661,1
78534,91661,1,91661,1
78534,91661,1,91661,1
78534,91661,1,91661,1
78534,91661,1,91661,1
78534,91661,1,91661,1
78534,91661,1,91661,1
78534,91661,1,91661,1
78534,91661,1,91661,1
78534,91661,1,91661,1
78534,91661,1,91661,1
78535,93149,1,93149,1
78535,93149,1,93149,1
78535,93149,1,93149,1
78535,93149,1,93149,1
78535,93149,1,93149,1
78535,93149,1,93149,1
78535,93149,1,93149,1
78535,93149,1,93149,1
78535,93149,1,93149,1
78535,93149,1,93149,1
78535,93149,1,93149,1
78535,93149,1,93149,1
78535,93149,1,93149,1
78535,93149,1,93149,1
78535,93149,1,93149,1
78535,93149,1,93149,1
78535,93149,1,93149,1
78535,93149,1,93149,1
78535,93149,1,93149,1
78535,93149,1,93149,1
78535,93149,1,93149,1
78535,93149,1,93149,1
78535,93149,1,93149,1
78535,93149,1,93149,1
78535,93149,1,93149,1
78535,93149,1,93149,1
78535,93149,1,93149,1
78535,93149,1,93149,1
78535,93149,1,93149,1
78535,93149,1,93149,1
78535,93149,1,93149,1
78535,93149,1,93149,1
78535,93149,1,93149,1
78535,93149,1,93149,1
78535,93149,1,93149,1
78535,93149,1,93149,1
78535,93149,1,93149,1
78535,93149,1,93149,1
78535,93149,1,93149,1
78535,93149,1,93149,1
78535,93149,1,93149,1
78535,93149,1,93149,1
78535,93149,1,93149,1
78535,93149,1,93149,1
78535,93149,1,93149,1
78535,93149,1,93150,1
78535,93150,1,93150,1
78535,93150,1,93150,1
78535,93150,1,93150,1
78535,93150,1,93150,1
78535,93150,1,93150,1
78535,93150,1,93150,1
78535,93150,1,93150,1
78535,93150,1,93150,1
78535,93150,1,93150,1
78535,93150,1,93150,1
78535,93150,1,93150,1
78535,93150,1,93150,1
78535,93150,1,93150,1
78535,93150,1,93150,1
78535,93150,1,93150,1
78535,93150,1,93150,1
78535,93150,1,93150,1
78535,93150,1,93150,1
78535,93150,1,93150,1
78535,93150,1,93150,1
78535,93150,1,93150,1
78535,93150,1,93150,1
78535,93150,1,93150,1
78535,93150,1,93150,1
78535,93150,1,93150,1
78535,93150,1,93150,1
78535,93150,1,93150,1
78535,93150,1,93150,1
78535,93150,1,93150,1
78535,93150,1,93150,1
78535,93150,1,93150,1
78535,93150,1,93150,1
78535,93150,1,93150,1
78535,93150,1,93150,1
78535,93150,1,93150,1
78535,93150,1,93150,1
78535,93150,1,93150,1
78535,93150,1,93150,1
78535,93150,1,93150,1
78535,93150,1,93150,1
78535,93150,1,93150,1
78535,93150,1,93150,1
78535,93150,1,93150,1
78535,93150,1,93150,1
78535,93150,1,93150,1
78535,93150,1,93206,1
78535,93206,1,93206,1
78535,93206,1,93206,1
78535,93206,1,93206,1
78535,93206,1,93206,1
78535,93206,1,93206,1
78535,93206,1,93206,1
78535,93206,1,93206,1
78535,93206,1,93206,1
78535,93206,1,93206,1
78535,93206,1,93206,1
78535,93206,1,93206,1
78535,93206,1,93206,1
78535,93206,1,93206,1
78535,93206,1,93206,1
78535,93206,1,93206,1
78535,93206,1,93206,1
78535,93206,1,93206,1
78535,93206,1,93206,1
78535,93206,1,93206,1
78535,93206,1,93206,1
78535,93206,1,93206,1
78535,93206,1,93206,1
78535,93206,1,93206,1
78535,93206,1,93206,1
78535,93206,1,93206,1
78535,93206,1,93206,1
78535,93206,1,93206,1
78535,93206,1,93206,1
78535,93206,1,93206,1
78535,93206,1,93206,1
78535,93206,1,93206,1
78535,93206,1,93206,1
78535,93206,1,93206,1
78535,93206,1,93206,1
78535,93206,1,93206,1
78535,93206,1,93206,1
78535,93206,1,93206,1
78535,93206,1,93206,1
78535,93206,1,93206,1
78535,93206,1,93206,1
78535,93206,1,93206,1
78535,93206,1,93206,1
78535,93206,1,84708,1
78535,84708,1,84708,1
78535,84708,1,84708,1
78535,84708,1,84708,1
78535,84708,1,84708,1
78535,84708,1,84708,1
78535,84708,1,84708,1
78535,84708,1,84708,1
78535,84708,1,84708,1
78535,84708,1,84708,1
78535,84708,1,84708,1
78535,84708,1,84708,1
78535,84708,1,84708,1
78535,84708,1,84708,1
78535,84708,1,84708,1
78535,84708,1,84708,1
78535,84708,1,84708,1
78535,84708,1,84708,1
78535,84708,1,84708,1
78535,84708,1,84708,1
78535,84708,1,84708,1
78535,84708,1,84708,1
78535,84708,1,84708,1
78535,84708,1,84708,1
78535,84708,1,84708,1
78535,84708,1,84708,1
78535,84708,1,84708,1
78535,84708,1,84708,1
78535,84708,1,84708,1
78535,84708,1,84708,1
78535,84708,1,84708,1
78535,84708,1,84708,1
78535,84708,1,84708,1
78535,84708,1,84708,1
78535,84708,1,84708,1
78535,84708,1,84708,1
78535,84708,1,84708,1
78535,84708,1,84708,1
78535,84708,1,84708,1
78535,84708,1,84708,1
78535,84708,1,84708,1
78535,84708,1,84708,1
78535,84708,1,84708,1
78535,84708,1,84708,1
78535,84708,1,84708,1
78535,84708,1,84708,1
78535,84708,1,86101,1
78535,86101,1,86101,1
78535,86101,1,86101,1
78535,86101,1,86101,1
78535,86101,1,86101,1
78535,86101,1,86101,1
78535,86101,1,86101,1
78535,86101,1,86101,1
78535,86101,1,86101,1
78535,86101,1,86101,1
78535,86101,1,86101,1
78535,86101,1,86101,1
78535,86101,1,86101,1
78535,86101,1,86101,1
78535,86101,1,86101,1
78535,86101,1,86101,1
78535,86101,1,86101,1
78535,86101,1,86101,1
78535,86101,1,86101,1
78535,86101,1,86101,1
78535,86101,1,86101,1
78535,86101,1,86101,1
78535,86101,1,86101,1
78535,86101,1,86101,1
78535,86101,1,86101,1
78535,86101,1,86101,1
78535,86101,1,86101,1
78535,86101,1,86101,1
78535,86101,1,86101,1
78535,86101,1,86101,1
78535,86101,1,86101,1
78535,86101,1,86101,1
78535,86101,1,86101,1
78535,86101,1,86101,1
78535,86101,1,86101,1
78535,86101,1,86101,1
78535,86101,1,86101,1
78535,86101,1,86101,1
78535,86101,1,86101,1
78535,86101,1,86101,1
78535,86101,1,86101,1
78535,86101,1,86101,1
78535,86101,1,86101,1
78535,86101,1,86101,1
78535,86101,1,86101,1
78535,86101,1,86101,1
78535,86101,1,85674,1
78535,85674,1,85674,1
78535,85674,1,85674,1
78535,85674,1,85674,1
78535,85674,1,85674,1
78535,85674,1,85674,1
78535,85674,1,85674,1
78535,85674,1,85674,1
78535,85674,1,85674,1
78535,85674,1,85674,1
78535,85674,1,85674,1
78535,85674,1,85674,1
78535,85674,1,85674,1
78535,85674,1,85674,1
78535,85674,1,85674,1
78535,85674,1,85674,1
78535,85674,1,85674,1
78535,85674,1,85674,1
78535,85674,1,85674,1
78535,85674,1,85674,1
78535,85674,1,85674,1
78535,85674,1,85674,1
78535,85674,1,85674,1
78535,85674,1,85674,1
78535,85674,1,85674,1
78535,85674,1,85674,1
78535,85674,1,85674,1
78535,85674,1,85674,1
78535,85674,1,85674,1
78535,85674,1,85674,1
78535,85674,1,85674,1
78535,85674,1,85674,1
78535,85674,1,85674,1
78535,85674,1,85674,1
78535,85674,1,85674,1
78535,85674,1,85674,1
78535,85674,1,85674,1
78535,85674,1,85674,1
78535,85674,1,85674,1
78535,85674,1,85674,1
78535,85674,1,85674,1
78535,85674,1,85674,1
78535,85674,1,85674,1
78535,85674,1,89240,1
78535,89240,1,89240,1
78535,89240,1,89240,1
78535,89240,1,89240,1
78535,89240,1,89240,1
78535,89240,1,89240,1
78535,89240,1,89240,1
78535,89240,1,89240,1
78535,89240,1,89240,1
78535,89240,1,89240,1
78535,89240,1,89240,1
78535,89240,1,89240,1
78535,89240,1,89240,1
78535,89240,1,89240,1
78535,89240,1,89240,1
78535,89240,1,89240,1
78535,89240,1,89240,1
78535,89240,1,89240,1
78535,89240,1,89240,1
78535,89240,1,89240,1
78535,89240,1,89240,1
78535,89240,1,89240,1
78535,89240,1,89240,1
78535,89240,1,89240,1
78535,89240,1,89240,1
78535,89240,1,89240,1
78535,89240,1,89240,1
78535,89240,1,89240,1
78535,89240,1,89240,1
78535,89240,1,89240,1
78535,89240,1,89240,1
78535,89240,1,89240,1
78535,89240,1,89240,1
78535,89240,1,89240,1
78535,89240,1,89240,1
78535,89240,1,89240,1
78535,89240,1,89240,1
78535,89240,1,89240,1
78535,89240,1,89240,1
78535,89240,1,89240,1
78535,89240,1,89240,1
78535,89240,1,89240,1
78535,89240,1,89240,1
78535,89240,1,89240,1
78535,89240,1,89240,1
78535,89240,1,89240,1
78535,89240,1,89240,1
78535,89240,1,89240,1
78535,89240,1,89240,1
78535,89240,1,89240,1
78535,89240,1,89240,1
78535,89240,1,89240,1
78535,89240,1,89240,1
78535,89240,1,89240,1
78535,89240,1,89240,1
78535,89240,1,89240,1
78535,89240,1,89240,1
78535,89240,1,89240,1
78535,89240,1,89240,1
78535,89240,1,89240,1
78535,89240,1,89240,1
78535,89240,1,89240,1
78535,89240,1,89240,1
78535,89240,1,89240,1
78535,89240,1,89240,1
78535,89240,1,89240,1
78535,89240,1,89240,1
78535,89240,1,89240,1
78535,89240,1,89240,1
78535,89240,1,89240,1
78535,89240,1,89240,1
78535,89240,1,89240,1
78535,89240,1,89240,1
78535,89240,1,89240,1
78535,89240,1,89240,1
78535,89240,1,89240,1
78535,89240,1,89240,1
78535,89240,1,89240,1
78535,89240,1,89240,1
78535,89240,1,89240,1
78535,89240,1,89240,1
78535,89240,1,89240,1
78535,89240,1,89240,1
78535,89240,1,89240,1
78535,89240,1,89240,1
78535,89240,1,89240,1
78535,89240,1,89240,1
78535,89240,1,89240,1
78535,89240,1,89240,1
78535,89240,1,89240,1
78535,89240,1,89240,1
78535,89240,1,89240,1
78535,89240,1,89240,1
78535,89240,1,89240,1
78535,89240,1,89240,1
78535,89240,1,89240,1
78535,89240,1,89240,1
78535,89240,1,89238,1
78535,89238,1,89238,1
78535,89238,1,89238,1
78535,89238,1,89238,1
78535,89238,1,89238,1
78535,89238,1,89238,1
78535,89238,1,89238,1
78535,89238,1,89238,1
78535,89238,1,89238,1
78535,89238,1,89238,1
78535,89238,1,89238,1
78535,89238,1,89238,1
78535,89238,1,89238,1
78535,89238,1,89238,1
78535,89238,1,89238,1
78535,89238,1,89238,1
78535,89238,1,89238,1
78535,89238,1,89238,1
78535,89238,1,89238,1
78535,89238,1,89238,1
78535,89238,1,89238,1
78535,89238,1,89238,1
78535,89238,1,89238,1
78535,89238,1,89238,1
78535,89238,1,89238,1
78535,89238,1,89238,1
78535,89238,1,89238,1
78535,89238,1,89238,1
78535,89238,1,89238,1
78535,89238,1,89238,1
78535,89238,1,89238,1
78535,89238,1,89238,1
78535,89238,1,89238,1
78535,89238,1,89238,1
78535,89238,1,89238,1
78535,89238,1,89238,1
78535,89238,1,89238,1
78535,89238,1,89238,1
78535,89238,1,89238,1
78535,89238,1,89238,1
78535,89238,1,89238,1
78535,89238,1,89238,1
78535,89238,1,89238,1
78535,89238,1,89238,1
78535,89238,1,89238,1
78535,89238,1,89238,1
78535,89238,1,89238,1
78535,89238,1,89238,1
78535,89238,1,89238,1
78535,89238,1,89238,1
78535,89238,1,89238,1
78535,89238,1,89238,1
78535,89238,1,89238,1
78535,89238,1,89238,1
78535,89238,1,89238,1
78535,89238,1,89238,1
78535,89238,1,89238,1
78535,89238,1,89238,1
78535,89238,1,89238,1
78535,89238,1,89238,1
78535,89238,1,89238,1
78535,89238,1,89238,1
78535,89238,1,89238,1
78535,89238,1,89238,1
78535,89238,1,89238,1
78535,89238,1,89238,1
78535,89238,1,89238,1
78535,89238,1,89238,1
78535,89238,1,89238,1
78535,89238,1,89238,1
78535,89238,1,89238,1
78535,89238,1,89238,1
78535,89238,1,89238,1
78535,89238,1,89238,1
78535,89238,1,89238,1
78535,89238,1,89238,1
78535,89238,1,89238,1
78535,89238,1,89238,1
78535,89238,1,89238,1
78535,89238,1,89238,1
78535,89238,1,89238,1
78535,89238,1,89238,1
78535,89238,1,89238,1
78535,89238,1,89238,1
78535,89238,1,89238,1
78535,89238,1,89238,1
78535,89238,1,89238,1
78535,89238,1,89238,1
78535,89238,1,89238,1
78535,89238,1,89238,1
78535,89238,1,89238,1
78535,89238,1,89238,1
78535,89238,1,89238,1
78535,89238,1,89238,1
78535,89238,1,89238,1
78535,89238,1,89238,1
78535,89238,1,89238,1
78535,89238,1,89287,1
78535,89287,1,89287,1
78535,89287,1,89287,1
78535,89287,1,89287,1
78535,89287,1,89287,1
78535,89287,1,89287,1
78535,89287,1,89287,1
78535,89287,1,89287,1
78535,89287,1,89287,1
78535,89287,1,89287,1
78535,89287,1,89287,1
78535,89287,1,89287,1
78535,89287,1,89287,1
78535,89287,1,89287,1
78535,89287,1,89287,1
78535,89287,1,89287,1
78535,89287,1,89287,1
78535,89287,1,89287,1
78535,89287,1,89287,1
78535,89287,1,89287,1
78535,89287,1,89287,1
78535,89287,1,89287,1
78535,89287,1,89287,1
78535,89287,1,89287,1
78535,89287,1,89287,1
78535,89287,1,89287,1
78535,89287,1,89287,1
78535,89287,1,89287,1
78535,89287,1,89287,1
78535,89287,1,89287,1
78535,89287,1,89287,1
78535,89287,1,89287,1
78535,89287,1,89287,1
78535,89287,1,89287,1
78535,89287,1,89287,1
78535,89287,1,89287,1
78535,89287,1,89287,1
78535,89287,1,89287,1
78535,89287,1,89287,1
78535,89287,1,89287,1
78535,89287,1,89287,1
78535,89287,1,89287,1
78535,89287,1,89287,1
78535,89287,1,89287,1
78535,89287,1,89287,1
78535,89287,1,89287,1
78535,89287,1,89287,1
78535,89287,1,91391,1
78535,91391,1,91391,1
78535,91391,1,91391,1
78535,91391,1,91391,1
78535,91391,1,91391,1
78535,91391,1,91391,1
78535,91391,1,91391,1
78535,91391,1,91391,1
78535,91391,1,91391,1
78535,91391,1,91391,1
78535,91391,1,91391,1
78535,91391,1,91391,1
78535,91391,1,91391,1
78535,91391,1,91391,1
78535,91391,1,91391,1
78535,91391,1,91391,1
78535,91391,1,91391,1
78535,91391,1,91391,1
78535,91391,1,91391,1
78535,91391,1,91391,1
78535,91391,1,91391,1
78535,91391,1,91391,1
78535,91391,1,91391,1
78535,91391,1,91391,1
78535,91391,1,91391,1
78535,91391,1,91391,1
78535,91391,1,91391,1
78535,91391,1,91391,1
78535,91391,1,91391,1
78535,91391,1,91391,1
78535,91391,1,91391,1
78535,91391,1,91391,1
78535,91391,1,91391,1
78535,91391,1,91391,1
78535,91391,1,91391,1
78535,91391,1,91391,1
78535,91391,1,91391,1
78535,91391,1,91391,1
78535,91391,1,91391,1
78535,91391,1,91391,1
78535,91391,1,91391,1
78535,91391,1,91391,1
78535,91391,1,91391,1
78535,91391,1,91391,1
78535,91391,1,91391,1
78535,91391,1,91391,1
78535,91391,1,91391,1
78535,91391,1,89782,1
78535,89782,1,89782,1
78535,89782,1,89782,1
78535,89782,1,89782,1
78535,89782,1,89782,1
78535,89782,1,89782,1
78535,89782,1,89782,1
78535,89782,1,89782,1
78535,89782,1,89782,1
78535,89782,1,89782,1
78535,89782,1,89782,1
78535,89782,1,89782,1
78535,89782,1,89782,1
78535,89782,1,89782,1
78535,89782,1,89782,1
78535,89782,1,89782,1
78535,89782,1,89782,1
78535,89782,1,89782,1
78535,89782,1,89782,1
78535,89782,1,89782,1
78535,89782,1,89782,1
78535,89782,1,89782,1
78535,89782,1,89782,1
78535,89782,1,89782,1
78535,89782,1,89782,1
78535,89782,1,89782,1
78535,89782,1,89782,1
78535,89782,1,89782,1
78535,89782,1,89782,1
78535,89782,1,89782,1
78535,89782,1,89782,1
78535,89782,1,89782,1
78535,89782,1,89782,1
78535,89782,1,89782,1
78535,89782,1,89782,1
78535,89782,1,89782,1
78535,89782,1,89782,1
78535,89782,1,89782,1
78535,89782,1,89782,1
78535,89782,1,89782,1
78535,89782,1,89782,1
78535,89782,1,89782,1
78535,89782,1,89782,1
78535,89782,1,89782,1
78535,89782,1,89769,1
78535,89769,1,89769,1
78535,89769,1,89769,1
78535,89769,1,89769,1
78535,89769,1,89769,1
78535,89769,1,89769,1
78535,89769,1,89769,1
78535,89769,1,89769,1
78535,89769,1,89769,1
78535,89769,1,89769,1
78535,89769,1,89769,1
78535,89769,1,89769,1
78535,89769,1,89769,1
78535,89769,1,89769,1
78535,89769,1,89769,1
78535,89769,1,89769,1
78535,89769,1,89769,1
78535,89769,1,89769,1
78535,89769,1,89769,1
78535,89769,1,89769,1
78535,89769,1,89769,1
78535,89769,1,89769,1
78535,89769,1,89769,1
78535,89769,1,89769,1
78535,89769,1,89769,1
78535,89769,1,89769,1
78535,89769,1,89769,1
78535,89769,1,89769,1
78535,89769,1,89769,1
78535,89769,1,89769,1
78535,89769,1,89769,1
78535,89769,1,89769,1
78535,89769,1,89769,1
78535,89769,1,89769,1
78535,89769,1,89769,1
78535,89769,1,89769,1
78535,89769,1,89769,1
78535,89769,1,89769,1
78535,89769,1,89769,1
78535,89769,1,89769,1
78535,89769,1,89769,1
78535,89769,1,89769,1
78535,89769,1,89769,1
78535,89769,1,89769,1
78535,89769,1,89769,1
78535,89769,1,89769,1
78535,89769,1,89820,1
78535,89820,1,89820,1
78535,89820,1,89820,1
78535,89820,1,89820,1
78535,89820,1,89820,1
78535,89820,1,89820,1
78535,89820,1,89820,1
78535,89820,1,89820,1
78535,89820,1,89820,1
78535,89820,1,89820,1
78535,89820,1,89820,1
78535,89820,1,89820,1
78535,89820,1,89820,1
78535,89820,1,89820,1
78535,89820,1,89820,1
78535,89820,1,89820,1
78535,89820,1,89820,1
78535,89820,1,89820,1
78535,89820,1,89820,1
78535,89820,1,89820,1
78535,89820,1,89820,1
78535,89820,1,89820,1
78535,89820,1,89820,1
78535,89820,1,89820,1
78535,89820,1,89820,1
78535,89820,1,89820,1
78535,89820,1,89820,1
78535,89820,1,89820,1
78535,89820,1,89820,1
78535,89820,1,89820,1
78535,89820,1,89820,1
78535,89820,1,89820,1
78535,89820,1,89820,1
78535,89820,1,89820,1
78535,89820,1,89820,1
78535,89820,1,89820,1
78535,89820,1,89820,1
78535,89820,1,89820,1
78535,89820,1,89820,1
78535,89820,1,89820,1
78535,89820,1,89820,1
78535,89820,1,89820,1
78535,89820,1,89820,1
78535,89820,1,89820,1
78535,89820,1,89820,1
78535,89820,1,89820,1
78535,89820,1,89820,1
78535,89820,1,89820,1
78535,89820,1,89820,1
78535,89820,1,89820,1
78535,89820,1,89820,1
78535,89820,1,89820,1
78535,89820,1,89820,1
78535,89820,1,89820,1
78535,89820,1,89820,1
78535,89820,1,89820,1
78535,89820,1,89820,1
78535,89820,1,89820,1
78535,89820,1,89820,1
78535,89820,1,89820,1
78535,89820,1,89820,1
78535,89820,1,89820,1
78535,89820,1,89820,1
78535,89820,1,89820,1
78535,89820,1,89820,1
78535,89820,1,89820,1
78535,89820,1,89820,1
78535,89820,1,89820,1
78535,89820,1,89820,1
78535,89820,1,89820,1
78535,89820,1,89820,1
78535,89820,1,89820,1
78535,89820,1,89820,1
78535,89820,1,89820,1
78535,89820,1,89820,1
78535,89820,1,89820,1
78535,89820,1,89820,1
78535,89820,1,89820,1
78535,89820,1,89820,1
78535,89820,1,89820,1
78535,89820,1,89820,1
78535,89820,1,89820,1
78535,89820,1,89820,1
78535,89820,1,89820,1
78535,89820,1,89820,1
78535,89820,1,89820,1
78535,89820,1,89820,1
78535,89820,1,89820,1
78535,89820,1,89820,1
78535,89820,1,89820,1
78535,89820,1,89820,1
78535,89820,1,89820,1
78535,89820,1,89820,1
78535,89820,1,89799,1
78535,89799,1,89799,1
78535,89799,1,89799,1
78535,89799,1,89799,1
78535,89799,1,89799,1
78535,89799,1,89799,1
78535,89799,1,89799,1
78535,89799,1,89799,1
78535,89799,1,89799,1
78535,89799,1,89799,1
78535,89799,1,89799,1
78535,89799,1,89799,1
78535,89799,1,89799,1
78535,89799,1,89799,1
78535,89799,1,89799,1
78535,89799,1,89799,1
78535,89799,1,89799,1
78535,89799,1,89799,1
78535,89799,1,89799,1
78535,89799,1,89799,1
78535,89799,1,89799,1
78535,89799,1,89799,1
78535,89799,1,89799,1
78535,89799,1,89799,1
78535,89799,1,89799,1
78535,89799,1,89799,1
78535,89799,1,89799,1
78535,89799,1,89799,1
78535,89799,1,89799,1
78535,89799,1,89799,1
78535,89799,1,89799,1
78535,89799,1,89799,1
78535,89799,1,89799,1
78535,89799,1,89799,1
78535,89799,1,89799,1
78535,89799,1,89799,1
78535,89799,1,89799,1
78535,89799,1,89799,1
78535,89799,1,89799,1
78535,89799,1,89799,1
78535,89799,1,89799,1
78535,89799,1,89799,1
78535,89799,1,89799,1
78535,89799,1,89799,1
78535,89799,1,89799,1
78535,89799,1,89799,1
78535,89799,1,89799,1
78535,89799,1,89799,1
78535,89799,1,89799,1
78535,89799,1,89799,1
78535,89799,1,89799,1
78535,89799,1,89799,1
78535,89799,1,89799,1
78535,89799,1,89799,1
78535,89799,1,89799,1
78535,89799,1,89799,1
78535,89799,1,89799,1
78535,89799,1,89799,1
78535,89799,1,89799,1
78535,89799,1,89799,1
78535,89799,1,89799,1
78535,89799,1,89799,1
78535,89799,1,89799,1
78535,89799,1,89799,1
78535,89799,1,89799,1
78535,89799,1,89799,1
78535,89799,1,89799,1
78535,89799,1,89799,1
78535,89799,1,89799,1
78535,89799,1,89799,1
78535,89799,1,89799,1
78535,89799,1,89799,1
78535,89799,1,89799,1
78535,89799,1,89799,1
78535,89799,1,89799,1
78535,89799,1,89799,1
78535,89799,1,89799,1
78535,89799,1,89799,1
78535,89799,1,89799,1
78535,89799,1,89799,1
78535,89799,1,89799,1
78535,89799,1,89799,1
78535,89799,1,89799,1
78535,89799,1,89799,1
78535,89799,1,89799,1
78535,89799,1,89799,1
78535,89799,1,89799,1
78535,89799,1,89799,1
78535,89799,1,89799,1
78535,89799,1,89799,1
78535,89799,1,89799,1
78535,89799,1,89799,1
78535,89799,1,89799,1
78535,89799,1,89848,0
78535,89848,0,89848,0
78535,89848,0,89848,0
78535,89848,0,89848,0
78535,89848,0,89848,0
78535,89848,0,89848,0
78535,89848,0,89848,0
78535,89848,0,89848,0
78535,89848,0,89848,0
78535,89848,0,89848,0
78535,89848,0,89848,0
78535,89848,0,89848,0
78535,89848,0,89848,0
78535,89848,0,89848,0
78535,89848,0,89848,0
78535,89848,0,89848,0
78535,89848,0,89848,0
78535,89848,0,89848,0
78535,89848,0,89848,0
78535,89848,0,89848,0
78535,89848,0,89848,0
78535,89848,0,89848,0
78535,89848,0,89848,0
78535,89848,0,89848,0
78535,89848,0,89848,0
78535,89848,0,89848,0
78535,89848,0,89848,0
78535,89848,0,89848,0
78535,89848,0,89848,0
78535,89848,0,89848,0
78535,89848,0,89848,0
78535,89848,0,89848,0
78535,89848,0,89848,0
78535,89848,0,89848,0
78535,89848,0,89848,0
78535,89848,0,89848,0
78535,89848,0,89848,0
78535,89848,0,89848,0
78535,89848,0,89848,0
78535,89848,0,89848,0
78535,89848,0,89848,0
78535,89848,0,89848,0
78535,89848,0,89848,0
78535,89848,0,89848,0
78535,89848,0,89848,0
78535,89848,0,89848,0
78535,89848,0,89844,0
78535,89844,0,89844,0
78535,89844,0,89844,0
78535,89844,0,89844,0
78535,89844,0,89844,0
78535,89844,0,89844,0
78535,89844,0,89844,0
78535,89844,0,89844,0
78535,89844,0,89844,0
78535,89844,0,89844,0
78535,89844,0,89844,0
78535,89844,0,89844,0
78535,89844,0,89844,0
78535,89844,0,89844,0
78535,89844,0,89844,0
78535,89844,0,89844,0
78535,89844,0,89844,0
78535,89844,0,89844,0
78535,89844,0,89844,0
78535,89844,0,89844,0
78535,89844,0,89844,0
78535,89844,0,89844,0
78535,89844,0,89844,0
78535,89844,0,89844,0
78535,89844,0,89844,0
78535,89844,0,89844,0
78535,89844,0,89844,0
78535,89844,0,89844,0
78535,89844,0,89844,0
78535,89844,0,89844,0
78535,89844,0,89844,0
78535,89844,0,89844,0
78535,89844,0,89844,0
78535,89844,0,89844,0
78535,89844,0,89844,0
78535,89844,0,89844,0
78535,89844,0,89844,0
78535,89844,0,89844,0
78535,89844,0,89844,0
78535,89844,0,89844,0
78535,89844,0,89844,0
78535,89844,0,89844,0
78535,89844,0,89844,0
78535,89844,0,89844,0
78535,89844,0,89844,0
78535,89844,0,89844,0
78535,89844,0,89796,1
78535,89796,1,89796,1
78535,89796,1,89796,1
78535,89796,1,89796,1
78535,89796,1,89796,1
78535,89796,1,89796,1
78535,89796,1,89796,1
78535,89796,1,89796,1
78535,89796,1,89796,1
78535,89796,1,89796,1
78535,89796,1,89796,1
78535,89796,1,89796,1
78535,89796,1,89796,1
78535,89796,1,89796,1
78535,89796,1,89796,1
78535,89796,1,89796,1
78535,89796,1,89796,1
78535,89796,1,89796,1
78535,89796,1,89796,1
78535,89796,1,89796,1
78535,89796,1,89796,1
78535,89796,1,89796,1
78535,89796,1,89796,1
78535,89796,1,89796,1
78535,89796,1,89796,1
78535,89796,1,89796,1
78535,89796,1,89796,1
78535,89796,1,89796,1
78535,89796,1,89796,1
78535,89796,1,89796,1
78535,89796,1,89796,1
78535,89796,1,89796,1
78535,89796,1,89796,1
78535,89796,1,89796,1
78535,89796,1,89796,1
78535,89796,1,89796,1
78535,89796,1,89796,1
78535,89796,1,89796,1
78535,89796,1,89796,1
78535,89796,1,89796,1
78535,89796,1,89796,1
78535,89796,1,89796,1
78535,89796,1,89796,1
78535,89796,1,89796,1
78535,89796,1,89796,1
78535,89796,1,89796,1
78535,89796,1,89850,1
78535,89850,1,89850,1
78535,89850,1,89850,1
78535,89850,1,89850,1
78535,89850,1,89850,1
78535,89850,1,89850,1
78535,89850,1,89850,1
78535,89850,1,89850,1
78535,89850,1,89850,1
78535,89850,1,89850,1
78535,89850,1,89850,1
78535,89850,1,89850,1
78535,89850,1,89850,1
78535,89850,1,89850,1
78535,89850,1,89850,1
78535,89850,1,89850,1
78535,89850,1,89850,1
78535,89850,1,89850,1
78535,89850,1,89850,1
78535,89850,1,89850,1
78535,89850,1,89850,1
78535,89850,1,89850,1
78535,89850,1,89850,1
78535,89850,1,89850,1
78535,89850,1,89850,1
78535,89850,1,89850,1
78535,89850,1,89850,1
78535,89850,1,89850,1
78535,89850,1,89850,1
78535,89850,1,89850,1
78535,89850,1,89850,1
78535,89850,1,89850,1
78535,89850,1,89850,1
78535,89850,1,89850,1
78535,89850,1,89850,1
78535,89850,1,89850,1
78535,89850,1,89850,1
78535,89850,1,89850,1
78535,89850,1,89850,1
78535,89850,1,89850,1
78535,89850,1,89850,1
78535,89850,1,89850,1
78535,89850,1,89850,1
78535,89850,1,89850,1
78535,89850,1,89850,1
78535,89850,1,89850,1
78535,89850,1,173886,1
78535,173886,1,173893,0
78535,173893,0,173908,0
78535,173908,0,173896,0
78535,173896,0,173920,1
78535,173920,1,173941,0
78535,173941,0,173916,1
78535,173916,1,173907,0
78535,173907,0,174002,0
78535,174002,0,173968,0
78535,173968,0,174007,0
78535,174007,0,174022,1
78535,174022,1,173981,0
78535,173981,0,173991,0
78535,173991,0,174017,0
78535,174017,0,174020,0
78536,93152,1,93152,1
78536,93152,1,93152,1
78536,93152,1,93152,1
78536,93152,1,93152,1
78536,93152,1,93152,1
78536,93152,1,93152,1
78536,93152,1,93152,1
78536,93152,1,93152,1
78536,93152,1,93152,1
78536,93152,1,93152,1
78536,93152,1,93152,1
78536,93152,1,93152,1
78536,93152,1,93152,1
78536,93152,1,93152,1
78536,93152,1,93152,1
78536,93152,1,93152,1
78536,93152,1,93152,1
78536,93152,1,93152,1
78536,93152,1,93152,1
78536,93152,1,93152,1
78536,93152,1,93152,1
78536,93152,1,93152,1
78536,93152,1,93152,1
78536,93152,1,93152,1
78536,93152,1,93152,1
78536,93152,1,93152,1
78536,93152,1,93152,1
78536,93152,1,93152,1
78536,93152,1,93152,1
78536,93152,1,93152,1
78536,93152,1,93152,1
78536,93152,1,93152,1
78536,93152,1,93152,1
78536,93152,1,93152,1
78536,93152,1,93152,1
78536,93152,1,93152,1
78536,93152,1,93152,1
78536,93152,1,93152,1
78536,93152,1,93152,1
78536,93152,1,93152,1
78536,93152,1,93152,1
78536,93152,1,93152,1
78536,93152,1,93152,1
78536,93152,1,93152,1
78536,93152,1,93152,1
78536,93152,1,93191,1
78536,93191,1,93191,1
78536,93191,1,93191,1
78536,93191,1,93191,1
78536,93191,1,93191,1
78536,93191,1,93191,1
78536,93191,1,93191,1
78536,93191,1,93191,1
78536,93191,1,93191,1
78536,93191,1,93191,1
78536,93191,1,93191,1
78536,93191,1,93191,1
78536,93191,1,93191,1
78536,93191,1,93191,1
78536,93191,1,93191,1
78536,93191,1,93191,1
78536,93191,1,93191,1
78536,93191,1,93191,1
78536,93191,1,93191,1
78536,93191,1,93191,1
78536,93191,1,93191,1
78536,93191,1,93191,1
78536,93191,1,93191,1
78536,93191,1,93191,1
78536,93191,1,93191,1
78536,93191,1,93191,1
78536,93191,1,93191,1
78536,93191,1,93191,1
78536,93191,1,93191,1
78536,93191,1,93191,1
78536,93191,1,93191,1
78536,93191,1,93191,1
78536,93191,1,93191,1
78536,93191,1,93191,1
78536,93191,1,93191,1
78536,93191,1,93191,1
78536,93191,1,93191,1
78536,93191,1,93191,1
78536,93191,1,93191,1
78536,93191,1,93191,1
78536,93191,1,93191,1
78536,93191,1,93191,1
78536,93191,1,93191,1
78536,93191,1,93191,1
78536,93191,1,93191,1
78536,93191,1,93191,1
78536,93191,1,93169,1
78536,93169,1,93169,1
78536,93169,1,93169,1
78536,93169,1,93169,1
78536,93169,1,93169,1
78536,93169,1,93169,1
78536,93169,1,93169,1
78536,93169,1,93169,1
78536,93169,1,93169,1
78536,93169,1,93169,1
78536,93169,1,93169,1
78536,93169,1,93169,1
78536,93169,1,93169,1
78536,93169,1,93169,1
78536,93169,1,93169,1
78536,93169,1,93169,1
78536,93169,1,93169,1
78536,93169,1,93169,1
78536,93169,1,93169,1
78536,93169,1,93169,1
78536,93169,1,93169,1
78536,93169,1,93169,1
78536,93169,1,93169,1
78536,93169,1,93169,1
78536,93169,1,93169,1
78536,93169,1,93169,1
78536,93169,1,93169,1
78536,93169,1,93169,1
78536,93169,1,93169,1
78536,93169,1,93169,1
78536,93169,1,93169,1
78536,93169,1,93169,1
78536,93169,1,93169,1
78536,93169,1,93169,1
78536,93169,1,93169,1
78536,93169,1,93169,1
78536,93169,1,93169,1
78536,93169,1,93169,1
78536,93169,1,93169,1
78536,93169,1,93169,1
78536,93169,1,93169,1
78536,93169,1,93169,1
78536,93169,1,93169,1
78536,93169,1,85108,1
78536,85108,1,85108,1
78536,85108,1,85108,1
78536,85108,1,85108,1
78536,85108,1,85108,1
78536,85108,1,85108,1
78536,85108,1,85108,1
78536,85108,1,85108,1
78536,85108,1,85108,1
78536,85108,1,85108,1
78536,85108,1,85108,1
78536,85108,1,85108,1
78536,85108,1,85108,1
78536,85108,1,85108,1
78536,85108,1,85108,1
78536,85108,1,85108,1
78536,85108,1,85108,1
78536,85108,1,85108,1
78536,85108,1,85108,1
78536,85108,1,85108,1
78536,85108,1,85108,1
78536,85108,1,85108,1
78536,85108,1,85108,1
78536,85108,1,85108,1
78536,85108,1,85108,1
78536,85108,1,85108,1
78536,85108,1,85108,1
78536,85108,1,85108,1
78536,85108,1,85108,1
78536,85108,1,85108,1
78536,85108,1,85108,1
78536,85108,1,85108,1
78536,85108,1,85108,1
78536,85108,1,85108,1
78536,85108,1,85108,1
78536,85108,1,85108,1
78536,85108,1,85108,1
78536,85108,1,85108,1
78536,85108,1,85108,1
78536,85108,1,85108,1
78536,85108,1,85108,1
78536,85108,1,85108,1
78536,85108,1,85108,1
78536,85108,1,85108,1
78536,85108,1,85108,1
78536,85108,1,85108,1
78536,85108,1,84628,1
78536,84628,1,84628,1
78536,84628,1,84628,1
78536,84628,1,84628,1
78536,84628,1,84628,1
78536,84628,1,84628,1
78536,84628,1,84628,1
78536,84628,1,84628,1
78536,84628,1,84628,1
78536,84628,1,84628,1
78536,84628,1,84628,1
78536,84628,1,84628,1
78536,84628,1,84628,1
78536,84628,1,84628,1
78536,84628,1,84628,1
78536,84628,1,84628,1
78536,84628,1,84628,1
78536,84628,1,84628,1
78536,84628,1,84628,1
78536,84628,1,84628,1
78536,84628,1,84628,1
78536,84628,1,84628,1
78536,84628,1,84628,1
78536,84628,1,84628,1
78536,84628,1,84628,1
78536,84628,1,84628,1
78536,84628,1,84628,1
78536,84628,1,84628,1
78536,84628,1,84628,1
78536,84628,1,84628,1
78536,84628,1,84628,1
78536,84628,1,84628,1
78536,84628,1,84628,1
78536,84628,1,84628,1
78536,84628,1,84628,1
78536,84628,1,84628,1
78536,84628,1,84628,1
78536,84628,1,84628,1
78536,84628,1,84628,1
78536,84628,1,84628,1
78536,84628,1,84628,1
78536,84628,1,84628,1
78536,84628,1,84628,1
78536,84628,1,84628,1
78536,84628,1,84628,1
78536,84628,1,84628,1
78536,84628,1,85089,0
78536,85089,0,85089,0
78536,85089,0,85089,0
78536,85089,0,85089,0
78536,85089,0,85089,0
78536,85089,0,85089,0
78536,85089,0,85089,0
78536,85089,0,85089,0
78536,85089,0,85089,0
78536,85089,0,85089,0
78536,85089,0,85089,0
78536,85089,0,85089,0
78536,85089,0,85089,0
78536,85089,0,85089,0
78536,85089,0,85089,0
78536,85089,0,85089,0
78536,85089,0,85089,0
78536,85089,0,85089,0
78536,85089,0,85089,0
78536,85089,0,85089,0
78536,85089,0,85089,0
78536,85089,0,85089,0
78536,85089,0,85089,0
78536,85089,0,85089,0
78536,85089,0,85089,0
78536,85089,0,85089,0
78536,85089,0,85089,0
78536,85089,0,85089,0
78536,85089,0,85089,0
78536,85089,0,85089,0
78536,85089,0,85089,0
78536,85089,0,85089,0
78536,85089,0,85089,0
78536,85089,0,85089,0
78536,85089,0,85089,0
78536,85089,0,85089,0
78536,85089,0,85089,0
78536,85089,0,85089,0
78536,85089,0,85089,0
78536,85089,0,85089,0
78536,85089,0,85089,0
78536,85089,0,85089,0
78536,85089,0,85089,0
78536,85089,0,85683,1
78536,85683,1,85683,1
78536,85683,1,85683,1
78536,85683,1,85683,1
78536,85683,1,85683,1
78536,85683,1,85683,1
78536,85683,1,85683,1
78536,85683,1,85683,1
78536,85683,1,85683,1
78536,85683,1,85683,1
78536,85683,1,85683,1
78536,85683,1,85683,1
78536,85683,1,85683,1
78536,85683,1,85683,1
78536,85683,1,85683,1
78536,85683,1,85683,1
78536,85683,1,85683,1
78536,85683,1,85683,1
78536,85683,1,85683,1
78536,85683,1,85683,1
78536,85683,1,85683,1
78536,85683,1,85683,1
78536,85683,1,85683,1
78536,85683,1,85683,1
78536,85683,1,85683,1
78536,85683,1,85683,1
78536,85683,1,85683,1
78536,85683,1,85683,1
78536,85683,1,85683,1
78536,85683,1,85683,1
78536,85683,1,85683,1
78536,85683,1,85683,1
78536,85683,1,85683,1
78536,85683,1,85683,1
78536,85683,1,85683,1
78536,85683,1,85683,1
78536,85683,1,85683,1
78536,85683,1,85683,1
78536,85683,1,85683,1
78536,85683,1,85683,1
78536,85683,1,85683,1
78536,85683,1,85683,1
78536,85683,1,85683,1
78536,85683,1,86102,1
78536,86102,1,86102,1
78536,86102,1,86102,1
78536,86102,1,86102,1
78536,86102,1,86102,1
78536,86102,1,86102,1
78536,86102,1,86102,1
78536,86102,1,86102,1
78536,86102,1,86102,1
78536,86102,1,86102,1
78536,86102,1,86102,1
78536,86102,1,86102,1
78536,86102,1,86102,1
78536,86102,1,86102,1
78536,86102,1,86102,1
78536,86102,1,86102,1
78536,86102,1,86102,1
78536,86102,1,86102,1
78536,86102,1,86102,1
78536,86102,1,86102,1
78536,86102,1,86102,1
78536,86102,1,86102,1
78536,86102,1,86102,1
78536,86102,1,86102,1
78536,86102,1,86102,1
78536,86102,1,86102,1
78536,86102,1,86102,1
78536,86102,1,86102,1
78536,86102,1,86102,1
78536,86102,1,86102,1
78536,86102,1,86102,1
78536,86102,1,86102,1
78536,86102,1,86102,1
78536,86102,1,86102,1
78536,86102,1,86102,1
78536,86102,1,86102,1
78536,86102,1,86102,1
78536,86102,1,86102,1
78536,86102,1,86102,1
78536,86102,1,86102,1
78536,86102,1,86102,1
78536,86102,1,86102,1
78536,86102,1,86102,1
78536,86102,1,85100,1
78536,85100,1,85100,1
78536,85100,1,85100,1
78536,85100,1,85100,1
78536,85100,1,85100,1
78536,85100,1,85100,1
78536,85100,1,85100,1
78536,85100,1,85100,1
78536,85100,1,85100,1
78536,85100,1,85100,1
78536,85100,1,85100,1
78536,85100,1,85100,1
78536,85100,1,85100,1
78536,85100,1,85100,1
78536,85100,1,85100,1
78536,85100,1,85100,1
78536,85100,1,85100,1
78536,85100,1,85100,1
78536,85100,1,85100,1
78536,85100,1,85100,1
78536,85100,1,85100,1
78536,85100,1,85100,1
78536,85100,1,85100,1
78536,85100,1,85100,1
78536,85100,1,85100,1
78536,85100,1,85100,1
78536,85100,1,85100,1
78536,85100,1,85100,1
78536,85100,1,85100,1
78536,85100,1,85100,1
78536,85100,1,85100,1
78536,85100,1,85100,1
78536,85100,1,85100,1
78536,85100,1,85100,1
78536,85100,1,85100,1
78536,85100,1,85100,1
78536,85100,1,85100,1
78536,85100,1,85100,1
78536,85100,1,85100,1
78536,85100,1,85100,1
78536,85100,1,85100,1
78536,85100,1,85100,1
78536,85100,1,85100,1
78536,85100,1,89299,1
78536,89299,1,89299,1
78536,89299,1,89299,1
78536,89299,1,89299,1
78536,89299,1,89299,1
78536,89299,1,89299,1
78536,89299,1,89299,1
78536,89299,1,89299,1
78536,89299,1,89299,1
78536,89299,1,89299,1
78536,89299,1,89299,1
78536,89299,1,89299,1
78536,89299,1,89299,1
78536,89299,1,89299,1
78536,89299,1,89299,1
78536,89299,1,89299,1
78536,89299,1,89299,1
78536,89299,1,89299,1
78536,89299,1,89299,1
78536,89299,1,89299,1
78536,89299,1,89299,1
78536,89299,1,89299,1
78536,89299,1,89299,1
78536,89299,1,89299,1
78536,89299,1,89299,1
78536,89299,1,89299,1
78536,89299,1,89299,1
78536,89299,1,89299,1
78536,89299,1,89299,1
78536,89299,1,89299,1
78536,89299,1,89299,1
78536,89299,1,89299,1
78536,89299,1,89299,1
78536,89299,1,89299,1
78536,89299,1,89299,1
78536,89299,1,89299,1
78536,89299,1,89299,1
78536,89299,1,89299,1
78536,89299,1,89299,1
78536,89299,1,89299,1
78536,89299,1,89299,1
78536,89299,1,89299,1
78536,89299,1,89299,1
78536,89299,1,89299,1
78536,89299,1,89299,1
78536,89299,1,89299,1
78536,89299,1,89299,1
78536,89299,1,91358,1
78536,91358,1,91358,1
78536,91358,1,91358,1
78536,91358,1,91358,1
78536,91358,1,91358,1
78536,91358,1,91358,1
78536,91358,1,91358,1
78536,91358,1,91358,1
78536,91358,1,91358,1
78536,91358,1,91358,1
78536,91358,1,91358,1
78536,91358,1,91358,1
78536,91358,1,91358,1
78536,91358,1,91358,1
78536,91358,1,91358,1
78536,91358,1,91358,1
78536,91358,1,91358,1
78536,91358,1,91358,1
78536,91358,1,91358,1
78536,91358,1,91358,1
78536,91358,1,91358,1
78536,91358,1,91358,1
78536,91358,1,91358,1
78536,91358,1,91358,1
78536,91358,1,91358,1
78536,91358,1,91358,1
78536,91358,1,91358,1
78536,91358,1,91358,1
78536,91358,1,91358,1
78536,91358,1,91358,1
78536,91358,1,91358,1
78536,91358,1,91358,1
78536,91358,1,91358,1
78536,91358,1,91358,1
78536,91358,1,91358,1
78536,91358,1,91358,1
78536,91358,1,91358,1
78536,91358,1,91358,1
78536,91358,1,91358,1
78536,91358,1,91358,1
78536,91358,1,91358,1
78536,91358,1,91358,1
78536,91358,1,91358,1
78536,91358,1,91358,1
78536,91358,1,91358,1
78536,91358,1,91358,1
78536,91358,1,91358,1
78536,91358,1,91358,1
78536,91358,1,91358,1
78536,91358,1,91358,1
78536,91358,1,91358,1
78536,91358,1,91358,1
78536,91358,1,91358,1
78536,91358,1,91358,1
78536,91358,1,91358,1
78536,91358,1,91358,1
78536,91358,1,91358,1
78536,91358,1,91358,1
78536,91358,1,91358,1
78536,91358,1,91358,1
78536,91358,1,91358,1
78536,91358,1,91358,1
78536,91358,1,91358,1
78536,91358,1,91358,1
78536,91358,1,91358,1
78536,91358,1,91358,1
78536,91358,1,91358,1
78536,91358,1,91358,1
78536,91358,1,91358,1
78536,91358,1,91358,1
78536,91358,1,91358,1
78536,91358,1,91358,1
78536,91358,1,91358,1
78536,91358,1,91358,1
78536,91358,1,91358,1
78536,91358,1,91358,1
78536,91358,1,91358,1
78536,91358,1,91358,1
78536,91358,1,91358,1
78536,91358,1,91358,1
78536,91358,1,91358,1
78536,91358,1,91358,1
78536,91358,1,91358,1
78536,91358,1,91358,1
78536,91358,1,91358,1
78536,91358,1,91358,1
78536,91358,1,91358,1
78536,91358,1,91358,1
78536,91358,1,91358,1
78536,91358,1,91358,1
78536,91358,1,91358,1
78536,91358,1,91358,1
78536,91358,1,91358,1
78536,91358,1,91358,1
78536,91358,1,91358,1
78536,91358,1,91358,1
78536,91358,1,91358,1
78536,91358,1,91380,1
78536,91380,1,91380,1
78536,91380,1,91380,1
78536,91380,1,91380,1
78536,91380,1,91380,1
78536,91380,1,91380,1
78536,91380,1,91380,1
78536,91380,1,91380,1
78536,91380,1,91380,1
78536,91380,1,91380,1
78536,91380,1,91380,1
78536,91380,1,91380,1
78536,91380,1,91380,1
78536,91380,1,91380,1
78536,91380,1,91380,1
78536,91380,1,91380,1
78536,91380,1,91380,1
78536,91380,1,91380,1
78536,91380,1,91380,1
78536,91380,1,91380,1
78536,91380,1,91380,1
78536,91380,1,91380,1
78536,91380,1,91380,1
78536,91380,1,91380,1
78536,91380,1,91380,1
78536,91380,1,91380,1
78536,91380,1,91380,1
78536,91380,1,91380,1
78536,91380,1,91380,1
78536,91380,1,91380,1
78536,91380,1,91380,1
78536,91380,1,91380,1
78536,91380,1,91380,1
78536,91380,1,91380,1
78536,91380,1,91380,1
78536,91380,1,91380,1
78536,91380,1,91380,1
78536,91380,1,91380,1
78536,91380,1,91380,1
78536,91380,1,91380,1
78536,91380,1,91380,1
78536,91380,1,91380,1
78536,91380,1,91380,1
78536,91380,1,91380,1
78536,91380,1,91380,1
78536,91380,1,91380,1
78536,91380,1,91380,1
78536,91380,1,91380,1
78536,91380,1,91380,1
78536,91380,1,91380,1
78536,91380,1,91380,1
78536,91380,1,91380,1
78536,91380,1,91380,1
78536,91380,1,91380,1
78536,91380,1,91380,1
78536,91380,1,91380,1
78536,91380,1,91380,1
78536,91380,1,91380,1
78536,91380,1,91380,1
78536,91380,1,91380,1
78536,91380,1,91380,1
78536,91380,1,91380,1
78536,91380,1,91380,1
78536,91380,1,91380,1
78536,91380,1,91380,1
78536,91380,1,91380,1
78536,91380,1,91380,1
78536,91380,1,91380,1
78536,91380,1,91380,1
78536,91380,1,91380,1
78536,91380,1,91380,1
78536,91380,1,91380,1
78536,91380,1,91380,1
78536,91380,1,91380,1
78536,91380,1,91380,1
78536,91380,1,91380,1
78536,91380,1,91380,1
78536,91380,1,91380,1
78536,91380,1,91380,1
78536,91380,1,91380,1
78536,91380,1,91380,1
78536,91380,1,91380,1
78536,91380,1,91380,1
78536,91380,1,91380,1
78536,91380,1,91380,1
78536,91380,1,91380,1
78536,91380,1,91380,1
78536,91380,1,91380,1
78536,91380,1,91380,1
78536,91380,1,91380,1
78536,91380,1,91380,1
78536,91380,1,91380,1
78536,91380,1,91380,1
78536,91380,1,91380,1
78536,91380,1,91380,1
78536,91380,1,91380,1
78536,91380,1,91380,1
78536,91380,1,89767,0
78536,89767,0,89767,0
78536,89767,0,89767,0
78536,89767,0,89767,0
78536,89767,0,89767,0
78536,89767,0,89767,0
78536,89767,0,89767,0
78536,89767,0,89767,0
78536,89767,0,89767,0
78536,89767,0,89767,0
78536,89767,0,89767,0
78536,89767,0,89767,0
78536,89767,0,89767,0
78536,89767,0,89767,0
78536,89767,0,89767,0
78536,89767,0,89767,0
78536,89767,0,89767,0
78536,89767,0,89767,0
78536,89767,0,89767,0
78536,89767,0,89767,0
78536,89767,0,89767,0
78536,89767,0,89767,0
78536,89767,0,89767,0
78536,89767,0,89767,0
78536,89767,0,89767,0
78536,89767,0,89767,0
78536,89767,0,89767,0
78536,89767,0,89767,0
78536,89767,0,89767,0
78536,89767,0,89767,0
78536,89767,0,89767,0
78536,89767,0,89767,0
78536,89767,0,89767,0
78536,89767,0,89767,0
78536,89767,0,89767,0
78536,89767,0,89767,0
78536,89767,0,89767,0
78536,89767,0,89767,0
78536,89767,0,89767,0
78536,89767,0,89767,0
78536,89767,0,89767,0
78536,89767,0,89767,0
78536,89767,0,89767,0
78536,89767,0,89767,0
78536,89767,0,89767,0
78536,89767,0,89767,0
78536,89767,0,89767,0
78536,89767,0,89767,0
78536,89767,0,89767,0
78536,89767,0,89767,0
78536,89767,0,89767,0
78536,89767,0,89767,0
78536,89767,0,89767,0
78536,89767,0,89767,0
78536,89767,0,89767,0
78536,89767,0,89767,0
78536,89767,0,89767,0
78536,89767,0,89767,0
78536,89767,0,89767,0
78536,89767,0,89767,0
78536,89767,0,89767,0
78536,89767,0,89767,0
78536,89767,0,89767,0
78536,89767,0,89767,0
78536,89767,0,89767,0
78536,89767,0,89767,0
78536,89767,0,89767,0
78536,89767,0,89767,0
78536,89767,0,89767,0
78536,89767,0,89767,0
78536,89767,0,89767,0
78536,89767,0,89767,0
78536,89767,0,89767,0
78536,89767,0,89767,0
78536,89767,0,89767,0
78536,89767,0,89767,0
78536,89767,0,89767,0
78536,89767,0,89767,0
78536,89767,0,89767,0
78536,89767,0,89767,0
78536,89767,0,89767,0
78536,89767,0,89767,0
78536,89767,0,89767,0
78536,89767,0,89767,0
78536,89767,0,89767,0
78536,89767,0,89767,0
78536,89767,0,89767,0
78536,89767,0,89767,0
78536,89767,0,89767,0
78536,89767,0,89767,0
78536,89767,0,89767,0
78536,89767,0,89767,0
78536,89767,0,89767,0
78536,89767,0,89784,1
78536,89784,1,89784,1
78536,89784,1,89784,1
78536,89784,1,89784,1
78536,89784,1,89784,1
78536,89784,1,89784,1
78536,89784,1,89784,1
78536,89784,1,89784,1
78536,89784,1,89784,1
78536,89784,1,89784,1
78536,89784,1,89784,1
78536,89784,1,89784,1
78536,89784,1,89784,1
78536,89784,1,89784,1
78536,89784,1,89784,1
78536,89784,1,89784,1
78536,89784,1,89784,1
78536,89784,1,89784,1
78536,89784,1,89784,1
78536,89784,1,89784,1
78536,89784,1,89784,1
78536,89784,1,89784,1
78536,89784,1,89784,1
78536,89784,1,89784,1
78536,89784,1,89784,1
78536,89784,1,89784,1
78536,89784,1,89784,1
78536,89784,1,89784,1
78536,89784,1,89784,1
78536,89784,1,89784,1
78536,89784,1,89784,1
78536,89784,1,89784,1
78536,89784,1,89784,1
78536,89784,1,89784,1
78536,89784,1,89784,1
78536,89784,1,89784,1
78536,89784,1,89784,1
78536,89784,1,89784,1
78536,89784,1,89784,1
78536,89784,1,89784,1
78536,89784,1,89784,1
78536,89784,1,89784,1
78536,89784,1,89784,1
78536,89784,1,89784,1
78536,89784,1,89784,1
78536,89784,1,89784,1
78536,89784,1,89784,1
78536,89784,1,89784,1
78536,89784,1,89784,1
78536,89784,1,89784,1
78536,89784,1,89784,1
78536,89784,1,89784,1
78536,89784,1,89784,1
78536,89784,1,89784,1
78536,89784,1,89784,1
78536,89784,1,89784,1
78536,89784,1,89784,1
78536,89784,1,89784,1
78536,89784,1,89784,1
78536,89784,1,89784,1
78536,89784,1,89784,1
78536,89784,1,89784,1
78536,89784,1,89784,1
78536,89784,1,89784,1
78536,89784,1,89784,1
78536,89784,1,89784,1
78536,89784,1,89784,1
78536,89784,1,89784,1
78536,89784,1,89784,1
78536,89784,1,89784,1
78536,89784,1,89784,1
78536,89784,1,89784,1
78536,89784,1,89784,1
78536,89784,1,89784,1
78536,89784,1,89784,1
78536,89784,1,89784,1
78536,89784,1,89784,1
78536,89784,1,89784,1
78536,89784,1,89784,1
78536,89784,1,89784,1
78536,89784,1,89784,1
78536,89784,1,89784,1
78536,89784,1,89784,1
78536,89784,1,89784,1
78536,89784,1,89784,1
78536,89784,1,89784,1
78536,89784,1,89784,1
78536,89784,1,89784,1
78536,89784,1,89784,1
78536,89784,1,89784,1
78536,89784,1,89784,1
78536,89784,1,89784,1
78536,89784,1,89784,1
78536,89784,1,89850,0
78536,89850,0,89850,0
78536,89850,0,89850,0
78536,89850,0,89850,0
78536,89850,0,89850,0
78536,89850,0,89850,0
78536,89850,0,89850,0
78536,89850,0,89850,0
78536,89850,0,89850,0
78536,89850,0,89850,0
78536,89850,0,89850,0
78536,89850,0,89850,0
78536,89850,0,89850,0
78536,89850,0,89850,0
78536,89850,0,89850,0
78536,89850,0,89850,0
78536,89850,0,89850,0
78536,89850,0,89850,0
78536,89850,0,89850,0
78536,89850,0,89850,0
78536,89850,0,89850,0
78536,89850,0,89850,0
78536,89850,0,89850,0
78536,89850,0,89850,0
78536,89850,0,89850,0
78536,89850,0,89850,0
78536,89850,0,89850,0
78536,89850,0,89850,0
78536,89850,0,89850,0
78536,89850,0,89850,0
78536,89850,0,89850,0
78536,89850,0,89850,0
78536,89850,0,89850,0
78536,89850,0,89850,0
78536,89850,0,89850,0
78536,89850,0,89850,0
78536,89850,0,89850,0
78536,89850,0,89850,0
78536,89850,0,89850,0
78536,89850,0,89850,0
78536,89850,0,89850,0
78536,89850,0,89850,0
78536,89850,0,89850,0
78536,89850,0,89850,0
78536,89850,0,89850,0
78536,89850,0,89850,0
78536,89850,0,89850,0
78536,89850,0,89850,0
78536,89850,0,89850,0
78536,89850,0,89850,0
78536,89850,0,89850,0
78536,89850,0,89850,0
78536,89850,0,89850,0
78536,89850,0,89850,0
78536,89850,0,89850,0
78536,89850,0,89850,0
78536,89850,0,89850,0
78536,89850,0,89850,0
78536,89850,0,89850,0
78536,89850,0,89850,0
78536,89850,0,89850,0
78536,89850,0,89850,0
78536,89850,0,89850,0
78536,89850,0,89850,0
78536,89850,0,89850,0
78536,89850,0,89850,0
78536,89850,0,89850,0
78536,89850,0,89850,0
78536,89850,0,89850,0
78536,89850,0,89850,0
78536,89850,0,89850,0
78536,89850,0,89850,0
78536,89850,0,89850,0
78536,89850,0,89850,0
78536,89850,0,89850,0
78536,89850,0,89850,0
78536,89850,0,89850,0
78536,89850,0,89850,0
78536,89850,0,89850,0
78536,89850,0,89850,0
78536,89850,0,89850,0
78536,89850,0,89850,0
78536,89850,0,89850,0
78536,89850,0,89850,0
78536,89850,0,89850,0
78536,89850,0,89850,0
78536,89850,0,89850,0
78536,89850,0,89850,0
78536,89850,0,89850,0
78536,89850,0,89850,0
78536,89850,0,89850,0
78536,89850,0,89850,0
78536,89850,0,89850,0
78536,89850,0,89834,1
78536,89834,1,89834,1
78536,89834,1,89834,1
78536,89834,1,89834,1
78536,89834,1,89834,1
78536,89834,1,89834,1
78536,89834,1,89834,1
78536,89834,1,89834,1
78536,89834,1,89834,1
78536,89834,1,89834,1
78536,89834,1,89834,1
78536,89834,1,89834,1
78536,89834,1,89834,1
78536,89834,1,89834,1
78536,89834,1,89834,1
78536,89834,1,89834,1
78536,89834,1,89834,1
78536,89834,1,89834,1
78536,89834,1,89834,1
78536,89834,1,89834,1
78536,89834,1,89834,1
78536,89834,1,89834,1
78536,89834,1,89834,1
78536,89834,1,89834,1
78536,89834,1,89834,1
78536,89834,1,89834,1
78536,89834,1,89834,1
78536,89834,1,89834,1
78536,89834,1,89834,1
78536,89834,1,89834,1
78536,89834,1,89834,1
78536,89834,1,89834,1
78536,89834,1,89834,1
78536,89834,1,89834,1
78536,89834,1,89834,1
78536,89834,1,89834,1
78536,89834,1,89834,1
78536,89834,1,89834,1
78536,89834,1,89834,1
78536,89834,1,89834,1
78536,89834,1,89834,1
78536,89834,1,89834,1
78536,89834,1,89834,1
78536,89834,1,89834,1
78536,89834,1,89834,1
78536,89834,1,89834,1
78536,89834,1,89834,1
78536,89834,1,89834,1
78536,89834,1,89834,1
78536,89834,1,89834,1
78536,89834,1,89834,1
78536,89834,1,89834,1
78536,89834,1,89834,1
78536,89834,1,89834,1
78536,89834,1,89834,1
78536,89834,1,89834,1
78536,89834,1,89834,1
78536,89834,1,89834,1
78536,89834,1,89834,1
78536,89834,1,89834,1
78536,89834,1,89834,1
78536,89834,1,89834,1
78536,89834,1,89834,1
78536,89834,1,89834,1
78536,89834,1,89834,1
78536,89834,1,89834,1
78536,89834,1,89834,1
78536,89834,1,89834,1
78536,89834,1,89834,1
78536,89834,1,89834,1
78536,89834,1,89834,1
78536,89834,1,89834,1
78536,89834,1,89834,1
78536,89834,1,89834,1
78536,89834,1,89834,1
78536,89834,1,89834,1
78536,89834,1,89834,1
78536,89834,1,89834,1
78536,89834,1,89834,1
78536,89834,1,89834,1
78536,89834,1,89834,1
78536,89834,1,89834,1
78536,89834,1,89834,1
78536,89834,1,89834,1
78536,89834,1,89834,1
78536,89834,1,89834,1
78536,89834,1,89834,1
78536,89834,1,89834,1
78536,89834,1,89834,1
78536,89834,1,89834,1
78536,89834,1,89834,1
78536,89834,1,89834,1
78536,89834,1,89834,1
78536,89834,1,89831,1
78536,89831,1,89831,1
78536,89831,1,89831,1
78536,89831,1,89831,1
78536,89831,1,89831,1
78536,89831,1,89831,1
78536,89831,1,89831,1
78536,89831,1,89831,1
78536,89831,1,89831,1
78536,89831,1,89831,1
78536,89831,1,89831,1
78536,89831,1,89831,1
78536,89831,1,89831,1
78536,89831,1,89831,1
78536,89831,1,89831,1
78536,89831,1,89831,1
78536,89831,1,89831,1
78536,89831,1,89831,1
78536,89831,1,89831,1
78536,89831,1,89831,1
78536,89831,1,89831,1
78536,89831,1,89831,1
78536,89831,1,89831,1
78536,89831,1,89831,1
78536,89831,1,89831,1
78536,89831,1,89831,1
78536,89831,1,89831,1
78536,89831,1,89831,1
78536,89831,1,89831,1
78536,89831,1,89831,1
78536,89831,1,89831,1
78536,89831,1,89831,1
78536,89831,1,89831,1
78536,89831,1,89831,1
78536,89831,1,89831,1
78536,89831,1,89831,1
78536,89831,1,89831,1
78536,89831,1,89831,1
78536,89831,1,89831,1
78536,89831,1,89831,1
78536,89831,1,89831,1
78536,89831,1,89831,1
78536,89831,1,89831,1
78536,89831,1,89831,1
78536,89831,1,89831,1
78536,89831,1,89831,1
78536,89831,1,89831,1
78536,89831,1,89831,1
78536,89831,1,89831,1
78536,89831,1,89831,1
78536,89831,1,89831,1
78536,89831,1,89831,1
78536,89831,1,89831,1
78536,89831,1,89831,1
78536,89831,1,89831,1
78536,89831,1,89831,1
78536,89831,1,89831,1
78536,89831,1,89831,1
78536,89831,1,89831,1
78536,89831,1,89831,1
78536,89831,1,89831,1
78536,89831,1,89831,1
78536,89831,1,89831,1
78536,89831,1,89831,1
78536,89831,1,89831,1
78536,89831,1,89831,1
78536,89831,1,89831,1
78536,89831,1,89831,1
78536,89831,1,89831,1
78536,89831,1,89831,1
78536,89831,1,89831,1
78536,89831,1,89831,1
78536,89831,1,89831,1
78536,89831,1,89831,1
78536,89831,1,89831,1
78536,89831,1,89831,1
78536,89831,1,89831,1
78536,89831,1,89831,1
78536,89831,1,89831,1
78536,89831,1,89831,1
78536,89831,1,89831,1
78536,89831,1,89831,1
78536,89831,1,89831,1
78536,89831,1,89831,1
78536,89831,1,89831,1
78536,89831,1,89831,1
78536,89831,1,89831,1
78536,89831,1,89831,1
78536,89831,1,89831,1
78536,89831,1,89831,1
78536,89831,1,89831,1
78536,89831,1,89831,1
78536,89831,1,89831,1
78536,89831,1,89843,1
78536,89843,1,89843,1
78536,89843,1,89843,1
78536,89843,1,89843,1
78536,89843,1,89843,1
78536,89843,1,89843,1
78536,89843,1,89843,1
78536,89843,1,89843,1
78536,89843,1,89843,1
78536,89843,1,89843,1
78536,89843,1,89843,1
78536,89843,1,89843,1
78536,89843,1,89843,1
78536,89843,1,89843,1
78536,89843,1,89843,1
78536,89843,1,89843,1
78536,89843,1,89843,1
78536,89843,1,89843,1
78536,89843,1,89843,1
78536,89843,1,89843,1
78536,89843,1,89843,1
78536,89843,1,89843,1
78536,89843,1,89843,1
78536,89843,1,89843,1
78536,89843,1,89843,1
78536,89843,1,89843,1
78536,89843,1,89843,1
78536,89843,1,89843,1
78536,89843,1,89843,1
78536,89843,1,89843,1
78536,89843,1,89843,1
78536,89843,1,89843,1
78536,89843,1,89843,1
78536,89843,1,89843,1
78536,89843,1,89843,1
78536,89843,1,89843,1
78536,89843,1,89843,1
78536,89843,1,89843,1
78536,89843,1,89843,1
78536,89843,1,89843,1
78536,89843,1,89843,1
78536,89843,1,89843,1
78536,89843,1,89843,1
78536,89843,1,89843,1
78536,89843,1,89843,1
78536,89843,1,89843,1
78536,89843,1,89843,1
78536,89843,1,89843,1
78536,89843,1,89843,1
78536,89843,1,89843,1
78536,89843,1,89843,1
78536,89843,1,89843,1
78536,89843,1,89843,1
78536,89843,1,89843,1
78536,89843,1,89843,1
78536,89843,1,89843,1
78536,89843,1,89843,1
78536,89843,1,89843,1
78536,89843,1,89843,1
78536,89843,1,89843,1
78536,89843,1,89843,1
78536,89843,1,89843,1
78536,89843,1,89843,1
78536,89843,1,89843,1
78536,89843,1,89843,1
78536,89843,1,89843,1
78536,89843,1,89843,1
78536,89843,1,89843,1
78536,89843,1,89843,1
78536,89843,1,89843,1
78536,89843,1,89843,1
78536,89843,1,89843,1
78536,89843,1,89843,1
78536,89843,1,89843,1
78536,89843,1,89843,1
78536,89843,1,89843,1
78536,89843,1,89843,1
78536,89843,1,89843,1
78536,89843,1,89843,1
78536,89843,1,89843,1
78536,89843,1,89843,1
78536,89843,1,89843,1
78536,89843,1,89843,1
78536,89843,1,89843,1
78536,89843,1,89843,1
78536,89843,1,89843,1
78536,89843,1,89843,1
78536,89843,1,89843,1
78536,89843,1,89843,1
78536,89843,1,89843,1
78536,89843,1,89843,1
78536,89843,1,89843,1
78536,89843,1,89843,1
78536,89843,1,89875,1
78536,89875,1,89875,1
78536,89875,1,89875,1
78536,89875,1,89875,1
78536,89875,1,89875,1
78536,89875,1,89875,1
78536,89875,1,89875,1
78536,89875,1,89875,1
78536,89875,1,89875,1
78536,89875,1,89875,1
78536,89875,1,89875,1
78536,89875,1,89875,1
78536,89875,1,89875,1
78536,89875,1,89875,1
78536,89875,1,89875,1
78536,89875,1,89875,1
78536,89875,1,89875,1
78536,89875,1,89875,1
78536,89875,1,89875,1
78536,89875,1,89875,1
78536,89875,1,89875,1
78536,89875,1,89875,1
78536,89875,1,89875,1
78536,89875,1,89875,1
78536,89875,1,89875,1
78536,89875,1,89875,1
78536,89875,1,89875,1
78536,89875,1,89875,1
78536,89875,1,89875,1
78536,89875,1,89875,1
78536,89875,1,89875,1
78536,89875,1,89875,1
78536,89875,1,89875,1
78536,89875,1,89875,1
78536,89875,1,89875,1
78536,89875,1,89875,1
78536,89875,1,89875,1
78536,89875,1,89875,1
78536,89875,1,89875,1
78536,89875,1,89875,1
78536,89875,1,89875,1
78536,89875,1,89875,1
78536,89875,1,89875,1
78536,89875,1,89875,1
78536,89875,1,89875,1
78536,89875,1,89875,1
78536,89875,1,89875,1
78536,89875,1,89875,1
78536,89875,1,89875,1
78536,89875,1,89875,1
78536,89875,1,89875,1
78536,89875,1,89875,1
78536,89875,1,89875,1
78536,89875,1,89875,1
78536,89875,1,89875,1
78536,89875,1,89875,1
78536,89875,1,89875,1
78536,89875,1,89875,1
78536,89875,1,89875,1
78536,89875,1,89875,1
78536,89875,1,89875,1
78536,89875,1,89875,1
78536,89875,1,89875,1
78536,89875,1,89875,1
78536,89875,1,89875,1
78536,89875,1,89875,1
78536,89875,1,89875,1
78536,89875,1,89875,1
78536,89875,1,89875,1
78536,89875,1,89875,1
78536,89875,1,89875,1
78536,89875,1,89875,1
78536,89875,1,89875,1
78536,89875,1,89875,1
78536,89875,1,89875,1
78536,89875,1,89875,1
78536,89875,1,89875,1
78536,89875,1,89875,1
78536,89875,1,89875,1
78536,89875,1,89875,1
78536,89875,1,89875,1
78536,89875,1,89875,1
78536,89875,1,89875,1
78536,89875,1,89875,1
78536,89875,1,89875,1
78536,89875,1,89875,1
78536,89875,1,89875,1
78536,89875,1,89875,1
78536,89875,1,89875,1
78536,89875,1,89875,1
78536,89875,1,89875,1
78536,89875,1,89875,1
78536,89875,1,89875,1
78536,89875,1,89792,1
78536,89792,1,89792,1
78536,89792,1,89792,1
78536,89792,1,89792,1
78536,89792,1,89792,1
78536,89792,1,89792,1
78536,89792,1,89792,1
78536,89792,1,89792,1
78536,89792,1,89792,1
78536,89792,1,89792,1
78536,89792,1,89792,1
78536,89792,1,89792,1
78536,89792,1,89792,1
78536,89792,1,89792,1
78536,89792,1,89792,1
78536,89792,1,89792,1
78536,89792,1,89792,1
78536,89792,1,89792,1
78536,89792,1,89792,1
78536,89792,1,89792,1
78536,89792,1,89792,1
78536,89792,1,89792,1
78536,89792,1,89792,1
78536,89792,1,89792,1
78536,89792,1,89792,1
78536,89792,1,89792,1
78536,89792,1,89792,1
78536,89792,1,89792,1
78536,89792,1,89792,1
78536,89792,1,89792,1
78536,89792,1,89792,1
78536,89792,1,89792,1
78536,89792,1,89792,1
78536,89792,1,89792,1
78536,89792,1,89792,1
78536,89792,1,89792,1
78536,89792,1,89792,1
78536,89792,1,89792,1
78536,89792,1,89792,1
78536,89792,1,89792,1
78536,89792,1,89792,1
78536,89792,1,89792,1
78536,89792,1,89792,1
78536,89792,1,89792,1
78536,89792,1,89792,1
78536,89792,1,89792,1
78536,89792,1,173944,1
78536,173944,1,173949,1
78536,173949,1,173981,1
78536,173981,1,174017,1
78537,93206,0,93206,0
78537,93206,0,93206,0
78537,93206,0,93206,0
78537,93206,0,93206,0
78537,93206,0,93206,0
78537,93206,0,93206,0
78537,93206,0,93206,0
78537,93206,0,93206,0
78537,93206,0,93206,0
78537,93206,0,93206,0
78537,93206,0,93206,0
78537,93206,0,93206,0
78537,93206,0,93206,0
78537,93206,0,93206,0
78537,93206,0,93206,0
78537,93206,0,93206,0
78537,93206,0,93206,0
78537,93206,0,93206,0
78537,93206,0,93206,0
78537,93206,0,93206,0
78537,93206,0,93206,0
78537,93206,0,93206,0
78537,93206,0,93206,0
78537,93206,0,93206,0
78537,93206,0,93206,0
78537,93206,0,93206,0
78537,93206,0,93206,0
78537,93206,0,93206,0
78537,93206,0,93206,0
78537,93206,0,93206,0
78537,93206,0,93206,0
78537,93206,0,93206,0
78537,93206,0,93206,0
78537,93206,0,93206,0
78537,93206,0,93206,0
78537,93206,0,93206,0
78537,93206,0,93206,0
78537,93206,0,93206,0
78537,93206,0,93206,0
78537,93206,0,93206,0
78537,93206,0,93206,0
78537,93206,0,93206,0
78537,93206,0,93206,0
78537,93206,0,93206,0
78537,93206,0,93206,0
78537,93206,0,93191,1
78537,93191,1,93191,1
78537,93191,1,93191,1
78537,93191,1,93191,1
78537,93191,1,93191,1
78537,93191,1,93191,1
78537,93191,1,93191,1
78537,93191,1,93191,1
78537,93191,1,93191,1
78537,93191,1,93191,1
78537,93191,1,93191,1
78537,93191,1,93191,1
78537,93191,1,93191,1
78537,93191,1,93191,1
78537,93191,1,93191,1
78537,93191,1,93191,1
78537,93191,1,93191,1
78537,93191,1,93191,1
78537,93191,1,93191,1
78537,93191,1,93191,1
78537,93191,1,93191,1
78537,93191,1,93191,1
78537,93191,1,93191,1
78537,93191,1,93191,1
78537,93191,1,93191,1
78537,93191,1,93191,1
78537,93191,1,93191,1
78537,93191,1,93191,1
78537,93191,1,93191,1
78537,93191,1,93191,1
78537,93191,1,93191,1
78537,93191,1,93191,1
78537,93191,1,93191,1
78537,93191,1,93191,1
78537,93191,1,93191,1
78537,93191,1,93191,1
78537,93191,1,93191,1
78537,93191,1,93191,1
78537,93191,1,93191,1
78537,93191,1,93191,1
78537,93191,1,93191,1
78537,93191,1,93191,1
78537,93191,1,93191,1
78537,93191,1,93191,1
78537,93191,1,93191,1
78537,93191,1,93191,1
78537,93191,1,93176,1
78537,93176,1,93176,1
78537,93176,1,93176,1
78537,93176,1,93176,1
78537,93176,1,93176,1
78537,93176,1,93176,1
78537,93176,1,93176,1
78537,93176,1,93176,1
78537,93176,1,93176,1
78537,93176,1,93176,1
78537,93176,1,93176,1
78537,93176,1,93176,1
78537,93176,1,93176,1
78537,93176,1,93176,1
78537,93176,1,93176,1
78537,93176,1,93176,1
78537,93176,1,93176,1
78537,93176,1,93176,1
78537,93176,1,93176,1
78537,93176,1,93176,1
78537,93176,1,93176,1
78537,93176,1,93176,1
78537,93176,1,93176,1
78537,93176,1,93176,1
78537,93176,1,93176,1
78537,93176,1,93176,1
78537,93176,1,93176,1
78537,93176,1,93176,1
78537,93176,1,93176,1
78537,93176,1,93176,1
78537,93176,1,93176,1
78537,93176,1,93176,1
78537,93176,1,93176,1
78537,93176,1,93176,1
78537,93176,1,93176,1
78537,93176,1,93176,1
78537,93176,1,93176,1
78537,93176,1,93176,1
78537,93176,1,93176,1
78537,93176,1,93176,1
78537,93176,1,93176,1
78537,93176,1,93176,1
78537,93176,1,93176,1
78537,93176,1,93176,1
78537,93176,1,93176,1
78537,93176,1,93176,1
78537,93176,1,93152,1
78537,93152,1,93152,1
78537,93152,1,93152,1
78537,93152,1,93152,1
78537,93152,1,93152,1
78537,93152,1,93152,1
78537,93152,1,93152,1
78537,93152,1,93152,1
78537,93152,1,93152,1
78537,93152,1,93152,1
78537,93152,1,93152,1
78537,93152,1,93152,1
78537,93152,1,93152,1
78537,93152,1,93152,1
78537,93152,1,93152,1
78537,93152,1,93152,1
78537,93152,1,93152,1
78537,93152,1,93152,1
78537,93152,1,93152,1
78537,93152,1,93152,1
78537,93152,1,93152,1
78537,93152,1,93152,1
78537,93152,1,93152,1
78537,93152,1,93152,1
78537,93152,1,93152,1
78537,93152,1,93152,1
78537,93152,1,93152,1
78537,93152,1,93152,1
78537,93152,1,93152,1
78537,93152,1,93152,1
78537,93152,1,93152,1
78537,93152,1,93152,1
78537,93152,1,93152,1
78537,93152,1,93152,1
78537,93152,1,93152,1
78537,93152,1,93152,1
78537,93152,1,93152,1
78537,93152,1,93152,1
78537,93152,1,93152,1
78537,93152,1,93152,1
78537,93152,1,93152,1
78537,93152,1,93152,1
78537,93152,1,93152,1
78537,93152,1,93152,1
78537,93152,1,93152,1
78537,93152,1,93152,1
78537,93152,1,93223,1
78537,93223,1,93223,1
78537,93223,1,93223,1
78537,93223,1,93223,1
78537,93223,1,93223,1
78537,93223,1,93223,1
78537,93223,1,93223,1
78537,93223,1,93223,1
78537,93223,1,93223,1
78537,93223,1,93223,1
78537,93223,1,93223,1
78537,93223,1,93223,1
78537,93223,1,93223,1
78537,93223,1,93223,1
78537,93223,1,93223,1
78537,93223,1,93223,1
78537,93223,1,93223,1
78537,93223,1,93223,1
78537,93223,1,93223,1
78537,93223,1,93223,1
78537,93223,1,93223,1
78537,93223,1,93223,1
78537,93223,1,93223,1
78537,93223,1,93223,1
78537,93223,1,93223,1
78537,93223,1,93223,1
78537,93223,1,93223,1
78537,93223,1,93223,1
78537,93223,1,93223,1
78537,93223,1,93223,1
78537,93223,1,93223,1
78537,93223,1,93223,1
78537,93223,1,93223,1
78537,93223,1,93223,1
78537,93223,1,93223,1
78537,93223,1,93223,1
78537,93223,1,93223,1
78537,93223,1,93223,1
78537,93223,1,93223,1
78537,93223,1,93223,1
78537,93223,1,93223,1
78537,93223,1,93223,1
78537,93223,1,93223,1
78537,93223,1,85102,1
78537,85102,1,85102,1
78537,85102,1,85102,1
78537,85102,1,85102,1
78537,85102,1,85102,1
78537,85102,1,85102,1
78537,85102,1,85102,1
78537,85102,1,85102,1
78537,85102,1,85102,1
78537,85102,1,85102,1
78537,85102,1,85102,1
78537,85102,1,85102,1
78537,85102,1,85102,1
78537,85102,1,85102,1
78537,85102,1,85102,1
78537,85102,1,85102,1
78537,85102,1,85102,1
78537,85102,1,85102,1
78537,85102,1,85102,1
78537,85102,1,85102,1
78537,85102,1,85102,1
78537,85102,1,85102,1
78537,85102,1,85102,1
78537,85102,1,85102,1
78537,85102,1,85102,1
78537,85102,1,85102,1
78537,85102,1,85102,1
78537,85102,1,85102,1
78537,85102,1,85102,1
78537,85102,1,85102,1
78537,85102,1,85102,1
78537,85102,1,85102,1
78537,85102,1,85102,1
78537,85102,1,85102,1
78537,85102,1,85102,1
78537,85102,1,85102,1
78537,85102,1,85102,1
78537,85102,1,85102,1
78537,85102,1,85102,1
78537,85102,1,85102,1
78537,85102,1,85102,1
78537,85102,1,85102,1
78537,85102,1,85102,1
78537,85102,1,85102,1
78537,85102,1,85102,1
78537,85102,1,85102,1
78537,85102,1,85104,1
78537,85104,1,85104,1
78537,85104,1,85104,1
78537,85104,1,85104,1
78537,85104,1,85104,1
78537,85104,1,85104,1
78537,85104,1,85104,1
78537,85104,1,85104,1
78537,85104,1,85104,1
78537,85104,1,85104,1
78537,85104,1,85104,1
78537,85104,1,85104,1
78537,85104,1,85104,1
78537,85104,1,85104,1
78537,85104,1,85104,1
78537,85104,1,85104,1
78537,85104,1,85104,1
78537,85104,1,85104,1
78537,85104,1,85104,1
78537,85104,1,85104,1
78537,85104,1,85104,1
78537,85104,1,85104,1
78537,85104,1,85104,1
78537,85104,1,85104,1
78537,85104,1,85104,1
78537,85104,1,85104,1
78537,85104,1,85104,1
78537,85104,1,85104,1
78537,85104,1,85104,1
78537,85104,1,85104,1
78537,85104,1,85104,1
78537,85104,1,85104,1
78537,85104,1,85104,1
78537,85104,1,85104,1
78537,85104,1,85104,1
78537,85104,1,85104,1
78537,85104,1,85104,1
78537,85104,1,85104,1
78537,85104,1,85104,1
78537,85104,1,85104,1
78537,85104,1,85104,1
78537,85104,1,85104,1
78537,85104,1,85104,1
78537,85104,1,85104,1
78537,85104,1,85104,1
78537,85104,1,85104,1
78537,85104,1,85655,0
78537,85655,0,85655,0
78537,85655,0,85655,0
78537,85655,0,85655,0
78537,85655,0,85655,0
78537,85655,0,85655,0
78537,85655,0,85655,0
78537,85655,0,85655,0
78537,85655,0,85655,0
78537,85655,0,85655,0
78537,85655,0,85655,0
78537,85655,0,85655,0
78537,85655,0,85655,0
78537,85655,0,85655,0
78537,85655,0,85655,0
78537,85655,0,85655,0
78537,85655,0,85655,0
78537,85655,0,85655,0
78537,85655,0,85655,0
78537,85655,0,85655,0
78537,85655,0,85655,0
78537,85655,0,85655,0
78537,85655,0,85655,0
78537,85655,0,85655,0
78537,85655,0,85655,0
78537,85655,0,85655,0
78537,85655,0,85655,0
78537,85655,0,85655,0
78537,85655,0,85655,0
78537,85655,0,85655,0
78537,85655,0,85655,0
78537,85655,0,85655,0
78537,85655,0,85655,0
78537,85655,0,85655,0
78537,85655,0,85655,0
78537,85655,0,85655,0
78537,85655,0,85655,0
78537,85655,0,85655,0
78537,85655,0,85655,0
78537,85655,0,85655,0
78537,85655,0,85655,0
78537,85655,0,85655,0
78537,85655,0,85655,0
78537,85655,0,85091,1
78537,85091,1,85091,1
78537,85091,1,85091,1
78537,85091,1,85091,1
78537,85091,1,85091,1
78537,85091,1,85091,1
78537,85091,1,85091,1
78537,85091,1,85091,1
78537,85091,1,85091,1
78537,85091,1,85091,1
78537,85091,1,85091,1
78537,85091,1,85091,1
78537,85091,1,85091,1
78537,85091,1,85091,1
78537,85091,1,85091,1
78537,85091,1,85091,1
78537,85091,1,85091,1
78537,85091,1,85091,1
78537,85091,1,85091,1
78537,85091,1,85091,1
78537,85091,1,85091,1
78537,85091,1,85091,1
78537,85091,1,85091,1
78537,85091,1,85091,1
78537,85091,1,85091,1
78537,85091,1,85091,1
78537,85091,1,85091,1
78537,85091,1,85091,1
78537,85091,1,85091,1
78537,85091,1,85091,1
78537,85091,1,85091,1
78537,85091,1,85091,1
78537,85091,1,85091,1
78537,85091,1,85091,1
78537,85091,1,85091,1
78537,85091,1,85091,1
78537,85091,1,85091,1
78537,85091,1,85091,1
78537,85091,1,85091,1
78537,85091,1,85091,1
78537,85091,1,85091,1
78537,85091,1,85091,1
78537,85091,1,85091,1
78537,85091,1,85649,1
78537,85649,1,85649,1
78537,85649,1,85649,1
78537,85649,1,85649,1
78537,85649,1,85649,1
78537,85649,1,85649,1
78537,85649,1,85649,1
78537,85649,1,85649,1
78537,85649,1,85649,1
78537,85649,1,85649,1
78537,85649,1,85649,1
78537,85649,1,85649,1
78537,85649,1,85649,1
78537,85649,1,85649,1
78537,85649,1,85649,1
78537,85649,1,85649,1
78537,85649,1,85649,1
78537,85649,1,85649,1
78537,85649,1,85649,1
78537,85649,1,85649,1
78537,85649,1,85649,1
78537,85649,1,85649,1
78537,85649,1,85649,1
78537,85649,1,85649,1
78537,85649,1,85649,1
78537,85649,1,85649,1
78537,85649,1,85649,1
78537,85649,1,85649,1
78537,85649,1,85649,1
78537,85649,1,85649,1
78537,85649,1,85649,1
78537,85649,1,85649,1
78537,85649,1,85649,1
78537,85649,1,85649,1
78537,85649,1,85649,1
78537,85649,1,85649,1
78537,85649,1,85649,1
78537,85649,1,85649,1
78537,85649,1,85649,1
78537,85649,1,85649,1
78537,85649,1,85649,1
78537,85649,1,85649,1
78537,85649,1,85649,1
78537,85649,1,85684,0
78537,85684,0,85684,0
78537,85684,0,85684,0
78537,85684,0,85684,0
78537,85684,0,85684,0
78537,85684,0,85684,0
78537,85684,0,85684,0
78537,85684,0,85684,0
78537,85684,0,85684,0
78537,85684,0,85684,0
78537,85684,0,85684,0
78537,85684,0,85684,0
78537,85684,0,85684,0
78537,85684,0,85684,0
78537,85684,0,85684,0
78537,85684,0,85684,0
78537,85684,0,85684,0
78537,85684,0,85684,0
78537,85684,0,85684,0
78537,85684,0,85684,0
78537,85684,0,85684,0
78537,85684,0,85684,0
78537,85684,0,85684,0
78537,85684,0,85684,0
78537,85684,0,85684,0
78537,85684,0,85684,0
78537,85684,0,85684,0
78537,85684,0,85684,0
78537,85684,0,85684,0
78537,85684,0,85684,0
78537,85684,0,85684,0
78537,85684,0,85684,0
78537,85684,0,85684,0
78537,85684,0,85684,0
78537,85684,0,85684,0
78537,85684,0,85684,0
78537,85684,0,85684,0
78537,85684,0,85684,0
78537,85684,0,85684,0
78537,85684,0,85684,0
78537,85684,0,85684,0
78537,85684,0,85684,0
78537,85684,0,85684,0
78537,85684,0,84708,0
78537,84708,0,84708,0
78537,84708,0,84708,0
78537,84708,0,84708,0
78537,84708,0,84708,0
78537,84708,0,84708,0
78537,84708,0,84708,0
78537,84708,0,84708,0
78537,84708,0,84708,0
78537,84708,0,84708,0
78537,84708,0,84708,0
78537,84708,0,84708,0
78537,84708,0,84708,0
78537,84708,0,84708,0
78537,84708,0,84708,0
78537,84708,0,84708,0
78537,84708,0,84708,0
78537,84708,0,84708,0
78537,84708,0,84708,0
78537,84708,0,84708,0
78537,84708,0,84708,0
78537,84708,0,84708,0
78537,84708,0,84708,0
78537,84708,0,84708,0
78537,84708,0,84708,0
78537,84708,0,84708,0
78537,84708,0,84708,0
78537,84708,0,84708,0
78537,84708,0,84708,0
78537,84708,0,84708,0
78537,84708,0,84708,0
78537,84708,0,84708,0
78537,84708,0,84708,0
78537,84708,0,84708,0
78537,84708,0,84708,0
78537,84708,0,84708,0
78537,84708,0,84708,0
78537,84708,0,84708,0
78537,84708,0,84708,0
78537,84708,0,84708,0
78537,84708,0,84708,0
78537,84708,0,84708,0
78537,84708,0,84708,0
78537,84708,0,85680,1
78537,85680,1,85680,1
78537,85680,1,85680,1
78537,85680,1,85680,1
78537,85680,1,85680,1
78537,85680,1,85680,1
78537,85680,1,85680,1
78537,85680,1,85680,1
78537,85680,1,85680,1
78537,85680,1,85680,1
78537,85680,1,85680,1
78537,85680,1,85680,1
78537,85680,1,85680,1
78537,85680,1,85680,1
78537,85680,1,85680,1
78537,85680,1,85680,1
78537,85680,1,85680,1
78537,85680,1,85680,1
78537,85680,1,85680,1
78537,85680,1,85680,1
78537,85680,1,85680,1
78537,85680,1,85680,1
78537,85680,1,85680,1
78537,85680,1,85680,1
78537,85680,1,85680,1
78537,85680,1,85680,1
78537,85680,1,85680,1
78537,85680,1,85680,1
78537,85680,1,85680,1
78537,85680,1,85680,1
78537,85680,1,85680,1
78537,85680,1,85680,1
78537,85680,1,85680,1
78537,85680,1,85680,1
78537,85680,1,85680,1
78537,85680,1,85680,1
78537,85680,1,85680,1
78537,85680,1,85680,1
78537,85680,1,85680,1
78537,85680,1,85680,1
78537,85680,1,85680,1
78537,85680,1,85680,1
78537,85680,1,85680,1
78537,85680,1,85106,1
78537,85106,1,85106,1
78537,85106,1,85106,1
78537,85106,1,85106,1
78537,85106,1,85106,1
78537,85106,1,85106,1
78537,85106,1,85106,1
78537,85106,1,85106,1
78537,85106,1,85106,1
78537,85106,1,85106,1
78537,85106,1,85106,1
78537,85106,1,85106,1
78537,85106,1,85106,1
78537,85106,1,85106,1
78537,85106,1,85106,1
78537,85106,1,85106,1
78537,85106,1,85106,1
78537,85106,1,85106,1
78537,85106,1,85106,1
78537,85106,1,85106,1
78537,85106,1,85106,1
78537,85106,1,85106,1
78537,85106,1,85106,1
78537,85106,1,85106,1
78537,85106,1,85106,1
78537,85106,1,85106,1
78537,85106,1,85106,1
78537,85106,1,85106,1
78537,85106,1,85106,1
78537,85106,1,85106,1
78537,85106,1,85106,1
78537,85106,1,85106,1
78537,85106,1,85106,1
78537,85106,1,85106,1
78537,85106,1,85106,1
78537,85106,1,85106,1
78537,85106,1,85106,1
78537,85106,1,85106,1
78537,85106,1,85106,1
78537,85106,1,85106,1
78537,85106,1,85106,1
78537,85106,1,85106,1
78537,85106,1,85106,1
78537,85106,1,85664,1
78537,85664,1,85664,1
78537,85664,1,85664,1
78537,85664,1,85664,1
78537,85664,1,85664,1
78537,85664,1,85664,1
78537,85664,1,85664,1
78537,85664,1,85664,1
78537,85664,1,85664,1
78537,85664,1,85664,1
78537,85664,1,85664,1
78537,85664,1,85664,1
78537,85664,1,85664,1
78537,85664,1,85664,1
78537,85664,1,85664,1
78537,85664,1,85664,1
78537,85664,1,85664,1
78537,85664,1,85664,1
78537,85664,1,85664,1
78537,85664,1,85664,1
78537,85664,1,85664,1
78537,85664,1,85664,1
78537,85664,1,85664,1
78537,85664,1,85664,1
78537,85664,1,85664,1
78537,85664,1,85664,1
78537,85664,1,85664,1
78537,85664,1,85664,1
78537,85664,1,85664,1
78537,85664,1,85664,1
78537,85664,1,85664,1
78537,85664,1,85664,1
78537,85664,1,85664,1
78537,85664,1,85664,1
78537,85664,1,85664,1
78537,85664,1,85664,1
78537,85664,1,85664,1
78537,85664,1,85664,1
78537,85664,1,85664,1
78537,85664,1,85664,1
78537,85664,1,85664,1
78537,85664,1,85664,1
78537,85664,1,85664,1
78537,85664,1,89293,1
78537,89293,1,89293,1
78537,89293,1,89293,1
78537,89293,1,89293,1
78537,89293,1,89293,1
78537,89293,1,89293,1
78537,89293,1,89293,1
78537,89293,1,89293,1
78537,89293,1,89293,1
78537,89293,1,89293,1
78537,89293,1,89293,1
78537,89293,1,89293,1
78537,89293,1,89293,1
78537,89293,1,89293,1
78537,89293,1,89293,1
78537,89293,1,89293,1
78537,89293,1,89293,1
78537,89293,1,89293,1
78537,89293,1,89293,1
78537,89293,1,89293,1
78537,89293,1,89293,1
78537,89293,1,89293,1
78537,89293,1,89293,1
78537,89293,1,89293,1
78537,89293,1,89293,1
78537,89293,1,89293,1
78537,89293,1,89293,1
78537,89293,1,89293,1
78537,89293,1,89293,1
78537,89293,1,89293,1
78537,89293,1,89293,1
78537,89293,1,89293,1
78537,89293,1,89293,1
78537,89293,1,89293,1
78537,89293,1,89293,1
78537,89293,1,89293,1
78537,89293,1,89293,1
78537,89293,1,89293,1
78537,89293,1,89293,1
78537,89293,1,89293,1
78537,89293,1,89293,1
78537,89293,1,89293,1
78537,89293,1,89293,1
78537,89293,1,89293,1
78537,89293,1,89293,1
78537,89293,1,89293,1
78537,89293,1,89293,1
78537,89293,1,89293,1
78537,89293,1,89293,1
78537,89293,1,89293,1
78537,89293,1,89293,1
78537,89293,1,89293,1
78537,89293,1,89293,1
78537,89293,1,89293,1
78537,89293,1,89293,1
78537,89293,1,89293,1
78537,89293,1,89293,1
78537,89293,1,89293,1
78537,89293,1,89293,1
78537,89293,1,89293,1
78537,89293,1,89293,1
78537,89293,1,89293,1
78537,89293,1,89293,1
78537,89293,1,89293,1
78537,89293,1,89293,1
78537,89293,1,89293,1
78537,89293,1,89293,1
78537,89293,1,89293,1
78537,89293,1,89293,1
78537,89293,1,89293,1
78537,89293,1,89293,1
78537,89293,1,89293,1
78537,89293,1,89293,1
78537,89293,1,89293,1
78537,89293,1,89293,1
78537,89293,1,89293,1
78537,89293,1,89293,1
78537,89293,1,89293,1
78537,89293,1,89293,1
78537,89293,1,89293,1
78537,89293,1,89293,1
78537,89293,1,89293,1
78537,89293,1,89293,1
78537,89293,1,89293,1
78537,89293,1,89293,1
78537,89293,1,89293,1
78537,89293,1,89293,1
78537,89293,1,89293,1
78537,89293,1,89293,1
78537,89293,1,89293,1
78537,89293,1,89293,1
78537,89293,1,89293,1
78537,89293,1,89293,1
78537,89293,1,89293,1
78537,89293,1,89293,1
78537,89293,1,89293,1
78537,89293,1,89293,1
78537,89293,1,89292,1
78537,89292,1,89292,1
78537,89292,1,89292,1
78537,89292,1,89292,1
78537,89292,1,89292,1
78537,89292,1,89292,1
78537,89292,1,89292,1
78537,89292,1,89292,1
78537,89292,1,89292,1
78537,89292,1,89292,1
78537,89292,1,89292,1
78537,89292,1,89292,1
78537,89292,1,89292,1
78537,89292,1,89292,1
78537,89292,1,89292,1
78537,89292,1,89292,1
78537,89292,1,89292,1
78537,89292,1,89292,1
78537,89292,1,89292,1
78537,89292,1,89292,1
78537,89292,1,89292,1
78537,89292,1,89292,1
78537,89292,1,89292,1
78537,89292,1,89292,1
78537,89292,1,89292,1
78537,89292,1,89292,1
78537,89292,1,89292,1
78537,89292,1,89292,1
78537,89292,1,89292,1
78537,89292,1,89292,1
78537,89292,1,89292,1
78537,89292,1,89292,1
78537,89292,1,89292,1
78537,89292,1,89292,1
78537,89292,1,89292,1
78537,89292,1,89292,1
78537,89292,1,89292,1
78537,89292,1,89292,1
78537,89292,1,89292,1
78537,89292,1,89292,1
78537,89292,1,89292,1
78537,89292,1,89292,1
78537,89292,1,89292,1
78537,89292,1,89292,1
78537,89292,1,89292,1
78537,89292,1,89292,1
78537,89292,1,89292,1
78537,89292,1,89292,1
78537,89292,1,89292,1
78537,89292,1,89292,1
78537,89292,1,89292,1
78537,89292,1,89292,1
78537,89292,1,89292,1
78537,89292,1,89292,1
78537,89292,1,89292,1
78537,89292,1,89292,1
78537,89292,1,89292,1
78537,89292,1,89292,1
78537,89292,1,89292,1
78537,89292,1,89292,1
78537,89292,1,89292,1
78537,89292,1,89292,1
78537,89292,1,89292,1
78537,89292,1,89292,1
78537,89292,1,89292,1
78537,89292,1,89292,1
78537,89292,1,89292,1
78537,89292,1,89292,1
78537,89292,1,89292,1
78537,89292,1,89292,1
78537,89292,1,89292,1
78537,89292,1,89292,1
78537,89292,1,89292,1
78537,89292,1,89292,1
78537,89292,1,89292,1
78537,89292,1,89292,1
78537,89292,1,89292,1
78537,89292,1,89292,1
78537,89292,1,89292,1
78537,89292,1,89292,1
78537,89292,1,89292,1
78537,89292,1,89292,1
78537,89292,1,89292,1
78537,89292,1,89292,1
78537,89292,1,89292,1
78537,89292,1,89292,1
78537,89292,1,89292,1
78537,89292,1,89292,1
78537,89292,1,89292,1
78537,89292,1,89292,1
78537,89292,1,89292,1
78537,89292,1,89292,1
78537,89292,1,89292,1
78537,89292,1,89292,1
78537,89292,1,89292,1
78537,89292,1,89292,1
78537,89292,1,89292,1
78537,89292,1,91396,1
78537,91396,1,91396,1
78537,91396,1,91396,1
78537,91396,1,91396,1
78537,91396,1,91396,1
78537,91396,1,91396,1
78537,91396,1,91396,1
78537,91396,1,91396,1
78537,91396,1,91396,1
78537,91396,1,91396,1
78537,91396,1,91396,1
78537,91396,1,91396,1
78537,91396,1,91396,1
78537,91396,1,91396,1
78537,91396,1,91396,1
78537,91396,1,91396,1
78537,91396,1,91396,1
78537,91396,1,91396,1
78537,91396,1,91396,1
78537,91396,1,91396,1
78537,91396,1,91396,1
78537,91396,1,91396,1
78537,91396,1,91396,1
78537,91396,1,91396,1
78537,91396,1,91396,1
78537,91396,1,91396,1
78537,91396,1,91396,1
78537,91396,1,91396,1
78537,91396,1,91396,1
78537,91396,1,91396,1
78537,91396,1,91396,1
78537,91396,1,91396,1
78537,91396,1,91396,1
78537,91396,1,91396,1
78537,91396,1,91396,1
78537,91396,1,91396,1
78537,91396,1,91396,1
78537,91396,1,91396,1
78537,91396,1,91396,1
78537,91396,1,91396,1
78537,91396,1,91396,1
78537,91396,1,91396,1
78537,91396,1,91396,1
78537,91396,1,91396,1
78537,91396,1,91396,1
78537,91396,1,91396,1
78537,91396,1,91396,1
78537,91396,1,91389,1
78537,91389,1,91389,1
78537,91389,1,91389,1
78537,91389,1,91389,1
78537,91389,1,91389,1
78537,91389,1,91389,1
78537,91389,1,91389,1
78537,91389,1,91389,1
78537,91389,1,91389,1
78537,91389,1,91389,1
78537,91389,1,91389,1
78537,91389,1,91389,1
78537,91389,1,91389,1
78537,91389,1,91389,1
78537,91389,1,91389,1
78537,91389,1,91389,1
78537,91389,1,91389,1
78537,91389,1,91389,1
78537,91389,1,91389,1
78537,91389,1,91389,1
78537,91389,1,91389,1
78537,91389,1,91389,1
78537,91389,1,91389,1
78537,91389,1,91389,1
78537,91389,1,91389,1
78537,91389,1,91389,1
78537,91389,1,91389,1
78537,91389,1,91389,1
78537,91389,1,91389,1
78537,91389,1,91389,1
78537,91389,1,91389,1
78537,91389,1,91389,1
78537,91389,1,91389,1
78537,91389,1,91389,1
78537,91389,1,91389,1
78537,91389,1,91389,1
78537,91389,1,91389,1
78537,91389,1,91389,1
78537,91389,1,91389,1
78537,91389,1,91389,1
78537,91389,1,91389,1
78537,91389,1,91389,1
78537,91389,1,91389,1
78537,91389,1,91389,1
78537,91389,1,91389,1
78537,91389,1,91389,1
78537,91389,1,91389,1
78537,91389,1,91638,1
78537,91638,1,91638,1
78537,91638,1,91638,1
78537,91638,1,91638,1
78537,91638,1,91638,1
78537,91638,1,91638,1
78537,91638,1,91638,1
78537,91638,1,91638,1
78537,91638,1,91638,1
78537,91638,1,91638,1
78537,91638,1,91638,1
78537,91638,1,91638,1
78537,91638,1,91638,1
78537,91638,1,91638,1
78537,91638,1,91638,1
78537,91638,1,91638,1
78537,91638,1,91638,1
78537,91638,1,91638,1
78537,91638,1,91638,1
78537,91638,1,91638,1
78537,91638,1,91638,1
78537,91638,1,91638,1
78537,91638,1,91638,1
78537,91638,1,91638,1
78537,91638,1,91638,1
78537,91638,1,91638,1
78537,91638,1,91638,1
78537,91638,1,91638,1
78537,91638,1,91638,1
78537,91638,1,91638,1
78537,91638,1,91638,1
78537,91638,1,91638,1
78537,91638,1,91638,1
78537,91638,1,91638,1
78537,91638,1,91638,1
78537,91638,1,91638,1
78537,91638,1,91638,1
78537,91638,1,91638,1
78537,91638,1,91638,1
78537,91638,1,91638,1
78537,91638,1,91638,1
78537,91638,1,91638,1
78537,91638,1,91638,1
78537,91638,1,91638,1
78537,91638,1,91638,1
78537,91638,1,91638,1
78537,91638,1,91638,1
78537,91638,1,91638,1
78537,91638,1,91638,1
78537,91638,1,91638,1
78537,91638,1,91638,1
78537,91638,1,91638,1
78537,91638,1,91638,1
78537,91638,1,91638,1
78537,91638,1,91638,1
78537,91638,1,91638,1
78537,91638,1,91638,1
78537,91638,1,91638,1
78537,91638,1,91638,1
78537,91638,1,91638,1
78537,91638,1,91638,1
78537,91638,1,91638,1
78537,91638,1,91638,1
78537,91638,1,91638,1
78537,91638,1,91638,1
78537,91638,1,91638,1
78537,91638,1,91638,1
78537,91638,1,91638,1
78537,91638,1,91638,1
78537,91638,1,91638,1
78537,91638,1,91638,1
78537,91638,1,91638,1
78537,91638,1,91638,1
78537,91638,1,91638,1
78537,91638,1,91638,1
78537,91638,1,91638,1
78537,91638,1,91638,1
78537,91638,1,91638,1
78537,91638,1,91638,1
78537,91638,1,91638,1
78537,91638,1,91638,1
78537,91638,1,91638,1
78537,91638,1,91638,1
78537,91638,1,91638,1
78537,91638,1,91638,1
78537,91638,1,91638,1
78537,91638,1,91638,1
78537,91638,1,91638,1
78537,91638,1,91638,1
78537,91638,1,91638,1
78537,91638,1,91638,1
78537,91638,1,91638,1
78537,91638,1,91638,1
78537,91638,1,89771,1
78537,89771,1,89771,1
78537,89771,1,89771,1
78537,89771,1,89771,1
78537,89771,1,89771,1
78537,89771,1,89771,1
78537,89771,1,89771,1
78537,89771,1,89771,1
78537,89771,1,89771,1
78537,89771,1,89771,1
78537,89771,1,89771,1
78537,89771,1,89771,1
78537,89771,1,89771,1
78537,89771,1,89771,1
78537,89771,1,89771,1
78537,89771,1,89771,1
78537,89771,1,89771,1
78537,89771,1,89771,1
78537,89771,1,89771,1
78537,89771,1,89771,1
78537,89771,1,89771,1
78537,89771,1,89771,1
78537,89771,1,89771,1
78537,89771,1,89771,1
78537,89771,1,89771,1
78537,89771,1,89771,1
78537,89771,1,89771,1
78537,89771,1,89771,1
78537,89771,1,89771,1
78537,89771,1,89771,1
78537,89771,1,89771,1
78537,89771,1,89771,1
78537,89771,1,89771,1
78537,89771,1,89771,1
78537,89771,1,89771,1
78537,89771,1,89771,1
78537,89771,1,89771,1
78537,89771,1,89771,1
78537,89771,1,89771,1
78537,89771,1,89771,1
78537,89771,1,89771,1
78537,89771,1,89771,1
78537,89771,1,89771,1
78537,89771,1,89771,1
78537,89771,1,89771,1
78537,89771,1,89771,1
78537,89771,1,89878,1
78537,89878,1,89878,1
78537,89878,1,89878,1
78537,89878,1,89878,1
78537,89878,1,89878,1
78537,89878,1,89878,1
78537,89878,1,89878,1
78537,89878,1,89878,1
78537,89878,1,89878,1
78537,89878,1,89878,1
78537,89878,1,89878,1
78537,89878,1,89878,1
78537,89878,1,89878,1
78537,89878,1,89878,1
78537,89878,1,89878,1
78537,89878,1,89878,1
78537,89878,1,89878,1
78537,89878,1,89878,1
78537,89878,1,89878,1
78537,89878,1,89878,1
78537,89878,1,89878,1
78537,89878,1,89878,1
78537,89878,1,89878,1
78537,89878,1,89878,1
78537,89878,1,89878,1
78537,89878,1,89878,1
78537,89878,1,89878,1
78537,89878,1,89878,1
78537,89878,1,89878,1
78537,89878,1,89878,1
78537,89878,1,89878,1
78537,89878,1,89878,1
78537,89878,1,89878,1
78537,89878,1,89878,1
78537,89878,1,89878,1
78537,89878,1,89878,1
78537,89878,1,89878,1
78537,89878,1,89878,1
78537,89878,1,89878,1
78537,89878,1,89878,1
78537,89878,1,89878,1
78537,89878,1,89878,1
78537,89878,1,89878,1
78537,89878,1,89878,1
78537,89878,1,89878,1
78537,89878,1,89878,1
78537,89878,1,89878,1
78537,89878,1,89878,1
78537,89878,1,89878,1
78537,89878,1,89878,1
78537,89878,1,89878,1
78537,89878,1,89878,1
78537,89878,1,89878,1
78537,89878,1,89878,1
78537,89878,1,89878,1
78537,89878,1,89878,1
78537,89878,1,89878,1
78537,89878,1,89878,1
78537,89878,1,89878,1
78537,89878,1,89878,1
78537,89878,1,89878,1
78537,89878,1,89878,1
78537,89878,1,89878,1
78537,89878,1,89878,1
78537,89878,1,89878,1
78537,89878,1,89878,1
78537,89878,1,89878,1
78537,89878,1,89878,1
78537,89878,1,89878,1
78537,89878,1,89878,1
78537,89878,1,89878,1
78537,89878,1,89878,1
78537,89878,1,89878,1
78537,89878,1,89878,1
78537,89878,1,89878,1
78537,89878,1,89878,1
78537,89878,1,89878,1
78537,89878,1,89878,1
78537,89878,1,89878,1
78537,89878,1,89878,1
78537,89878,1,89878,1
78537,89878,1,89878,1
78537,89878,1,89878,1
78537,89878,1,89878,1
78537,89878,1,89878,1
78537,89878,1,89878,1
78537,89878,1,89878,1
78537,89878,1,89878,1
78537,89878,1,89878,1
78537,89878,1,89878,1
78537,89878,1,89878,1
78537,89878,1,89878,1
78537,89878,1,89878,1
78537,89878,1,89802,1
78537,89802,1,89802,1
78537,89802,1,89802,1
78537,89802,1,89802,1
78537,89802,1,89802,1
78537,89802,1,89802,1
78537,89802,1,89802,1
78537,89802,1,89802,1
78537,89802,1,89802,1
78537,89802,1,89802,1
78537,89802,1,89802,1
78537,89802,1,89802,1
78537,89802,1,89802,1
78537,89802,1,89802,1
78537,89802,1,89802,1
78537,89802,1,89802,1
78537,89802,1,89802,1
78537,89802,1,89802,1
78537,89802,1,89802,1
78537,89802,1,89802,1
78537,89802,1,89802,1
78537,89802,1,89802,1
78537,89802,1,89802,1
78537,89802,1,89802,1
78537,89802,1,89802,1
78537,89802,1,89802,1
78537,89802,1,89802,1
78537,89802,1,89802,1
78537,89802,1,89802,1
78537,89802,1,89802,1
78537,89802,1,89802,1
78537,89802,1,89802,1
78537,89802,1,89802,1
78537,89802,1,89802,1
78537,89802,1,89802,1
78537,89802,1,89802,1
78537,89802,1,89802,1
78537,89802,1,89802,1
78537,89802,1,89802,1
78537,89802,1,89802,1
78537,89802,1,89802,1
78537,89802,1,89802,1
78537,89802,1,89802,1
78537,89802,1,89802,1
78537,89802,1,173936,0
78537,173936,0,173938,1
78537,173938,1,173947,1
78537,173947,1,173948,1
78537,173948,1,173972,0
78537,173972,0,174015,1
78537,174015,1,173984,0
78537,173984,0,174000,0
78537,174000,0,173991,1
78537,173991,1,173973,1
78537,173973,1,174016,0
78537,174016,0,174022,1
78537,174022,1,173970,1
78538,93194,0,93194,0
78538,93194,0,93194,0
78538,93194,0,93194,0
78538,93194,0,93194,0
78538,93194,0,93194,0
78538,93194,0,93194,0
78538,93194,0,93194,0
78538,93194,0,93194,0
78538,93194,0,93194,0
78538,93194,0,93194,0
78538,93194,0,93194,0
78538,93194,0,93194,0
78538,93194,0,93194,0
78538,93194,0,93194,0
78538,93194,0,93194,0
78538,93194,0,93194,0
78538,93194,0,93194,0
78538,93194,0,93194,0
78538,93194,0,93194,0
78538,93194,0,93194,0
78538,93194,0,93194,0
78538,93194,0,93194,0
78538,93194,0,93194,0
78538,93194,0,93194,0
78538,93194,0,93194,0
78538,93194,0,93194,0
78538,93194,0,93194,0
78538,93194,0,93194,0
78538,93194,0,93194,0
78538,93194,0,93194,0
78538,93194,0,93194,0
78538,93194,0,93194,0
78538,93194,0,93194,0
78538,93194,0,93194,0
78538,93194,0,93194,0
78538,93194,0,93194,0
78538,93194,0,93194,0
78538,93194,0,93194,0
78538,93194,0,93194,0
78538,93194,0,93194,0
78538,93194,0,93194,0
78538,93194,0,93194,0
78538,93194,0,93194,0
78538,93194,0,93194,0
78538,93194,0,93194,0
78538,93194,0,93158,1
78538,93158,1,93158,1
78538,93158,1,93158,1
78538,93158,1,93158,1
78538,93158,1,93158,1
78538,93158,1,93158,1
78538,93158,1,93158,1
78538,93158,1,93158,1
78538,93158,1,93158,1
78538,93158,1,93158,1
78538,93158,1,93158,1
78538,93158,1,93158,1
78538,93158,1,93158,1
78538,93158,1,93158,1
78538,93158,1,93158,1
78538,93158,1,93158,1
78538,93158,1,93158,1
78538,93158,1,93158,1
78538,93158,1,93158,1
78538,93158,1,93158,1
78538,93158,1,93158,1
78538,93158,1,93158,1
78538,93158,1,93158,1
78538,93158,1,93158,1
78538,93158,1,93158,1
78538,93158,1,93158,1
78538,93158,1,93158,1
78538,93158,1,93158,1
78538,93158,1,93158,1
78538,93158,1,93158,1
78538,93158,1,93158,1
78538,93158,1,93158,1
78538,93158,1,93158,1
78538,93158,1,93158,1
78538,93158,1,93158,1
78538,93158,1,93158,1
78538,93158,1,93158,1
78538,93158,1,93158,1
78538,93158,1,93158,1
78538,93158,1,93158,1
78538,93158,1,93158,1
78538,93158,1,93158,1
78538,93158,1,93158,1
78538,93158,1,93158,1
78538,93158,1,93158,1
78538,93158,1,93158,1
78538,93158,1,93153,0
78538,93153,0,93153,0
78538,93153,0,93153,0
78538,93153,0,93153,0
78538,93153,0,93153,0
78538,93153,0,93153,0
78538,93153,0,93153,0
78538,93153,0,93153,0
78538,93153,0,93153,0
78538,93153,0,93153,0
78538,93153,0,93153,0
78538,93153,0,93153,0
78538,93153,0,93153,0
78538,93153,0,93153,0
78538,93153,0,93153,0
78538,93153,0,93153,0
78538,93153,0,93153,0
78538,93153,0,93153,0
78538,93153,0,93153,0
78538,93153,0,93153,0
78538,93153,0,93153,0
78538,93153,0,93153,0
78538,93153,0,93153,0
78538,93153,0,93153,0
78538,93153,0,93153,0
78538,93153,0,93153,0
78538,93153,0,93153,0
78538,93153,0,93153,0
78538,93153,0,93153,0
78538,93153,0,93153,0
78538,93153,0,93153,0
78538,93153,0,93153,0
78538,93153,0,93153,0
78538,93153,0,93153,0
78538,93153,0,93153,0
78538,93153,0,93153,0
78538,93153,0,93153,0
78538,93153,0,93153,0
78538,93153,0,93153,0
78538,93153,0,93153,0
78538,93153,0,93153,0
78538,93153,0,93153,0
78538,93153,0,93153,0
78538,93153,0,93153,0
78538,93153,0,93153,0
78538,93153,0,93153,0
78538,93153,0,93175,1
78538,93175,1,93175,1
78538,93175,1,93175,1
78538,93175,1,93175,1
78538,93175,1,93175,1
78538,93175,1,93175,1
78538,93175,1,93175,1
78538,93175,1,93175,1
78538,93175,1,93175,1
78538,93175,1,93175,1
78538,93175,1,93175,1
78538,93175,1,93175,1
78538,93175,1,93175,1
78538,93175,1,93175,1
78538,93175,1,93175,1
78538,93175,1,93175,1
78538,93175,1,93175,1
78538,93175,1,93175,1
78538,93175,1,93175,1
78538,93175,1,93175,1
78538,93175,1,93175,1
78538,93175,1,93175,1
78538,93175,1,93175,1
78538,93175,1,93175,1
78538,93175,1,93175,1
78538,93175,1,93175,1
78538,93175,1,93175,1
78538,93175,1,93175,1
78538,93175,1,93175,1
78538,93175,1,93175,1
78538,93175,1,93175,1
78538,93175,1,93175,1
78538,93175,1,93175,1
78538,93175,1,93175,1
78538,93175,1,93175,1
78538,93175,1,93175,1
78538,93175,1,93175,1
78538,93175,1,93175,1
78538,93175,1,93175,1
78538,93175,1,93175,1
78538,93175,1,93175,1
78538,93175,1,93175,1
78538,93175,1,93175,1
78538,93175,1,93175,1
78538,93175,1,93175,1
78538,93175,1,93175,1
78538,93175,1,93219,1
78538,93219,1,93219,1
78538,93219,1,93219,1
78538,93219,1,93219,1
78538,93219,1,93219,1
78538,93219,1,93219,1
78538,93219,1,93219,1
78538,93219,1,93219,1
78538,93219,1,93219,1
78538,93219,1,93219,1
78538,93219,1,93219,1
78538,93219,1,93219,1
78538,93219,1,93219,1
78538,93219,1,93219,1
78538,93219,1,93219,1
78538,93219,1,93219,1
78538,93219,1,93219,1
78538,93219,1,93219,1
78538,93219,1,93219,1
78538,93219,1,93219,1
78538,93219,1,93219,1
78538,93219,1,93219,1
78538,93219,1,93219,1
78538,93219,1,93219,1
78538,93219,1,93219,1
78538,93219,1,93219,1
78538,93219,1,93219,1
78538,93219,1,93219,1
78538,93219,1,93219,1
78538,93219,1,93219,1
78538,93219,1,93219,1
78538,93219,1,93219,1
78538,93219,1,93219,1
78538,93219,1,93219,1
78538,93219,1,93219,1
78538,93219,1,93219,1
78538,93219,1,93219,1
78538,93219,1,93219,1
78538,93219,1,93219,1
78538,93219,1,93219,1
78538,93219,1,93219,1
78538,93219,1,93219,1
78538,93219,1,93219,1
78538,93219,1,93219,1
78538,93219,1,93219,1
78538,93219,1,93219,1
78538,93219,1,93165,1
78538,93165,1,93165,1
78538,93165,1,93165,1
78538,93165,1,93165,1
78538,93165,1,93165,1
78538,93165,1,93165,1
78538,93165,1,93165,1
78538,93165,1,93165,1
78538,93165,1,93165,1
78538,93165,1,93165,1
78538,93165,1,93165,1
78538,93165,1,93165,1
78538,93165,1,93165,1
78538,93165,1,93165,1
78538,93165,1,93165,1
78538,93165,1,93165,1
78538,93165,1,93165,1
78538,93165,1,93165,1
78538,93165,1,93165,1
78538,93165,1,93165,1
78538,93165,1,93165,1
78538,93165,1,93165,1
78538,93165,1,93165,1
78538,93165,1,93165,1
78538,93165,1,93165,1
78538,93165,1,93165,1
78538,93165,1,93165,1
78538,93165,1,93165,1
78538,93165,1,93165,1
78538,93165,1,93165,1
78538,93165,1,93165,1
78538,93165,1,93165,1
78538,93165,1,93165,1
78538,93165,1,93165,1
78538,93165,1,93165,1
78538,93165,1,93165,1
78538,93165,1,93165,1
78538,93165,1,93165,1
78538,93165,1,93165,1
78538,93165,1,93165,1
78538,93165,1,93165,1
78538,93165,1,93165,1
78538,93165,1,93165,1
78538,93165,1,93165,1
78538,93165,1,93165,1
78538,93165,1,93165,1
78538,93165,1,93163,1
78538,93163,1,93163,1
78538,93163,1,93163,1
78538,93163,1,93163,1
78538,93163,1,93163,1
78538,93163,1,93163,1
78538,93163,1,93163,1
78538,93163,1,93163,1
78538,93163,1,93163,1
78538,93163,1,93163,1
78538,93163,1,93163,1
78538,93163,1,93163,1
78538,93163,1,93163,1
78538,93163,1,93163,1
78538,93163,1,93163,1
78538,93163,1,93163,1
78538,93163,1,93163,1
78538,93163,1,93163,1
78538,93163,1,93163,1
78538,93163,1,93163,1
78538,93163,1,93163,1
78538,93163,1,93163,1
78538,93163,1,93163,1
78538,93163,1,93163,1
78538,93163,1,93163,1
78538,93163,1,93163,1
78538,93163,1,93163,1
78538,93163,1,93163,1
78538,93163,1,93163,1
78538,93163,1,93163,1
78538,93163,1,93163,1
78538,93163,1,93163,1
78538,93163,1,93163,1
78538,93163,1,93163,1
78538,93163,1,93163,1
78538,93163,1,93163,1
78538,93163,1,93163,1
78538,93163,1,93163,1
78538,93163,1,93163,1
78538,93163,1,93163,1
78538,93163,1,93163,1
78538,93163,1,93163,1
78538,93163,1,93163,1
78538,93163,1,89280,1
78538,89280,1,89280,1
78538,89280,1,89280,1
78538,89280,1,89280,1
78538,89280,1,89280,1
78538,89280,1,89280,1
78538,89280,1,89280,1
78538,89280,1,89280,1
78538,89280,1,89280,1
78538,89280,1,89280,1
78538,89280,1,89280,1
78538,89280,1,89280,1
78538,89280,1,89280,1
78538,89280,1,89280,1
78538,89280,1,89280,1
78538,89280,1,89280,1
78538,89280,1,89280,1
78538,89280,1,89280,1
78538,89280,1,89280,1
78538,89280,1,89280,1
78538,89280,1,89280,1
78538,89280,1,89280,1
78538,89280,1,89280,1
78538,89280,1,89280,1
78538,89280,1,89280,1
78538,89280,1,89280,1
78538,89280,1,89280,1
78538,89280,1,89280,1
78538,89280,1,89280,1
78538,89280,1,89280,1
78538,89280,1,89280,1
78538,89280,1,89280,1
78538,89280,1,89280,1
78538,89280,1,89280,1
78538,89280,1,89280,1
78538,89280,1,89280,1
78538,89280,1,89280,1
78538,89280,1,89280,1
78538,89280,1,89280,1
78538,89280,1,89280,1
78538,89280,1,89280,1
78538,89280,1,89280,1
78538,89280,1,89280,1
78538,89280,1,89280,1
78538,89280,1,89280,1
78538,89280,1,89280,1
78538,89280,1,89280,1
78538,89280,1,89280,1
78538,89280,1,89280,1
78538,89280,1,89280,1
78538,89280,1,89280,1
78538,89280,1,89280,1
78538,89280,1,89280,1
78538,89280,1,89280,1
78538,89280,1,89280,1
78538,89280,1,89280,1
78538,89280,1,89280,1
78538,89280,1,89280,1
78538,89280,1,89280,1
78538,89280,1,89280,1
78538,89280,1,89280,1
78538,89280,1,89280,1
78538,89280,1,89280,1
78538,89280,1,89280,1
78538,89280,1,89280,1
78538,89280,1,89280,1
78538,89280,1,89280,1
78538,89280,1,89280,1
78538,89280,1,89280,1
78538,89280,1,89280,1
78538,89280,1,89280,1
78538,89280,1,89280,1
78538,89280,1,89280,1
78538,89280,1,89280,1
78538,89280,1,89280,1
78538,89280,1,89280,1
78538,89280,1,89280,1
78538,89280,1,89280,1
78538,89280,1,89280,1
78538,89280,1,89280,1
78538,89280,1,89280,1
78538,89280,1,89280,1
78538,89280,1,89280,1
78538,89280,1,89280,1
78538,89280,1,89280,1
78538,89280,1,89280,1
78538,89280,1,89280,1
78538,89280,1,89280,1
78538,89280,1,89280,1
78538,89280,1,89280,1
78538,89280,1,89280,1
78538,89280,1,89280,1
78538,89280,1,89280,1
78538,89280,1,89280,1
78538,89280,1,89280,1
78538,89280,1,89280,1
78538,89280,1,89280,1
78538,89280,1,91392,1
78538,91392,1,91392,1
78538,91392,1,91392,1
78538,91392,1,91392,1
78538,91392,1,91392,1
78538,91392,1,91392,1
78538,91392,1,91392,1
78538,91392,1,91392,1
78538,91392,1,91392,1
78538,91392,1,91392,1
78538,91392,1,91392,1
78538,91392,1,91392,1
78538,91392,1,91392,1
78538,91392,1,91392,1
78538,91392,1,91392,1
78538,91392,1,91392,1
78538,91392,1,91392,1
78538,91392,1,91392,1
78538,91392,1,91392,1
78538,91392,1,91392,1
78538,91392,1,91392,1
78538,91392,1,91392,1
78538,91392,1,91392,1
78538,91392,1,91392,1
78538,91392,1,91392,1
78538,91392,1,91392,1
78538,91392,1,91392,1
78538,91392,1,91392,1
78538,91392,1,91392,1
78538,91392,1,91392,1
78538,91392,1,91392,1
78538,91392,1,91392,1
78538,91392,1,91392,1
78538,91392,1,91392,1
78538,91392,1,91392,1
78538,91392,1,91392,1
78538,91392,1,91392,1
78538,91392,1,91392,1
78538,91392,1,91392,1
78538,91392,1,91392,1
78538,91392,1,91392,1
78538,91392,1,91392,1
78538,91392,1,91392,1
78538,91392,1,91392,1
78538,91392,1,91392,1
78538,91392,1,91392,1
78538,91392,1,91392,1
78538,91392,1,91392,1
78538,91392,1,91392,1
78538,91392,1,91392,1
78538,91392,1,91392,1
78538,91392,1,91392,1
78538,91392,1,91392,1
78538,91392,1,91392,1
78538,91392,1,91392,1
78538,91392,1,91392,1
78538,91392,1,91392,1
78538,91392,1,91392,1
78538,91392,1,91392,1
78538,91392,1,91392,1
78538,91392,1,91392,1
78538,91392,1,91392,1
78538,91392,1,91392,1
78538,91392,1,91392,1
78538,91392,1,91392,1
78538,91392,1,91392,1
78538,91392,1,91392,1
78538,91392,1,91392,1
78538,91392,1,91392,1
78538,91392,1,91392,1
78538,91392,1,91392,1
78538,91392,1,91392,1
78538,91392,1,91392,1
78538,91392,1,91392,1
78538,91392,1,91392,1
78538,91392,1,91392,1
78538,91392,1,91392,1
78538,91392,1,91392,1
78538,91392,1,91392,1
78538,91392,1,91392,1
78538,91392,1,91392,1
78538,91392,1,91392,1
78538,91392,1,91392,1
78538,91392,1,91392,1
78538,91392,1,91392,1
78538,91392,1,91392,1
78538,91392,1,91392,1
78538,91392,1,91392,1
78538,91392,1,91392,1
78538,91392,1,91392,1
78538,91392,1,91392,1
78538,91392,1,91392,1
78538,91392,1,91392,1
78538,91392,1,91392,1
78538,91392,1,91392,1
78538,91392,1,91392,1
78538,91392,1,91392,1
78538,91392,1,89279,1
78538,89279,1,89279,1
78538,89279,1,89279,1
78538,89279,1,89279,1
78538,89279,1,89279,1
78538,89279,1,89279,1
78538,89279,1,89279,1
78538,89279,1,89279,1
78538,89279,1,89279,1
78538,89279,1,89279,1
78538,89279,1,89279,1
78538,89279,1,89279,1
78538,89279,1,89279,1
78538,89279,1,89279,1
78538,89279,1,89279,1
78538,89279,1,89279,1
78538,89279,1,89279,1
78538,89279,1,89279,1
78538,89279,1,89279,1
78538,89279,1,89279,1
78538,89279,1,89279,1
78538,89279,1,89279,1
78538,89279,1,89279,1
78538,89279,1,89279,1
78538,89279,1,89279,1
78538,89279,1,89279,1
78538,89279,1,89279,1
78538,89279,1,89279,1
78538,89279,1,89279,1
78538,89279,1,89279,1
78538,89279,1,89279,1
78538,89279,1,89279,1
78538,89279,1,89279,1
78538,89279,1,89279,1
78538,89279,1,89279,1
78538,89279,1,89279,1
78538,89279,1,89279,1
78538,89279,1,89279,1
78538,89279,1,89279,1
78538,89279,1,89279,1
78538,89279,1,89279,1
78538,89279,1,89279,1
78538,89279,1,89279,1
78538,89279,1,89279,1
78538,89279,1,89279,1
78538,89279,1,89279,1
78538,89279,1,89279,1
78538,89279,1,89782,1
78538,89782,1,89782,1
78538,89782,1,89782,1
78538,89782,1,89782,1
78538,89782,1,89782,1
78538,89782,1,89782,1
78538,89782,1,89782,1
78538,89782,1,89782,1
78538,89782,1,89782,1
78538,89782,1,89782,1
78538,89782,1,89782,1
78538,89782,1,89782,1
78538,89782,1,89782,1
78538,89782,1,89782,1
78538,89782,1,89782,1
78538,89782,1,89782,1
78538,89782,1,89782,1
78538,89782,1,89782,1
78538,89782,1,89782,1
78538,89782,1,89782,1
78538,89782,1,89782,1
78538,89782,1,89782,1
78538,89782,1,89782,1
78538,89782,1,89782,1
78538,89782,1,89782,1
78538,89782,1,89782,1
78538,89782,1,89782,1
78538,89782,1,89782,1
78538,89782,1,89782,1
78538,89782,1,89782,1
78538,89782,1,89782,1
78538,89782,1,89782,1
78538,89782,1,89782,1
78538,89782,1,89782,1
78538,89782,1,89782,1
78538,89782,1,89782,1
78538,89782,1,89782,1
78538,89782,1,89782,1
78538,89782,1,89782,1
78538,89782,1,89782,1
78538,89782,1,89782,1
78538,89782,1,89782,1
78538,89782,1,89782,1
78538,89782,1,89782,1
78538,89782,1,89782,1
78538,89782,1,89782,1
78538,89782,1,89874,1
78538,89874,1,89874,1
78538,89874,1,89874,1
78538,89874,1,89874,1
78538,89874,1,89874,1
78538,89874,1,89874,1
78538,89874,1,89874,1
78538,89874,1,89874,1
78538,89874,1,89874,1
78538,89874,1,89874,1
78538,89874,1,89874,1
78538,89874,1,89874,1
78538,89874,1,89874,1
78538,89874,1,89874,1
78538,89874,1,89874,1
78538,89874,1,89874,1
78538,89874,1,89874,1
78538,89874,1,89874,1
78538,89874,1,89874,1
78538,89874,1,89874,1
78538,89874,1,89874,1
78538,89874,1,89874,1
78538,89874,1,89874,1
78538,89874,1,89874,1
78538,89874,1,89874,1
78538,89874,1,89874,1
78538,89874,1,89874,1
78538,89874,1,89874,1
78538,89874,1,89874,1
78538,89874,1,89874,1
78538,89874,1,89874,1
78538,89874,1,89874,1
78538,89874,1,89874,1
78538,89874,1,89874,1
78538,89874,1,89874,1
78538,89874,1,89874,1
78538,89874,1,89874,1
78538,89874,1,89874,1
78538,89874,1,89874,1
78538,89874,1,89874,1
78538,89874,1,89874,1
78538,89874,1,89874,1
78538,89874,1,89874,1
78538,89874,1,89874,1
78538,89874,1,89874,1
78538,89874,1,89874,1
78538,89874,1,89874,1
78538,89874,1,89874,1
78538,89874,1,89874,1
78538,89874,1,89874,1
78538,89874,1,89874,1
78538,89874,1,89874,1
78538,89874,1,89874,1
78538,89874,1,89874,1
78538,89874,1,89874,1
78538,89874,1,89874,1
78538,89874,1,89874,1
78538,89874,1,89874,1
78538,89874,1,89874,1
78538,89874,1,89874,1
78538,89874,1,89874,1
78538,89874,1,89874,1
78538,89874,1,89874,1
78538,89874,1,89874,1
78538,89874,1,89874,1
78538,89874,1,89874,1
78538,89874,1,89874,1
78538,89874,1,89874,1
78538,89874,1,89874,1
78538,89874,1,89874,1
78538,89874,1,89874,1
78538,89874,1,89874,1
78538,89874,1,89874,1
78538,89874,1,89874,1
78538,89874,1,89874,1
78538,89874,1,89874,1
78538,89874,1,89874,1
78538,89874,1,89874,1
78538,89874,1,89874,1
78538,89874,1,89874,1
78538,89874,1,89874,1
78538,89874,1,89874,1
78538,89874,1,89874,1
78538,89874,1,89874,1
78538,89874,1,89874,1
78538,89874,1,89874,1
78538,89874,1,89874,1
78538,89874,1,89874,1
78538,89874,1,89874,1
78538,89874,1,89874,1
78538,89874,1,89874,1
78538,89874,1,89874,1
78538,89874,1,89874,1
78538,89874,1,89848,1
78538,89848,1,89848,1
78538,89848,1,89848,1
78538,89848,1,89848,1
78538,89848,1,89848,1
78538,89848,1,89848,1
78538,89848,1,89848,1
78538,89848,1,89848,1
78538,89848,1,89848,1
78538,89848,1,89848,1
78538,89848,1,89848,1
78538,89848,1,89848,1
78538,89848,1,89848,1
78538,89848,1,89848,1
78538,89848,1,89848,1
78538,89848,1,89848,1
78538,89848,1,89848,1
78538,89848,1,89848,1
78538,89848,1,89848,1
78538,89848,1,89848,1
78538,89848,1,89848,1
78538,89848,1,89848,1
78538,89848,1,89848,1
78538,89848,1,89848,1
78538,89848,1,89848,1
78538,89848,1,89848,1
78538,89848,1,89848,1
78538,89848,1,89848,1
78538,89848,1,89848,1
78538,89848,1,89848,1
78538,89848,1,89848,1
78538,89848,1,89848,1
78538,89848,1,89848,1
78538,89848,1,89848,1
78538,89848,1,89848,1
78538,89848,1,89848,1
78538,89848,1,89848,1
78538,89848,1,89848,1
78538,89848,1,89848,1
78538,89848,1,89848,1
78538,89848,1,89848,1
78538,89848,1,89848,1
78538,89848,1,89848,1
78538,89848,1,89848,1
78538,89848,1,89848,1
78538,89848,1,89848,1
78538,89848,1,89848,1
78538,89848,1,89848,1
78538,89848,1,89848,1
78538,89848,1,89848,1
78538,89848,1,89848,1
78538,89848,1,89848,1
78538,89848,1,89848,1
78538,89848,1,89848,1
78538,89848,1,89848,1
78538,89848,1,89848,1
78538,89848,1,89848,1
78538,89848,1,89848,1
78538,89848,1,89848,1
78538,89848,1,89848,1
78538,89848,1,89848,1
78538,89848,1,89848,1
78538,89848,1,89848,1
78538,89848,1,89848,1
78538,89848,1,89848,1
78538,89848,1,89848,1
78538,89848,1,89848,1
78538,89848,1,89848,1
78538,89848,1,89848,1
78538,89848,1,89848,1
78538,89848,1,89848,1
78538,89848,1,89848,1
78538,89848,1,89848,1
78538,89848,1,89848,1
78538,89848,1,89848,1
78538,89848,1,89848,1
78538,89848,1,89848,1
78538,89848,1,89848,1
78538,89848,1,89848,1
78538,89848,1,89848,1
78538,89848,1,89848,1
78538,89848,1,89848,1
78538,89848,1,89848,1
78538,89848,1,89848,1
78538,89848,1,89848,1
78538,89848,1,89848,1
78538,89848,1,89848,1
78538,89848,1,89848,1
78538,89848,1,89848,1
78538,89848,1,89848,1
78538,89848,1,89848,1
78538,89848,1,89848,1
78538,89848,1,89848,1
78538,89848,1,173898,1
78538,173898,1,173886,1
78538,173886,1,174004,0
78538,174004,0,173979,1
78538,173979,1,173978,1
78538,173978,1,173995,0
78538,173995,0,173956,0
78538,173956,0,173953,0
78538,173953,0,173952,1
78538,173952,1,173970,1
78539,93146,1,93146,1
78539,93146,1,93146,1
78539,93146,1,93146,1
78539,93146,1,93146,1
78539,93146,1,93146,1
78539,93146,1,93146,1
78539,93146,1,93146,1
78539,93146,1,93146,1
78539,93146,1,93146,1
78539,93146,1,93146,1
78539,93146,1,93146,1
78539,93146,1,93146,1
78539,93146,1,93146,1
78539,93146,1,93146,1
78539,93146,1,93146,1
78539,93146,1,93146,1
78539,93146,1,93146,1
78539,93146,1,93146,1
78539,93146,1,93146,1
78539,93146,1,93146,1
78539,93146,1,93146,1
78539,93146,1,93146,1
78539,93146,1,93146,1
78539,93146,1,93146,1
78539,93146,1,93146,1
78539,93146,1,93146,1
78539,93146,1,93146,1
78539,93146,1,93146,1
78539,93146,1,93146,1
78539,93146,1,93146,1
78539,93146,1,93146,1
78539,93146,1,93146,1
78539,93146,1,93146,1
78539,93146,1,93146,1
78539,93146,1,93146,1
78539,93146,1,93146,1
78539,93146,1,93146,1
78539,93146,1,93146,1
78539,93146,1,93146,1
78539,93146,1,93146,1
78539,93146,1,93146,1
78539,93146,1,93146,1
78539,93146,1,93146,1
78539,93146,1,93146,1
78539,93146,1,93146,1
78539,93146,1,93213,1
78539,93213,1,93213,1
78539,93213,1,93213,1
78539,93213,1,93213,1
78539,93213,1,93213,1
78539,93213,1,93213,1
78539,93213,1,93213,1
78539,93213,1,93213,1
78539,93213,1,93213,1
78539,93213,1,93213,1
78539,93213,1,93213,1
78539,93213,1,93213,1
78539,93213,1,93213,1
78539,93213,1,93213,1
78539,93213,1,93213,1
78539,93213,1,93213,1
78539,93213,1,93213,1
78539,93213,1,93213,1
78539,93213,1,93213,1
78539,93213,1,93213,1
78539,93213,1,93213,1
78539,93213,1,93213,1
78539,93213,1,93213,1
78539,93213,1,93213,1
78539,93213,1,93213,1
78539,93213,1,93213,1
78539,93213,1,93213,1
78539,93213,1,93213,1
78539,93213,1,93213,1
78539,93213,1,93213,1
78539,93213,1,93213,1
78539,93213,1,93213,1
78539,93213,1,93213,1
78539,93213,1,93213,1
78539,93213,1,93213,1
78539,93213,1,93213,1
78539,93213,1,93213,1
78539,93213,1,93213,1
78539,93213,1,93213,1
78539,93213,1,93213,1
78539,93213,1,93213,1
78539,93213,1,93213,1
78539,93213,1,93213,1
78539,93213,1,93213,1
78539,93213,1,93213,1
78539,93213,1,93213,1
78539,93213,1,93237,1
78539,93237,1,93237,1
78539,93237,1,93237,1
78539,93237,1,93237,1
78539,93237,1,93237,1
78539,93237,1,93237,1
78539,93237,1,93237,1
78539,93237,1,93237,1
78539,93237,1,93237,1
78539,93237,1,93237,1
78539,93237,1,93237,1
78539,93237,1,93237,1
78539,93237,1,93237,1
78539,93237,1,93237,1
78539,93237,1,93237,1
78539,93237,1,93237,1
78539,93237,1,93237,1
78539,93237,1,93237,1
78539,93237,1,93237,1
78539,93237,1,93237,1
78539,93237,1,93237,1
78539,93237,1,93237,1
78539,93237,1,93237,1
78539,93237,1,93237,1
78539,93237,1,93237,1
78539,93237,1,93237,1
78539,93237,1,93237,1
78539,93237,1,93237,1
78539,93237,1,93237,1
78539,93237,1,93237,1
78539,93237,1,93237,1
78539,93237,1,93237,1
78539,93237,1,93237,1
78539,93237,1,93237,1
78539,93237,1,93237,1
78539,93237,1,93237,1
78539,93237,1,93237,1
78539,93237,1,93237,1
78539,93237,1,93237,1
78539,93237,1,93237,1
78539,93237,1,93237,1
78539,93237,1,93237,1
78539,93237,1,93237,1
78539,93237,1,85094,1
78539,85094,1,85094,1
78539,85094,1,85094,1
78539,85094,1,85094,1
78539,85094,1,85094,1
78539,85094,1,85094,1
78539,85094,1,85094,1
78539,85094,1,85094,1
78539,85094,1,85094,1
78539,85094,1,85094,1
78539,85094,1,85094,1
78539,85094,1,85094,1
78539,85094,1,85094,1
78539,85094,1,85094,1
78539,85094,1,85094,1
78539,85094,1,85094,1
78539,85094,1,85094,1
78539,85094,1,85094,1
78539,85094,1,85094,1
78539,85094,1,85094,1
78539,85094,1,85094,1
78539,85094,1,85094,1
78539,85094,1,85094,1
78539,85094,1,85094,1
78539,85094,1,85094,1
78539,85094,1,85094,1
78539,85094,1,85094,1
78539,85094,1,85094,1
78539,85094,1,85094,1
78539,85094,1,85094,1
78539,85094,1,85094,1
78539,85094,1,85094,1
78539,85094,1,85094,1
78539,85094,1,85094,1
78539,85094,1,85094,1
78539,85094,1,85094,1
78539,85094,1,85094,1
78539,85094,1,85094,1
78539,85094,1,85094,1
78539,85094,1,85094,1
78539,85094,1,85094,1
78539,85094,1,85094,1
78539,85094,1,85094,1
78539,85094,1,85094,1
78539,85094,1,85094,1
78539,85094,1,85094,1
78539,85094,1,84708,1
78539,84708,1,84708,1
78539,84708,1,84708,1
78539,84708,1,84708,1
78539,84708,1,84708,1
78539,84708,1,84708,1
78539,84708,1,84708,1
78539,84708,1,84708,1
78539,84708,1,84708,1
78539,84708,1,84708,1
78539,84708,1,84708,1
78539,84708,1,84708,1
78539,84708,1,84708,1
78539,84708,1,84708,1
78539,84708,1,84708,1
78539,84708,1,84708,1
78539,84708,1,84708,1
78539,84708,1,84708,1
78539,84708,1,84708,1
78539,84708,1,84708,1
78539,84708,1,84708,1
78539,84708,1,84708,1
78539,84708,1,84708,1
78539,84708,1,84708,1
78539,84708,1,84708,1
78539,84708,1,84708,1
78539,84708,1,84708,1
78539,84708,1,84708,1
78539,84708,1,84708,1
78539,84708,1,84708,1
78539,84708,1,84708,1
78539,84708,1,84708,1
78539,84708,1,84708,1
78539,84708,1,84708,1
78539,84708,1,84708,1
78539,84708,1,84708,1
78539,84708,1,84708,1
78539,84708,1,84708,1
78539,84708,1,84708,1
78539,84708,1,84708,1
78539,84708,1,84708,1
78539,84708,1,84708,1
78539,84708,1,84708,1
78539,84708,1,84708,1
78539,84708,1,84708,1
78539,84708,1,84708,1
78539,84708,1,86116,1
78539,86116,1,86116,1
78539,86116,1,86116,1
78539,86116,1,86116,1
78539,86116,1,86116,1
78539,86116,1,86116,1
78539,86116,1,86116,1
78539,86116,1,86116,1
78539,86116,1,86116,1
78539,86116,1,86116,1
78539,86116,1,86116,1
78539,86116,1,86116,1
78539,86116,1,86116,1
78539,86116,1,86116,1
78539,86116,1,86116,1
78539,86116,1,86116,1
78539,86116,1,86116,1
78539,86116,1,86116,1
78539,86116,1,86116,1
78539,86116,1,86116,1
78539,86116,1,86116,1
78539,86116,1,86116,1
78539,86116,1,86116,1
78539,86116,1,86116,1
78539,86116,1,86116,1
78539,86116,1,86116,1
78539,86116,1,86116,1
78539,86116,1,86116,1
78539,86116,1,86116,1
78539,86116,1,86116,1
78539,86116,1,86116,1
78539,86116,1,86116,1
78539,86116,1,86116,1
78539,86116,1,86116,1
78539,86116,1,86116,1
78539,86116,1,86116,1
78539,86116,1,86116,1
78539,86116,1,86116,1
78539,86116,1,86116,1
78539,86116,1,86116,1
78539,86116,1,86116,1
78539,86116,1,86116,1
78539,86116,1,86116,1
78539,86116,1,89238,1
78539,89238,1,89238,1
78539,89238,1,89238,1
78539,89238,1,89238,1
78539,89238,1,89238,1
78539,89238,1,89238,1
78539,89238,1,89238,1
78539,89238,1,89238,1
78539,89238,1,89238,1
78539,89238,1,89238,1
78539,89238,1,89238,1
78539,89238,1,89238,1
78539,89238,1,89238,1
78539,89238,1,89238,1
78539,89238,1,89238,1
78539,89238,1,89238,1
78539,89238,1,89238,1
78539,89238,1,89238,1
78539,89238,1,89238,1
78539,89238,1,89238,1
78539,89238,1,89238,1
78539,89238,1,89238,1
78539,89238,1,89238,1
78539,89238,1,89238,1
78539,89238,1,89238,1
78539,89238,1,89238,1
78539,89238,1,89238,1
78539,89238,1,89238,1
78539,89238,1,89238,1
78539,89238,1,89238,1
78539,89238,1,89238,1
78539,89238,1,89238,1
78539,89238,1,89238,1
78539,89238,1,89238,1
78539,89238,1,89238,1
78539,89238,1,89238,1
78539,89238,1,89238,1
78539,89238,1,89238,1
78539,89238,1,89238,1
78539,89238,1,89238,1
78539,89238,1,89238,1
78539,89238,1,89238,1
78539,89238,1,89238,1
78539,89238,1,89238,1
78539,89238,1,89238,1
78539,89238,1,89238,1
78539,89238,1,89238,1
78539,89238,1,91400,1
78539,91400,1,91400,1
78539,91400,1,91400,1
78539,91400,1,91400,1
78539,91400,1,91400,1
78539,91400,1,91400,1
78539,91400,1,91400,1
78539,91400,1,91400,1
78539,91400,1,91400,1
78539,91400,1,91400,1
78539,91400,1,91400,1
78539,91400,1,91400,1
78539,91400,1,91400,1
78539,91400,1,91400,1
78539,91400,1,91400,1
78539,91400,1,91400,1
78539,91400,1,91400,1
78539,91400,1,91400,1
78539,91400,1,91400,1
78539,91400,1,91400,1
78539,91400,1,91400,1
78539,91400,1,91400,1
78539,91400,1,91400,1
78539,91400,1,91400,1
78539,91400,1,91400,1
78539,91400,1,91400,1
78539,91400,1,91400,1
78539,91400,1,91400,1
78539,91400,1,91400,1
78539,91400,1,91400,1
78539,91400,1,91400,1
78539,91400,1,91400,1
78539,91400,1,91400,1
78539,91400,1,91400,1
78539,91400,1,91400,1
78539,91400,1,91400,1
78539,91400,1,91400,1
78539,91400,1,91400,1
78539,91400,1,91400,1
78539,91400,1,91400,1
78539,91400,1,91400,1
78539,91400,1,91400,1
78539,91400,1,91400,1
78539,91400,1,91400,1
78539,91400,1,91400,1
78539,91400,1,91400,1
78539,91400,1,91400,1
78539,91400,1,91400,1
78539,91400,1,91400,1
78539,91400,1,91400,1
78539,91400,1,91400,1
78539,91400,1,91400,1
78539,91400,1,91400,1
78539,91400,1,91400,1
78539,91400,1,91400,1
78539,91400,1,91400,1
78539,91400,1,91400,1
78539,91400,1,91400,1
78539,91400,1,91400,1
78539,91400,1,91400,1
78539,91400,1,91400,1
78539,91400,1,91400,1
78539,91400,1,91400,1
78539,91400,1,91400,1
78539,91400,1,91400,1
78539,91400,1,91400,1
78539,91400,1,91400,1
78539,91400,1,91400,1
78539,91400,1,91400,1
78539,91400,1,91400,1
78539,91400,1,91400,1
78539,91400,1,91400,1
78539,91400,1,91400,1
78539,91400,1,91400,1
78539,91400,1,91400,1
78539,91400,1,91400,1
78539,91400,1,91400,1
78539,91400,1,91400,1
78539,91400,1,91400,1
78539,91400,1,91400,1
78539,91400,1,91400,1
78539,91400,1,91400,1
78539,91400,1,91400,1
78539,91400,1,91400,1
78539,91400,1,91400,1
78539,91400,1,91400,1
78539,91400,1,91400,1
78539,91400,1,91400,1
78539,91400,1,91400,1
78539,91400,1,91400,1
78539,91400,1,91400,1
78539,91400,1,91400,1
78539,91400,1,91400,1
78539,91400,1,91400,1
78539,91400,1,91400,1
78539,91400,1,91400,1
78539,91400,1,91400,1
78539,91400,1,91402,0
78539,91402,0,91402,0
78539,91402,0,91402,0
78539,91402,0,91402,0
78539,91402,0,91402,0
78539,91402,0,91402,0
78539,91402,0,91402,0
78539,91402,0,91402,0
78539,91402,0,91402,0
78539,91402,0,91402,0
78539,91402,0,91402,0
78539,91402,0,91402,0
78539,91402,0,91402,0
78539,91402,0,91402,0
78539,91402,0,91402,0
78539,91402,0,91402,0
78539,91402,0,91402,0
78539,91402,0,91402,0
78539,91402,0,91402,0
78539,91402,0,91402,0
78539,91402,0,91402,0
78539,91402,0,91402,0
78539,91402,0,91402,0
78539,91402,0,91402,0
78539,91402,0,91402,0
78539,91402,0,91402,0
78539,91402,0,91402,0
78539,91402,0,91402,0
78539,91402,0,91402,0
78539,91402,0,91402,0
78539,91402,0,91402,0
78539,91402,0,91402,0
78539,91402,0,91402,0
78539,91402,0,91402,0
78539,91402,0,91402,0
78539,91402,0,91402,0
78539,91402,0,91402,0
78539,91402,0,91402,0
78539,91402,0,91402,0
78539,91402,0,91402,0
78539,91402,0,91402,0
78539,91402,0,91402,0
78539,91402,0,91402,0
78539,91402,0,91402,0
78539,91402,0,91402,0
78539,91402,0,91402,0
78539,91402,0,91402,0
78539,91402,0,91405,0
78539,91405,0,91405,0
78539,91405,0,91405,0
78539,91405,0,91405,0
78539,91405,0,91405,0
78539,91405,0,91405,0
78539,91405,0,91405,0
78539,91405,0,91405,0
78539,91405,0,91405,0
78539,91405,0,91405,0
78539,91405,0,91405,0
78539,91405,0,91405,0
78539,91405,0,91405,0
78539,91405,0,91405,0
78539,91405,0,91405,0
78539,91405,0,91405,0
78539,91405,0,91405,0
78539,91405,0,91405,0
78539,91405,0,91405,0
78539,91405,0,91405,0
78539,91405,0,91405,0
78539,91405,0,91405,0
78539,91405,0,91405,0
78539,91405,0,91405,0
78539,91405,0,91405,0
78539,91405,0,91405,0
78539,91405,0,91405,0
78539,91405,0,91405,0
78539,91405,0,91405,0
78539,91405,0,91405,0
78539,91405,0,91405,0
78539,91405,0,91405,0
78539,91405,0,91405,0
78539,91405,0,91405,0
78539,91405,0,91405,0
78539,91405,0,91405,0
78539,91405,0,91405,0
78539,91405,0,91405,0
78539,91405,0,91405,0
78539,91405,0,91405,0
78539,91405,0,91405,0
78539,91405,0,91405,0
78539,91405,0,91405,0
78539,91405,0,91405,0
78539,91405,0,91405,0
78539,91405,0,91405,0
78539,91405,0,91405,0
78539,91405,0,89291,1
78539,89291,1,89291,1
78539,89291,1,89291,1
78539,89291,1,89291,1
78539,89291,1,89291,1
78539,89291,1,89291,1
78539,89291,1,89291,1
78539,89291,1,89291,1
78539,89291,1,89291,1
78539,89291,1,89291,1
78539,89291,1,89291,1
78539,89291,1,89291,1
78539,89291,1,89291,1
78539,89291,1,89291,1
78539,89291,1,89291,1
78539,89291,1,89291,1
78539,89291,1,89291,1
78539,89291,1,89291,1
78539,89291,1,89291,1
78539,89291,1,89291,1
78539,89291,1,89291,1
78539,89291,1,89291,1
78539,89291,1,89291,1
78539,89291,1,89291,1
78539,89291,1,89291,1
78539,89291,1,89291,1
78539,89291,1,89291,1
78539,89291,1,89291,1
78539,89291,1,89291,1
78539,89291,1,89291,1
78539,89291,1,89291,1
78539,89291,1,89291,1
78539,89291,1,89291,1
78539,89291,1,89291,1
78539,89291,1,89291,1
78539,89291,1,89291,1
78539,89291,1,89291,1
78539,89291,1,89291,1
78539,89291,1,89291,1
78539,89291,1,89291,1
78539,89291,1,89291,1
78539,89291,1,89291,1
78539,89291,1,89291,1
78539,89291,1,89291,1
78539,89291,1,89291,1
78539,89291,1,89291,1
78539,89291,1,89291,1
78539,89291,1,89286,1
78539,89286,1,89286,1
78539,89286,1,89286,1
78539,89286,1,89286,1
78539,89286,1,89286,1
78539,89286,1,89286,1
78539,89286,1,89286,1
78539,89286,1,89286,1
78539,89286,1,89286,1
78539,89286,1,89286,1
78539,89286,1,89286,1
78539,89286,1,89286,1
78539,89286,1,89286,1
78539,89286,1,89286,1
78539,89286,1,89286,1
78539,89286,1,89286,1
78539,89286,1,89286,1
78539,89286,1,89286,1
78539,89286,1,89286,1
78539,89286,1,89286,1
78539,89286,1,89286,1
78539,89286,1,89286,1
78539,89286,1,89286,1
78539,89286,1,89286,1
78539,89286,1,89286,1
78539,89286,1,89286,1
78539,89286,1,89286,1
78539,89286,1,89286,1
78539,89286,1,89286,1
78539,89286,1,89286,1
78539,89286,1,89286,1
78539,89286,1,89286,1
78539,89286,1,89286,1
78539,89286,1,89286,1
78539,89286,1,89286,1
78539,89286,1,89286,1
78539,89286,1,89286,1
78539,89286,1,89286,1
78539,89286,1,89286,1
78539,89286,1,89286,1
78539,89286,1,89286,1
78539,89286,1,89286,1
78539,89286,1,89286,1
78539,89286,1,89286,1
78539,89286,1,89286,1
78539,89286,1,89286,1
78539,89286,1,89286,1
78539,89286,1,89276,1
78539,89276,1,89276,1
78539,89276,1,89276,1
78539,89276,1,89276,1
78539,89276,1,89276,1
78539,89276,1,89276,1
78539,89276,1,89276,1
78539,89276,1,89276,1
78539,89276,1,89276,1
78539,89276,1,89276,1
78539,89276,1,89276,1
78539,89276,1,89276,1
78539,89276,1,89276,1
78539,89276,1,89276,1
78539,89276,1,89276,1
78539,89276,1,89276,1
78539,89276,1,89276,1
78539,89276,1,89276,1
78539,89276,1,89276,1
78539,89276,1,89276,1
78539,89276,1,89276,1
78539,89276,1,89276,1
78539,89276,1,89276,1
78539,89276,1,89276,1
78539,89276,1,89276,1
78539,89276,1,89276,1
78539,89276,1,89276,1
78539,89276,1,89276,1
78539,89276,1,89276,1
78539,89276,1,89276,1
78539,89276,1,89276,1
78539,89276,1,89276,1
78539,89276,1,89276,1
78539,89276,1,89276,1
78539,89276,1,89276,1
78539,89276,1,89276,1
78539,89276,1,89276,1
78539,89276,1,89276,1
78539,89276,1,89276,1
78539,89276,1,89276,1
78539,89276,1,89276,1
78539,89276,1,89276,1
78539,89276,1,89276,1
78539,89276,1,89276,1
78539,89276,1,89276,1
78539,89276,1,89276,1
78539,89276,1,89276,1
78539,89276,1,89276,1
78539,89276,1,89276,1
78539,89276,1,89276,1
78539,89276,1,89276,1
78539,89276,1,89276,1
78539,89276,1,89276,1
78539,89276,1,89276,1
78539,89276,1,89276,1
78539,89276,1,89276,1
78539,89276,1,89276,1
78539,89276,1,89276,1
78539,89276,1,89276,1
78539,89276,1,89276,1
78539,89276,1,89276,1
78539,89276,1,89276,1
78539,89276,1,89276,1
78539,89276,1,89276,1
78539,89276,1,89276,1
78539,89276,1,89276,1
78539,89276,1,89276,1
78539,89276,1,89276,1
78539,89276,1,89276,1
78539,89276,1,89276,1
78539,89276,1,89276,1
78539,89276,1,89276,1
78539,89276,1,89276,1
78539,89276,1,89276,1
78539,89276,1,89276,1
78539,89276,1,89276,1
78539,89276,1,89276,1
78539,89276,1,89276,1
78539,89276,1,89276,1
78539,89276,1,89276,1
78539,89276,1,89276,1
78539,89276,1,89276,1
78539,89276,1,89276,1
78539,89276,1,89276,1
78539,89276,1,89276,1
78539,89276,1,89276,1
78539,89276,1,89276,1
78539,89276,1,89276,1
78539,89276,1,89276,1
78539,89276,1,89276,1
78539,89276,1,89276,1
78539,89276,1,89276,1
78539,89276,1,89276,1
78539,89276,1,89276,1
78539,89276,1,89276,1
78539,89276,1,89276,1
78539,89276,1,89276,1
78539,89276,1,89279,1
78539,89279,1,89279,1
78539,89279,1,89279,1
78539,89279,1,89279,1
78539,89279,1,89279,1
78539,89279,1,89279,1
78539,89279,1,89279,1
78539,89279,1,89279,1
78539,89279,1,89279,1
78539,89279,1,89279,1
78539,89279,1,89279,1
78539,89279,1,89279,1
78539,89279,1,89279,1
78539,89279,1,89279,1
78539,89279,1,89279,1
78539,89279,1,89279,1
78539,89279,1,89279,1
78539,89279,1,89279,1
78539,89279,1,89279,1
78539,89279,1,89279,1
78539,89279,1,89279,1
78539,89279,1,89279,1
78539,89279,1,89279,1
78539,89279,1,89279,1
78539,89279,1,89279,1
78539,89279,1,89279,1
78539,89279,1,89279,1
78539,89279,1,89279,1
78539,89279,1,89279,1
78539,89279,1,89279,1
78539,89279,1,89279,1
78539,89279,1,89279,1
78539,89279,1,89279,1
78539,89279,1,89279,1
78539,89279,1,89279,1
78539,89279,1,89279,1
78539,89279,1,89279,1
78539,89279,1,89279,1
78539,89279,1,89279,1
78539,89279,1,89279,1
78539,89279,1,89279,1
78539,89279,1,89279,1
78539,89279,1,89279,1
78539,89279,1,89279,1
78539,89279,1,89279,1
78539,89279,1,89279,1
78539,89279,1,89279,1
78539,89279,1,91379,1
78539,91379,1,91379,1
78539,91379,1,91379,1
78539,91379,1,91379,1
78539,91379,1,91379,1
78539,91379,1,91379,1
78539,91379,1,91379,1
78539,91379,1,91379,1
78539,91379,1,91379,1
78539,91379,1,91379,1
78539,91379,1,91379,1
78539,91379,1,91379,1
78539,91379,1,91379,1
78539,91379,1,91379,1
78539,91379,1,91379,1
78539,91379,1,91379,1
78539,91379,1,91379,1
78539,91379,1,91379,1
78539,91379,1,91379,1
78539,91379,1,91379,1
78539,91379,1,91379,1
78539,91379,1,91379,1
78539,91379,1,91379,1
78539,91379,1,91379,1
78539,91379,1,91379,1
78539,91379,1,91379,1
78539,91379,1,91379,1
78539,91379,1,91379,1
78539,91379,1,91379,1
78539,91379,1,91379,1
78539,91379,1,91379,1
78539,91379,1,91379,1
78539,91379,1,91379,1
78539,91379,1,91379,1
78539,91379,1,91379,1
78539,91379,1,91379,1
78539,91379,1,91379,1
78539,91379,1,91379,1
78539,91379,1,91379,1
78539,91379,1,91379,1
78539,91379,1,91379,1
78539,91379,1,91379,1
78539,91379,1,91379,1
78539,91379,1,91379,1
78539,91379,1,91379,1
78539,91379,1,91379,1
78539,91379,1,91379,1
78539,91379,1,91394,1
78539,91394,1,91394,1
78539,91394,1,91394,1
78539,91394,1,91394,1
78539,91394,1,91394,1
78539,91394,1,91394,1
78539,91394,1,91394,1
78539,91394,1,91394,1
78539,91394,1,91394,1
78539,91394,1,91394,1
78539,91394,1,91394,1
78539,91394,1,91394,1
78539,91394,1,91394,1
78539,91394,1,91394,1
78539,91394,1,91394,1
78539,91394,1,91394,1
78539,91394,1,91394,1
78539,91394,1,91394,1
78539,91394,1,91394,1
78539,91394,1,91394,1
78539,91394,1,91394,1
78539,91394,1,91394,1
78539,91394,1,91394,1
78539,91394,1,91394,1
78539,91394,1,91394,1
78539,91394,1,91394,1
78539,91394,1,91394,1
78539,91394,1,91394,1
78539,91394,1,91394,1
78539,91394,1,91394,1
78539,91394,1,91394,1
78539,91394,1,91394,1
78539,91394,1,91394,1
78539,91394,1,91394,1
78539,91394,1,91394,1
78539,91394,1,91394,1
78539,91394,1,91394,1
78539,91394,1,91394,1
78539,91394,1,91394,1
78539,91394,1,91394,1
78539,91394,1,91394,1
78539,91394,1,91394,1
78539,91394,1,91394,1
78539,91394,1,91394,1
78539,91394,1,91394,1
78539,91394,1,91394,1
78539,91394,1,91394,1
78539,91394,1,89768,0
78539,89768,0,89768,0
78539,89768,0,89768,0
78539,89768,0,89768,0
78539,89768,0,89768,0
78539,89768,0,89768,0
78539,89768,0,89768,0
78539,89768,0,89768,0
78539,89768,0,89768,0
78539,89768,0,89768,0
78539,89768,0,89768,0
78539,89768,0,89768,0
78539,89768,0,89768,0
78539,89768,0,89768,0
78539,89768,0,89768,0
78539,89768,0,89768,0
78539,89768,0,89768,0
78539,89768,0,89768,0
78539,89768,0,89768,0
78539,89768,0,89768,0
78539,89768,0,89768,0
78539,89768,0,89768,0
78539,89768,0,89768,0
78539,89768,0,89768,0
78539,89768,0,89768,0
78539,89768,0,89768,0
78539,89768,0,89768,0
78539,89768,0,89768,0
78539,89768,0,89768,0
78539,89768,0,89768,0
78539,89768,0,89768,0
78539,89768,0,89768,0
78539,89768,0,89768,0
78539,89768,0,89768,0
78539,89768,0,89768,0
78539,89768,0,89768,0
78539,89768,0,89768,0
78539,89768,0,89768,0
78539,89768,0,89768,0
78539,89768,0,89768,0
78539,89768,0,89768,0
78539,89768,0,89768,0
78539,89768,0,89768,0
78539,89768,0,89768,0
78539,89768,0,89768,0
78539,89768,0,89768,0
78539,89768,0,89768,0
78539,89768,0,89768,0
78539,89768,0,89768,0
78539,89768,0,89768,0
78539,89768,0,89768,0
78539,89768,0,89768,0
78539,89768,0,89768,0
78539,89768,0,89768,0
78539,89768,0,89768,0
78539,89768,0,89768,0
78539,89768,0,89768,0
78539,89768,0,89768,0
78539,89768,0,89768,0
78539,89768,0,89768,0
78539,89768,0,89768,0
78539,89768,0,89768,0
78539,89768,0,89768,0
78539,89768,0,89768,0
78539,89768,0,89768,0
78539,89768,0,89768,0
78539,89768,0,89768,0
78539,89768,0,89768,0
78539,89768,0,89768,0
78539,89768,0,89768,0
78539,89768,0,89768,0
78539,89768,0,89768,0
78539,89768,0,89768,0
78539,89768,0,89768,0
78539,89768,0,89768,0
78539,89768,0,89768,0
78539,89768,0,89768,0
78539,89768,0,89768,0
78539,89768,0,89768,0
78539,89768,0,89768,0
78539,89768,0,89768,0
78539,89768,0,89768,0
78539,89768,0,89768,0
78539,89768,0,89768,0
78539,89768,0,89768,0
78539,89768,0,89768,0
78539,89768,0,89768,0
78539,89768,0,89768,0
78539,89768,0,89768,0
78539,89768,0,89768,0
78539,89768,0,89768,0
78539,89768,0,89768,0
78539,89768,0,89768,0
78539,89768,0,89782,1
78539,89782,1,89782,1
78539,89782,1,89782,1
78539,89782,1,89782,1
78539,89782,1,89782,1
78539,89782,1,89782,1
78539,89782,1,89782,1
78539,89782,1,89782,1
78539,89782,1,89782,1
78539,89782,1,89782,1
78539,89782,1,89782,1
78539,89782,1,89782,1
78539,89782,1,89782,1
78539,89782,1,89782,1
78539,89782,1,89782,1
78539,89782,1,89782,1
78539,89782,1,89782,1
78539,89782,1,89782,1
78539,89782,1,89782,1
78539,89782,1,89782,1
78539,89782,1,89782,1
78539,89782,1,89782,1
78539,89782,1,89782,1
78539,89782,1,89782,1
78539,89782,1,89782,1
78539,89782,1,89782,1
78539,89782,1,89782,1
78539,89782,1,89782,1
78539,89782,1,89782,1
78539,89782,1,89782,1
78539,89782,1,89782,1
78539,89782,1,89782,1
78539,89782,1,89782,1
78539,89782,1,89782,1
78539,89782,1,89782,1
78539,89782,1,89782,1
78539,89782,1,89782,1
78539,89782,1,89782,1
78539,89782,1,89782,1
78539,89782,1,89782,1
78539,89782,1,89782,1
78539,89782,1,89782,1
78539,89782,1,89782,1
78539,89782,1,89782,1
78539,89782,1,89782,1
78539,89782,1,89782,1
78539,89782,1,89782,1
78539,89782,1,89782,1
78539,89782,1,89782,1
78539,89782,1,89782,1
78539,89782,1,89782,1
78539,89782,1,89782,1
78539,89782,1,89782,1
78539,89782,1,89782,1
78539,89782,1,89782,1
78539,89782,1,89782,1
78539,89782,1,89782,1
78539,89782,1,89782,1
78539,89782,1,89782,1
78539,89782,1,89782,1
78539,89782,1,89782,1
78539,89782,1,89782,1
78539,89782,1,89782,1
78539,89782,1,89782,1
78539,89782,1,89782,1
78539,89782,1,89782,1
78539,89782,1,89782,1
78539,89782,1,89782,1
78539,89782,1,89782,1
78539,89782,1,89782,1
78539,89782,1,89782,1
78539,89782,1,89782,1
78539,89782,1,89782,1
78539,89782,1,89782,1
78539,89782,1,89782,1
78539,89782,1,89782,1
78539,89782,1,89782,1
78539,89782,1,89782,1
78539,89782,1,89782,1
78539,89782,1,89782,1
78539,89782,1,89782,1
78539,89782,1,89782,1
78539,89782,1,89782,1
78539,89782,1,89782,1
78539,89782,1,89782,1
78539,89782,1,89782,1
78539,89782,1,89782,1
78539,89782,1,89782,1
78539,89782,1,89782,1
78539,89782,1,89782,1
78539,89782,1,89782,1
78539,89782,1,89782,1
78539,89782,1,89782,1
78539,89782,1,89761,1
78539,89761,1,89761,1
78539,89761,1,89761,1
78539,89761,1,89761,1
78539,89761,1,89761,1
78539,89761,1,89761,1
78539,89761,1,89761,1
78539,89761,1,89761,1
78539,89761,1,89761,1
78539,89761,1,89761,1
78539,89761,1,89761,1
78539,89761,1,89761,1
78539,89761,1,89761,1
78539,89761,1,89761,1
78539,89761,1,89761,1
78539,89761,1,89761,1
78539,89761,1,89761,1
78539,89761,1,89761,1
78539,89761,1,89761,1
78539,89761,1,89761,1
78539,89761,1,89761,1
78539,89761,1,89761,1
78539,89761,1,89761,1
78539,89761,1,89761,1
78539,89761,1,89761,1
78539,89761,1,89761,1
78539,89761,1,89761,1
78539,89761,1,89761,1
78539,89761,1,89761,1
78539,89761,1,89761,1
78539,89761,1,89761,1
78539,89761,1,89761,1
78539,89761,1,89761,1
78539,89761,1,89761,1
78539,89761,1,89761,1
78539,89761,1,89761,1
78539,89761,1,89761,1
78539,89761,1,89761,1
78539,89761,1,89761,1
78539,89761,1,89761,1
78539,89761,1,89761,1
78539,89761,1,89761,1
78539,89761,1,89761,1
78539,89761,1,89761,1
78539,89761,1,89761,1
78539,89761,1,89761,1
78539,89761,1,89761,1
78539,89761,1,89761,1
78539,89761,1,89761,1
78539,89761,1,89761,1
78539,89761,1,89761,1
78539,89761,1,89761,1
78539,89761,1,89761,1
78539,89761,1,89761,1
78539,89761,1,89761,1
78539,89761,1,89761,1
78539,89761,1,89761,1
78539,89761,1,89761,1
78539,89761,1,89761,1
78539,89761,1,89761,1
78539,89761,1,89761,1
78539,89761,1,89761,1
78539,89761,1,89761,1
78539,89761,1,89761,1
78539,89761,1,89761,1
78539,89761,1,89761,1
78539,89761,1,89761,1
78539,89761,1,89761,1
78539,89761,1,89761,1
78539,89761,1,89761,1
78539,89761,1,89761,1
78539,89761,1,89761,1
78539,89761,1,89761,1
78539,89761,1,89761,1
78539,89761,1,89761,1
78539,89761,1,89761,1
78539,89761,1,89761,1
78539,89761,1,89761,1
78539,89761,1,89761,1
78539,89761,1,89761,1
78539,89761,1,89761,1
78539,89761,1,89761,1
78539,89761,1,89761,1
78539,89761,1,89761,1
78539,89761,1,89761,1
78539,89761,1,89761,1
78539,89761,1,89761,1
78539,89761,1,89761,1
78539,89761,1,89761,1
78539,89761,1,89761,1
78539,89761,1,89761,1
78539,89761,1,89761,1
78539,89761,1,89761,1
78539,89761,1,89783,0
78539,89783,0,89783,0
78539,89783,0,89783,0
78539,89783,0,89783,0
78539,89783,0,89783,0
78539,89783,0,89783,0
78539,89783,0,89783,0
78539,89783,0,89783,0
78539,89783,0,89783,0
78539,89783,0,89783,0
78539,89783,0,89783,0
78539,89783,0,89783,0
78539,89783,0,89783,0
78539,89783,0,89783,0
78539,89783,0,89783,0
78539,89783,0,89783,0
78539,89783,0,89783,0
78539,89783,0,89783,0
78539,89783,0,89783,0
78539,89783,0,89783,0
78539,89783,0,89783,0
78539,89783,0,89783,0
78539,89783,0,89783,0
78539,89783,0,89783,0
78539,89783,0,89783,0
78539,89783,0,89783,0
78539,89783,0,89783,0
78539,89783,0,89783,0
78539,89783,0,89783,0
78539,89783,0,89783,0
78539,89783,0,89783,0
78539,89783,0,89783,0
78539,89783,0,89783,0
78539,89783,0,89783,0
78539,89783,0,89783,0
78539,89783,0,89783,0
78539,89783,0,89783,0
78539,89783,0,89783,0
78539,89783,0,89783,0
78539,89783,0,89783,0
78539,89783,0,89783,0
78539,89783,0,89783,0
78539,89783,0,89783,0
78539,89783,0,89783,0
78539,89783,0,89769,1
78539,89769,1,89769,1
78539,89769,1,89769,1
78539,89769,1,89769,1
78539,89769,1,89769,1
78539,89769,1,89769,1
78539,89769,1,89769,1
78539,89769,1,89769,1
78539,89769,1,89769,1
78539,89769,1,89769,1
78539,89769,1,89769,1
78539,89769,1,89769,1
78539,89769,1,89769,1
78539,89769,1,89769,1
78539,89769,1,89769,1
78539,89769,1,89769,1
78539,89769,1,89769,1
78539,89769,1,89769,1
78539,89769,1,89769,1
78539,89769,1,89769,1
78539,89769,1,89769,1
78539,89769,1,89769,1
78539,89769,1,89769,1
78539,89769,1,89769,1
78539,89769,1,89769,1
78539,89769,1,89769,1
78539,89769,1,89769,1
78539,89769,1,89769,1
78539,89769,1,89769,1
78539,89769,1,89769,1
78539,89769,1,89769,1
78539,89769,1,89769,1
78539,89769,1,89769,1
78539,89769,1,89769,1
78539,89769,1,89769,1
78539,89769,1,89769,1
78539,89769,1,89769,1
78539,89769,1,89769,1
78539,89769,1,89769,1
78539,89769,1,89769,1
78539,89769,1,89769,1
78539,89769,1,89769,1
78539,89769,1,89769,1
78539,89769,1,89769,1
78539,89769,1,91644,1
78539,91644,1,91644,1
78539,91644,1,91644,1
78539,91644,1,91644,1
78539,91644,1,91644,1
78539,91644,1,91644,1
78539,91644,1,91644,1
78539,91644,1,91644,1
78539,91644,1,91644,1
78539,91644,1,91644,1
78539,91644,1,91644,1
78539,91644,1,91644,1
78539,91644,1,91644,1
78539,91644,1,91644,1
78539,91644,1,91644,1
78539,91644,1,91644,1
78539,91644,1,91644,1
78539,91644,1,91644,1
78539,91644,1,91644,1
78539,91644,1,91644,1
78539,91644,1,91644,1
78539,91644,1,91644,1
78539,91644,1,91644,1
78539,91644,1,91644,1
78539,91644,1,91644,1
78539,91644,1,91644,1
78539,91644,1,91644,1
78539,91644,1,91644,1
78539,91644,1,91644,1
78539,91644,1,91644,1
78539,91644,1,91644,1
78539,91644,1,91644,1
78539,91644,1,91644,1
78539,91644,1,91644,1
78539,91644,1,91644,1
78539,91644,1,91644,1
78539,91644,1,91644,1
78539,91644,1,91644,1
78539,91644,1,91644,1
78539,91644,1,91644,1
78539,91644,1,91644,1
78539,91644,1,91644,1
78539,91644,1,91644,1
78539,91644,1,91644,1
78539,91644,1,89806,1
78539,89806,1,89806,1
78539,89806,1,89806,1
78539,89806,1,89806,1
78539,89806,1,89806,1
78539,89806,1,89806,1
78539,89806,1,89806,1
78539,89806,1,89806,1
78539,89806,1,89806,1
78539,89806,1,89806,1
78539,89806,1,89806,1
78539,89806,1,89806,1
78539,89806,1,89806,1
78539,89806,1,89806,1
78539,89806,1,89806,1
78539,89806,1,89806,1
78539,89806,1,89806,1
78539,89806,1,89806,1
78539,89806,1,89806,1
78539,89806,1,89806,1
78539,89806,1,89806,1
78539,89806,1,89806,1
78539,89806,1,89806,1
78539,89806,1,89806,1
78539,89806,1,89806,1
78539,89806,1,89806,1
78539,89806,1,89806,1
78539,89806,1,89806,1
78539,89806,1,89806,1
78539,89806,1,89806,1
78539,89806,1,89806,1
78539,89806,1,89806,1
78539,89806,1,89806,1
78539,89806,1,89806,1
78539,89806,1,89806,1
78539,89806,1,89806,1
78539,89806,1,89806,1
78539,89806,1,89806,1
78539,89806,1,89806,1
78539,89806,1,89806,1
78539,89806,1,89806,1
78539,89806,1,89806,1
78539,89806,1,89806,1
78539,89806,1,89806,1
78539,89806,1,89806,1
78539,89806,1,89806,1
78539,89806,1,89806,1
78539,89806,1,89806,1
78539,89806,1,89806,1
78539,89806,1,89806,1
78539,89806,1,89806,1
78539,89806,1,89806,1
78539,89806,1,89806,1
78539,89806,1,89806,1
78539,89806,1,89806,1
78539,89806,1,89806,1
78539,89806,1,89806,1
78539,89806,1,89806,1
78539,89806,1,89806,1
78539,89806,1,89806,1
78539,89806,1,89806,1
78539,89806,1,89806,1
78539,89806,1,89806,1
78539,89806,1,89806,1
78539,89806,1,89806,1
78539,89806,1,89806,1
78539,89806,1,89806,1
78539,89806,1,89806,1
78539,89806,1,89806,1
78539,89806,1,89806,1
78539,89806,1,89806,1
78539,89806,1,89806,1
78539,89806,1,89806,1
78539,89806,1,89806,1
78539,89806,1,89806,1
78539,89806,1,89806,1
78539,89806,1,89806,1
78539,89806,1,89806,1
78539,89806,1,89806,1
78539,89806,1,89806,1
78539,89806,1,89806,1
78539,89806,1,89806,1
78539,89806,1,89806,1
78539,89806,1,89806,1
78539,89806,1,89806,1
78539,89806,1,89806,1
78539,89806,1,89806,1
78539,89806,1,89806,1
78539,89806,1,89806,1
78539,89806,1,89806,1
78539,89806,1,89806,1
78539,89806,1,89806,1
78539,89806,1,89806,1
78539,89806,1,89836,0
78539,89836,0,89836,0
78539,89836,0,89836,0
78539,89836,0,89836,0
78539,89836,0,89836,0
78539,89836,0,89836,0
78539,89836,0,89836,0
78539,89836,0,89836,0
78539,89836,0,89836,0
78539,89836,0,89836,0
78539,89836,0,89836,0
78539,89836,0,89836,0
78539,89836,0,89836,0
78539,89836,0,89836,0
78539,89836,0,89836,0
78539,89836,0,89836,0
78539,89836,0,89836,0
78539,89836,0,89836,0
78539,89836,0,89836,0
78539,89836,0,89836,0
78539,89836,0,89836,0
78539,89836,0,89836,0
78539,89836,0,89836,0
78539,89836,0,89836,0
78539,89836,0,89836,0
78539,89836,0,89836,0
78539,89836,0,89836,0
78539,89836,0,89836,0
78539,89836,0,89836,0
78539,89836,0,89836,0
78539,89836,0,89836,0
78539,89836,0,89836,0
78539,89836,0,89836,0
78539,89836,0,89836,0
78539,89836,0,89836,0
78539,89836,0,89836,0
78539,89836,0,89836,0
78539,89836,0,89836,0
78539,89836,0,89836,0
78539,89836,0,89836,0
78539,89836,0,89836,0
78539,89836,0,89836,0
78539,89836,0,89836,0
78539,89836,0,89836,0
78539,89836,0,89803,1
78539,89803,1,89803,1
78539,89803,1,89803,1
78539,89803,1,89803,1
78539,89803,1,89803,1
78539,89803,1,89803,1
78539,89803,1,89803,1
78539,89803,1,89803,1
78539,89803,1,89803,1
78539,89803,1,89803,1
78539,89803,1,89803,1
78539,89803,1,89803,1
78539,89803,1,89803,1
78539,89803,1,89803,1
78539,89803,1,89803,1
78539,89803,1,89803,1
78539,89803,1,89803,1
78539,89803,1,89803,1
78539,89803,1,89803,1
78539,89803,1,89803,1
78539,89803,1,89803,1
78539,89803,1,89803,1
78539,89803,1,89803,1
78539,89803,1,89803,1
78539,89803,1,89803,1
78539,89803,1,89803,1
78539,89803,1,89803,1
78539,89803,1,89803,1
78539,89803,1,89803,1
78539,89803,1,89803,1
78539,89803,1,89803,1
78539,89803,1,89803,1
78539,89803,1,89803,1
78539,89803,1,89803,1
78539,89803,1,89803,1
78539,89803,1,89803,1
78539,89803,1,89803,1
78539,89803,1,89803,1
78539,89803,1,89803,1
78539,89803,1,89803,1
78539,89803,1,89803,1
78539,89803,1,89803,1
78539,89803,1,89803,1
78539,89803,1,89803,1
78539,89803,1,89793,1
78539,89793,1,89793,1
78539,89793,1,89793,1
78539,89793,1,89793,1
78539,89793,1,89793,1
78539,89793,1,89793,1
78539,89793,1,89793,1
78539,89793,1,89793,1
78539,89793,1,89793,1
78539,89793,1,89793,1
78539,89793,1,89793,1
78539,89793,1,89793,1
78539,89793,1,89793,1
78539,89793,1,89793,1
78539,89793,1,89793,1
78539,89793,1,89793,1
78539,89793,1,89793,1
78539,89793,1,89793,1
78539,89793,1,89793,1
78539,89793,1,89793,1
78539,89793,1,89793,1
78539,89793,1,89793,1
78539,89793,1,89793,1
78539,89793,1,89793,1
78539,89793,1,89793,1
78539,89793,1,89793,1
78539,89793,1,89793,1
78539,89793,1,89793,1
78539,89793,1,89793,1
78539,89793,1,89793,1
78539,89793,1,89793,1
78539,89793,1,89793,1
78539,89793,1,89793,1
78539,89793,1,89793,1
78539,89793,1,89793,1
78539,89793,1,89793,1
78539,89793,1,89793,1
78539,89793,1,89793,1
78539,89793,1,89793,1
78539,89793,1,89793,1
78539,89793,1,89793,1
78539,89793,1,89793,1
78539,89793,1,89793,1
78539,89793,1,89793,1
78539,89793,1,89793,1
78539,89793,1,89793,1
78539,89793,1,173895,1
78539,173895,1,173907,1
78539,173907,1,174021,1
78539,174021,1,173956,1
78540,93176,1,93176,1
78540,93176,1,93176,1
78540,93176,1,93176,1
78540,93176,1,93176,1
78540,93176,1,93176,1
78540,93176,1,93176,1
78540,93176,1,93176,1
78540,93176,1,93176,1
78540,93176,1,93176,1
78540,93176,1,93176,1
78540,93176,1,93176,1
78540,93176,1,93176,1
78540,93176,1,93176,1
78540,93176,1,93176,1
78540,93176,1,93176,1
78540,93176,1,93176,1
78540,93176,1,93176,1
78540,93176,1,93176,1
78540,93176,1,93176,1
78540,93176,1,93176,1
78540,93176,1,93176,1
78540,93176,1,93176,1
78540,93176,1,93176,1
78540,93176,1,93176,1
78540,93176,1,93176,1
78540,93176,1,93176,1
78540,93176,1,93176,1
78540,93176,1,93176,1
78540,93176,1,93176,1
78540,93176,1,93176,1
78540,93176,1,93176,1
78540,93176,1,93176,1
78540,93176,1,93176,1
78540,93176,1,93176,1
78540,93176,1,93176,1
78540,93176,1,93176,1
78540,93176,1,93176,1
78540,93176,1,93176,1
78540,93176,1,93176,1
78540,93176,1,93176,1
78540,93176,1,93176,1
78540,93176,1,93176,1
78540,93176,1,93176,1
78540,93176,1,93176,1
78540,93176,1,93176,1
78540,93176,1,93158,1
78540,93158,1,93158,1
78540,93158,1,93158,1
78540,93158,1,93158,1
78540,93158,1,93158,1
78540,93158,1,93158,1
78540,93158,1,93158,1
78540,93158,1,93158,1
78540,93158,1,93158,1
78540,93158,1,93158,1
78540,93158,1,93158,1
78540,93158,1,93158,1
78540,93158,1,93158,1
78540,93158,1,93158,1
78540,93158,1,93158,1
78540,93158,1,93158,1
78540,93158,1,93158,1
78540,93158,1,93158,1
78540,93158,1,93158,1
78540,93158,1,93158,1
78540,93158,1,93158,1
78540,93158,1,93158,1
78540,93158,1,93158,1
78540,93158,1,93158,1
78540,93158,1,93158,1
78540,93158,1,93158,1
78540,93158,1,93158,1
78540,93158,1,93158,1
78540,93158,1,93158,1
78540,93158,1,93158,1
78540,93158,1,93158,1
78540,93158,1,93158,1
78540,93158,1,93158,1
78540,93158,1,93158,1
78540,93158,1,93158,1
78540,93158,1,93158,1
78540,93158,1,93158,1
78540,93158,1,93158,1
78540,93158,1,93158,1
78540,93158,1,93158,1
78540,93158,1,93158,1
78540,93158,1,93158,1
78540,93158,1,93158,1
78540,93158,1,93158,1
78540,93158,1,93158,1
78540,93158,1,93158,1
78540,93158,1,93230,1
78540,93230,1,93230,1
78540,93230,1,93230,1
78540,93230,1,93230,1
78540,93230,1,93230,1
78540,93230,1,93230,1
78540,93230,1,93230,1
78540,93230,1,93230,1
78540,93230,1,93230,1
78540,93230,1,93230,1
78540,93230,1,93230,1
78540,93230,1,93230,1
78540,93230,1,93230,1
78540,93230,1,93230,1
78540,93230,1,93230,1
78540,93230,1,93230,1
78540,93230,1,93230,1
78540,93230,1,93230,1
78540,93230,1,93230,1
78540,93230,1,93230,1
78540,93230,1,93230,1
78540,93230,1,93230,1
78540,93230,1,93230,1
78540,93230,1,93230,1
78540,93230,1,93230,1
78540,93230,1,93230,1
78540,93230,1,93230,1
78540,93230,1,93230,1
78540,93230,1,93230,1
78540,93230,1,93230,1
78540,93230,1,93230,1
78540,93230,1,93230,1
78540,93230,1,93230,1
78540,93230,1,93230,1
78540,93230,1,93230,1
78540,93230,1,93230,1
78540,93230,1,93230,1
78540,93230,1,93230,1
78540,93230,1,93230,1
78540,93230,1,93230,1
78540,93230,1,93230,1
78540,93230,1,93230,1
78540,93230,1,93230,1
78540,93230,1,84704,1
78540,84704,1,84704,1
78540,84704,1,84704,1
78540,84704,1,84704,1
78540,84704,1,84704,1
78540,84704,1,84704,1
78540,84704,1,84704,1
78540,84704,1,84704,1
78540,84704,1,84704,1
78540,84704,1,84704,1
78540,84704,1,84704,1
78540,84704,1,84704,1
78540,84704,1,84704,1
78540,84704,1,84704,1
78540,84704,1,84704,1
78540,84704,1,84704,1
78540,84704,1,84704,1
78540,84704,1,84704,1
78540,84704,1,84704,1
78540,84704,1,84704,1
78540,84704,1,84704,1
78540,84704,1,84704,1
78540,84704,1,84704,1
78540,84704,1,84704,1
78540,84704,1,84704,1
78540,84704,1,84704,1
78540,84704,1,84704,1
78540,84704,1,84704,1
78540,84704,1,84704,1
78540,84704,1,84704,1
78540,84704,1,84704,1
78540,84704,1,84704,1
78540,84704,1,84704,1
78540,84704,1,84704,1
78540,84704,1,84704,1
78540,84704,1,84704,1
78540,84704,1,84704,1
78540,84704,1,84704,1
78540,84704,1,84704,1
78540,84704,1,84704,1
78540,84704,1,84704,1
78540,84704,1,84704,1
78540,84704,1,84704,1
78540,84704,1,84704,1
78540,84704,1,84704,1
78540,84704,1,84704,1
78540,84704,1,85103,1
78540,85103,1,85103,1
78540,85103,1,85103,1
78540,85103,1,85103,1
78540,85103,1,85103,1
78540,85103,1,85103,1
78540,85103,1,85103,1
78540,85103,1,85103,1
78540,85103,1,85103,1
78540,85103,1,85103,1
78540,85103,1,85103,1
78540,85103,1,85103,1
78540,85103,1,85103,1
78540,85103,1,85103,1
78540,85103,1,85103,1
78540,85103,1,85103,1
78540,85103,1,85103,1
78540,85103,1,85103,1
78540,85103,1,85103,1
78540,85103,1,85103,1
78540,85103,1,85103,1
78540,85103,1,85103,1
78540,85103,1,85103,1
78540,85103,1,85103,1
78540,85103,1,85103,1
78540,85103,1,85103,1
78540,85103,1,85103,1
78540,85103,1,85103,1
78540,85103,1,85103,1
78540,85103,1,85103,1
78540,85103,1,85103,1
78540,85103,1,85103,1
78540,85103,1,85103,1
78540,85103,1,85103,1
78540,85103,1,85103,1
78540,85103,1,85103,1
78540,85103,1,85103,1
78540,85103,1,85103,1
78540,85103,1,85103,1
78540,85103,1,85103,1
78540,85103,1,85103,1
78540,85103,1,85103,1
78540,85103,1,85103,1
78540,85103,1,85103,1
78540,85103,1,85103,1
78540,85103,1,85103,1
78540,85103,1,85686,0
78540,85686,0,85686,0
78540,85686,0,85686,0
78540,85686,0,85686,0
78540,85686,0,85686,0
78540,85686,0,85686,0
78540,85686,0,85686,0
78540,85686,0,85686,0
78540,85686,0,85686,0
78540,85686,0,85686,0
78540,85686,0,85686,0
78540,85686,0,85686,0
78540,85686,0,85686,0
78540,85686,0,85686,0
78540,85686,0,85686,0
78540,85686,0,85686,0
78540,85686,0,85686,0
78540,85686,0,85686,0
78540,85686,0,85686,0
78540,85686,0,85686,0
78540,85686,0,85686,0
78540,85686,0,85686,0
78540,85686,0,85686,0
78540,85686,0,85686,0
78540,85686,0,85686,0
78540,85686,0,85686,0
78540,85686,0,85686,0
78540,85686,0,85686,0
78540,85686,0,85686,0
78540,85686,0,85686,0
78540,85686,0,85686,0
78540,85686,0,85686,0
78540,85686,0,85686,0
78540,85686,0,85686,0
78540,85686,0,85686,0
78540,85686,0,85686,0
78540,85686,0,85686,0
78540,85686,0,85686,0
78540,85686,0,85686,0
78540,85686,0,85686,0
78540,85686,0,85686,0
78540,85686,0,85686,0
78540,85686,0,85686,0
78540,85686,0,85096,1
78540,85096,1,85096,1
78540,85096,1,85096,1
78540,85096,1,85096,1
78540,85096,1,85096,1
78540,85096,1,85096,1
78540,85096,1,85096,1
78540,85096,1,85096,1
78540,85096,1,85096,1
78540,85096,1,85096,1
78540,85096,1,85096,1
78540,85096,1,85096,1
78540,85096,1,85096,1
78540,85096,1,85096,1
78540,85096,1,85096,1
78540,85096,1,85096,1
78540,85096,1,85096,1
78540,85096,1,85096,1
78540,85096,1,85096,1
78540,85096,1,85096,1
78540,85096,1,85096,1
78540,85096,1,85096,1
78540,85096,1,85096,1
78540,85096,1,85096,1
78540,85096,1,85096,1
78540,85096,1,85096,1
78540,85096,1,85096,1
78540,85096,1,85096,1
78540,85096,1,85096,1
78540,85096,1,85096,1
78540,85096,1,85096,1
78540,85096,1,85096,1
78540,85096,1,85096,1
78540,85096,1,85096,1
78540,85096,1,85096,1
78540,85096,1,85096,1
78540,85096,1,85096,1
78540,85096,1,85096,1
78540,85096,1,85096,1
78540,85096,1,85096,1
78540,85096,1,85096,1
78540,85096,1,85096,1
78540,85096,1,85096,1
78540,85096,1,84622,1
78540,84622,1,84622,1
78540,84622,1,84622,1
78540,84622,1,84622,1
78540,84622,1,84622,1
78540,84622,1,84622,1
78540,84622,1,84622,1
78540,84622,1,84622,1
78540,84622,1,84622,1
78540,84622,1,84622,1
78540,84622,1,84622,1
78540,84622,1,84622,1
78540,84622,1,84622,1
78540,84622,1,84622,1
78540,84622,1,84622,1
78540,84622,1,84622,1
78540,84622,1,84622,1
78540,84622,1,84622,1
78540,84622,1,84622,1
78540,84622,1,84622,1
78540,84622,1,84622,1
78540,84622,1,84622,1
78540,84622,1,84622,1
78540,84622,1,84622,1
78540,84622,1,84622,1
78540,84622,1,84622,1
78540,84622,1,84622,1
78540,84622,1,84622,1
78540,84622,1,84622,1
78540,84622,1,84622,1
78540,84622,1,84622,1
78540,84622,1,84622,1
78540,84622,1,84622,1
78540,84622,1,84622,1
78540,84622,1,84622,1
78540,84622,1,84622,1
78540,84622,1,84622,1
78540,84622,1,84622,1
78540,84622,1,84622,1
78540,84622,1,84622,1
78540,84622,1,84622,1
78540,84622,1,84622,1
78540,84622,1,84622,1
78540,84622,1,86123,0
78540,86123,0,86123,0
78540,86123,0,86123,0
78540,86123,0,86123,0
78540,86123,0,86123,0
78540,86123,0,86123,0
78540,86123,0,86123,0
78540,86123,0,86123,0
78540,86123,0,86123,0
78540,86123,0,86123,0
78540,86123,0,86123,0
78540,86123,0,86123,0
78540,86123,0,86123,0
78540,86123,0,86123,0
78540,86123,0,86123,0
78540,86123,0,86123,0
78540,86123,0,86123,0
78540,86123,0,86123,0
78540,86123,0,86123,0
78540,86123,0,86123,0
78540,86123,0,86123,0
78540,86123,0,86123,0
78540,86123,0,86123,0
78540,86123,0,86123,0
78540,86123,0,86123,0
78540,86123,0,86123,0
78540,86123,0,86123,0
78540,86123,0,86123,0
78540,86123,0,86123,0
78540,86123,0,86123,0
78540,86123,0,86123,0
78540,86123,0,86123,0
78540,86123,0,86123,0
78540,86123,0,86123,0
78540,86123,0,86123,0
78540,86123,0,86123,0
78540,86123,0,86123,0
78540,86123,0,86123,0
78540,86123,0,86123,0
78540,86123,0,86123,0
78540,86123,0,86123,0
78540,86123,0,86123,0
78540,86123,0,86123,0
78540,86123,0,85097,0
78540,85097,0,85097,0
78540,85097,0,85097,0
78540,85097,0,85097,0
78540,85097,0,85097,0
78540,85097,0,85097,0
78540,85097,0,85097,0
78540,85097,0,85097,0
78540,85097,0,85097,0
78540,85097,0,85097,0
78540,85097,0,85097,0
78540,85097,0,85097,0
78540,85097,0,85097,0
78540,85097,0,85097,0
78540,85097,0,85097,0
78540,85097,0,85097,0
78540,85097,0,85097,0
78540,85097,0,85097,0
78540,85097,0,85097,0
78540,85097,0,85097,0
78540,85097,0,85097,0
78540,85097,0,85097,0
78540,85097,0,85097,0
78540,85097,0,85097,0
78540,85097,0,85097,0
78540,85097,0,85097,0
78540,85097,0,85097,0
78540,85097,0,85097,0
78540,85097,0,85097,0
78540,85097,0,85097,0
78540,85097,0,85097,0
78540,85097,0,85097,0
78540,85097,0,85097,0
78540,85097,0,85097,0
78540,85097,0,85097,0
78540,85097,0,85097,0
78540,85097,0,85097,0
78540,85097,0,85097,0
78540,85097,0,85097,0
78540,85097,0,85097,0
78540,85097,0,85097,0
78540,85097,0,85097,0
78540,85097,0,85097,0
78540,85097,0,86099,0
78540,86099,0,86099,0
78540,86099,0,86099,0
78540,86099,0,86099,0
78540,86099,0,86099,0
78540,86099,0,86099,0
78540,86099,0,86099,0
78540,86099,0,86099,0
78540,86099,0,86099,0
78540,86099,0,86099,0
78540,86099,0,86099,0
78540,86099,0,86099,0
78540,86099,0,86099,0
78540,86099,0,86099,0
78540,86099,0,86099,0
78540,86099,0,86099,0
78540,86099,0,86099,0
78540,86099,0,86099,0
78540,86099,0,86099,0
78540,86099,0,86099,0
78540,86099,0,86099,0
78540,86099,0,86099,0
78540,86099,0,86099,0
78540,86099,0,86099,0
78540,86099,0,86099,0
78540,86099,0,86099,0
78540,86099,0,86099,0
78540,86099,0,86099,0
78540,86099,0,86099,0
78540,86099,0,86099,0
78540,86099,0,86099,0
78540,86099,0,86099,0
78540,86099,0,86099,0
78540,86099,0,86099,0
78540,86099,0,86099,0
78540,86099,0,86099,0
78540,86099,0,86099,0
78540,86099,0,86099,0
78540,86099,0,86099,0
78540,86099,0,86099,0
78540,86099,0,86099,0
78540,86099,0,86099,0
78540,86099,0,86099,0
78540,86099,0,85095,1
78540,85095,1,85095,1
78540,85095,1,85095,1
78540,85095,1,85095,1
78540,85095,1,85095,1
78540,85095,1,85095,1
78540,85095,1,85095,1
78540,85095,1,85095,1
78540,85095,1,85095,1
78540,85095,1,85095,1
78540,85095,1,85095,1
78540,85095,1,85095,1
78540,85095,1,85095,1
78540,85095,1,85095,1
78540,85095,1,85095,1
78540,85095,1,85095,1
78540,85095,1,85095,1
78540,85095,1,85095,1
78540,85095,1,85095,1
78540,85095,1,85095,1
78540,85095,1,85095,1
78540,85095,1,85095,1
78540,85095,1,85095,1
78540,85095,1,85095,1
78540,85095,1,85095,1
78540,85095,1,85095,1
78540,85095,1,85095,1
78540,85095,1,85095,1
78540,85095,1,85095,1
78540,85095,1,85095,1
78540,85095,1,85095,1
78540,85095,1,85095,1
78540,85095,1,85095,1
78540,85095,1,85095,1
78540,85095,1,85095,1
78540,85095,1,85095,1
78540,85095,1,85095,1
78540,85095,1,85095,1
78540,85095,1,85095,1
78540,85095,1,85095,1
78540,85095,1,85095,1
78540,85095,1,85095,1
78540,85095,1,85095,1
78540,85095,1,89236,1
78540,89236,1,89236,1
78540,89236,1,89236,1
78540,89236,1,89236,1
78540,89236,1,89236,1
78540,89236,1,89236,1
78540,89236,1,89236,1
78540,89236,1,89236,1
78540,89236,1,89236,1
78540,89236,1,89236,1
78540,89236,1,89236,1
78540,89236,1,89236,1
78540,89236,1,89236,1
78540,89236,1,89236,1
78540,89236,1,89236,1
78540,89236,1,89236,1
78540,89236,1,89236,1
78540,89236,1,89236,1
78540,89236,1,89236,1
78540,89236,1,89236,1
78540,89236,1,89236,1
78540,89236,1,89236,1
78540,89236,1,89236,1
78540,89236,1,89236,1
78540,89236,1,89236,1
78540,89236,1,89236,1
78540,89236,1,89236,1
78540,89236,1,89236,1
78540,89236,1,89236,1
78540,89236,1,89236,1
78540,89236,1,89236,1
78540,89236,1,89236,1
78540,89236,1,89236,1
78540,89236,1,89236,1
78540,89236,1,89236,1
78540,89236,1,89236,1
78540,89236,1,89236,1
78540,89236,1,89236,1
78540,89236,1,89236,1
78540,89236,1,89236,1
78540,89236,1,89236,1
78540,89236,1,89236,1
78540,89236,1,89236,1
78540,89236,1,89236,1
78540,89236,1,89236,1
78540,89236,1,89236,1
78540,89236,1,89236,1
78540,89236,1,89236,1
78540,89236,1,89236,1
78540,89236,1,89236,1
78540,89236,1,89236,1
78540,89236,1,89236,1
78540,89236,1,89236,1
78540,89236,1,89236,1
78540,89236,1,89236,1
78540,89236,1,89236,1
78540,89236,1,89236,1
78540,89236,1,89236,1
78540,89236,1,89236,1
78540,89236,1,89236,1
78540,89236,1,89236,1
78540,89236,1,89236,1
78540,89236,1,89236,1
78540,89236,1,89236,1
78540,89236,1,89236,1
78540,89236,1,89236,1
78540,89236,1,89236,1
78540,89236,1,89236,1
78540,89236,1,89236,1
78540,89236,1,89236,1
78540,89236,1,89236,1
78540,89236,1,89236,1
78540,89236,1,89236,1
78540,89236,1,89236,1
78540,89236,1,89236,1
78540,89236,1,89236,1
78540,89236,1,89236,1
78540,89236,1,89236,1
78540,89236,1,89236,1
78540,89236,1,89236,1
78540,89236,1,89236,1
78540,89236,1,89236,1
78540,89236,1,89236,1
78540,89236,1,89236,1
78540,89236,1,89236,1
78540,89236,1,89236,1
78540,89236,1,89236,1
78540,89236,1,89236,1
78540,89236,1,89236,1
78540,89236,1,89236,1
78540,89236,1,89236,1
78540,89236,1,89236,1
78540,89236,1,89236,1
78540,89236,1,89236,1
78540,89236,1,89236,1
78540,89236,1,89236,1
78540,89236,1,89236,1
78540,89236,1,91354,1
78540,91354,1,91354,1
78540,91354,1,91354,1
78540,91354,1,91354,1
78540,91354,1,91354,1
78540,91354,1,91354,1
78540,91354,1,91354,1
78540,91354,1,91354,1
78540,91354,1,91354,1
78540,91354,1,91354,1
78540,91354,1,91354,1
78540,91354,1,91354,1
78540,91354,1,91354,1
78540,91354,1,91354,1
78540,91354,1,91354,1
78540,91354,1,91354,1
78540,91354,1,91354,1
78540,91354,1,91354,1
78540,91354,1,91354,1
78540,91354,1,91354,1
78540,91354,1,91354,1
78540,91354,1,91354,1
78540,91354,1,91354,1
78540,91354,1,91354,1
78540,91354,1,91354,1
78540,91354,1,91354,1
78540,91354,1,91354,1
78540,91354,1,91354,1
78540,91354,1,91354,1
78540,91354,1,91354,1
78540,91354,1,91354,1
78540,91354,1,91354,1
78540,91354,1,91354,1
78540,91354,1,91354,1
78540,91354,1,91354,1
78540,91354,1,91354,1
78540,91354,1,91354,1
78540,91354,1,91354,1
78540,91354,1,91354,1
78540,91354,1,91354,1
78540,91354,1,91354,1
78540,91354,1,91354,1
78540,91354,1,91354,1
78540,91354,1,91354,1
78540,91354,1,91354,1
78540,91354,1,91354,1
78540,91354,1,91354,1
78540,91354,1,91383,1
78540,91383,1,91383,1
78540,91383,1,91383,1
78540,91383,1,91383,1
78540,91383,1,91383,1
78540,91383,1,91383,1
78540,91383,1,91383,1
78540,91383,1,91383,1
78540,91383,1,91383,1
78540,91383,1,91383,1
78540,91383,1,91383,1
78540,91383,1,91383,1
78540,91383,1,91383,1
78540,91383,1,91383,1
78540,91383,1,91383,1
78540,91383,1,91383,1
78540,91383,1,91383,1
78540,91383,1,91383,1
78540,91383,1,91383,1
78540,91383,1,91383,1
78540,91383,1,91383,1
78540,91383,1,91383,1
78540,91383,1,91383,1
78540,91383,1,91383,1
78540,91383,1,91383,1
78540,91383,1,91383,1
78540,91383,1,91383,1
78540,91383,1,91383,1
78540,91383,1,91383,1
78540,91383,1,91383,1
78540,91383,1,91383,1
78540,91383,1,91383,1
78540,91383,1,91383,1
78540,91383,1,91383,1
78540,91383,1,91383,1
78540,91383,1,91383,1
78540,91383,1,91383,1
78540,91383,1,91383,1
78540,91383,1,91383,1
78540,91383,1,91383,1
78540,91383,1,91383,1
78540,91383,1,91383,1
78540,91383,1,91383,1
78540,91383,1,91383,1
78540,91383,1,91383,1
78540,91383,1,91383,1
78540,91383,1,91383,1
78540,91383,1,91383,1
78540,91383,1,91383,1
78540,91383,1,91383,1
78540,91383,1,91383,1
78540,91383,1,91383,1
78540,91383,1,91383,1
78540,91383,1,91383,1
78540,91383,1,91383,1
78540,91383,1,91383,1
78540,91383,1,91383,1
78540,91383,1,91383,1
78540,91383,1,91383,1
78540,91383,1,91383,1
78540,91383,1,91383,1
78540,91383,1,91383,1
78540,91383,1,91383,1
78540,91383,1,91383,1
78540,91383,1,91383,1
78540,91383,1,91383,1
78540,91383,1,91383,1
78540,91383,1,91383,1
78540,91383,1,91383,1
78540,91383,1,91383,1
78540,91383,1,91383,1
78540,91383,1,91383,1
78540,91383,1,91383,1
78540,91383,1,91383,1
78540,91383,1,91383,1
78540,91383,1,91383,1
78540,91383,1,91383,1
78540,91383,1,91383,1
78540,91383,1,91383,1
78540,91383,1,91383,1
78540,91383,1,91383,1
78540,91383,1,91383,1
78540,91383,1,91383,1
78540,91383,1,91383,1
78540,91383,1,91383,1
78540,91383,1,91383,1
78540,91383,1,91383,1
78540,91383,1,91383,1
78540,91383,1,91383,1
78540,91383,1,91383,1
78540,91383,1,91383,1
78540,91383,1,91383,1
78540,91383,1,91383,1
78540,91383,1,91383,1
78540,91383,1,91383,1
78540,91383,1,91383,1
78540,91383,1,91383,1
78540,91383,1,91384,1
78540,91384,1,91384,1
78540,91384,1,91384,1
78540,91384,1,91384,1
78540,91384,1,91384,1
78540,91384,1,91384,1
78540,91384,1,91384,1
78540,91384,1,91384,1
78540,91384,1,91384,1
78540,91384,1,91384,1
78540,91384,1,91384,1
78540,91384,1,91384,1
78540,91384,1,91384,1
78540,91384,1,91384,1
78540,91384,1,91384,1
78540,91384,1,91384,1
78540,91384,1,91384,1
78540,91384,1,91384,1
78540,91384,1,91384,1
78540,91384,1,91384,1
78540,91384,1,91384,1
78540,91384,1,91384,1
78540,91384,1,91384,1
78540,91384,1,91384,1
78540,91384,1,91384,1
78540,91384,1,91384,1
78540,91384,1,91384,1
78540,91384,1,91384,1
78540,91384,1,91384,1
78540,91384,1,91384,1
78540,91384,1,91384,1
78540,91384,1,91384,1
78540,91384,1,91384,1
78540,91384,1,91384,1
78540,91384,1,91384,1
78540,91384,1,91384,1
78540,91384,1,91384,1
78540,91384,1,91384,1
78540,91384,1,91384,1
78540,91384,1,91384,1
78540,91384,1,91384,1
78540,91384,1,91384,1
78540,91384,1,91384,1
78540,91384,1,91384,1
78540,91384,1,91384,1
78540,91384,1,91384,1
78540,91384,1,91384,1
78540,91384,1,89785,1
78540,89785,1,89785,1
78540,89785,1,89785,1
78540,89785,1,89785,1
78540,89785,1,89785,1
78540,89785,1,89785,1
78540,89785,1,89785,1
78540,89785,1,89785,1
78540,89785,1,89785,1
78540,89785,1,89785,1
78540,89785,1,89785,1
78540,89785,1,89785,1
78540,89785,1,89785,1
78540,89785,1,89785,1
78540,89785,1,89785,1
78540,89785,1,89785,1
78540,89785,1,89785,1
78540,89785,1,89785,1
78540,89785,1,89785,1
78540,89785,1,89785,1
78540,89785,1,89785,1
78540,89785,1,89785,1
78540,89785,1,89785,1
78540,89785,1,89785,1
78540,89785,1,89785,1
78540,89785,1,89785,1
78540,89785,1,89785,1
78540,89785,1,89785,1
78540,89785,1,89785,1
78540,89785,1,89785,1
78540,89785,1,89785,1
78540,89785,1,89785,1
78540,89785,1,89785,1
78540,89785,1,89785,1
78540,89785,1,89785,1
78540,89785,1,89785,1
78540,89785,1,89785,1
78540,89785,1,89785,1
78540,89785,1,89785,1
78540,89785,1,89785,1
78540,89785,1,89785,1
78540,89785,1,89785,1
78540,89785,1,89785,1
78540,89785,1,89785,1
78540,89785,1,89785,1
78540,89785,1,89785,1
78540,89785,1,89836,1
78540,89836,1,89836,1
78540,89836,1,89836,1
78540,89836,1,89836,1
78540,89836,1,89836,1
78540,89836,1,89836,1
78540,89836,1,89836,1
78540,89836,1,89836,1
78540,89836,1,89836,1
78540,89836,1,89836,1
78540,89836,1,89836,1
78540,89836,1,89836,1
78540,89836,1,89836,1
78540,89836,1,89836,1
78540,89836,1,89836,1
78540,89836,1,89836,1
78540,89836,1,89836,1
78540,89836,1,89836,1
78540,89836,1,89836,1
78540,89836,1,89836,1
78540,89836,1,89836,1
78540,89836,1,89836,1
78540,89836,1,89836,1
78540,89836,1,89836,1
78540,89836,1,89836,1
78540,89836,1,89836,1
78540,89836,1,89836,1
78540,89836,1,89836,1
78540,89836,1,89836,1
78540,89836,1,89836,1
78540,89836,1,89836,1
78540,89836,1,89836,1
78540,89836,1,89836,1
78540,89836,1,89836,1
78540,89836,1,89836,1
78540,89836,1,89836,1
78540,89836,1,89836,1
78540,89836,1,89836,1
78540,89836,1,89836,1
78540,89836,1,89836,1
78540,89836,1,89836,1
78540,89836,1,89836,1
78540,89836,1,89836,1
78540,89836,1,89836,1
78540,89836,1,89836,1
78540,89836,1,89836,1
78540,89836,1,89836,1
78540,89836,1,89836,1
78540,89836,1,89836,1
78540,89836,1,89836,1
78540,89836,1,89836,1
78540,89836,1,89836,1
78540,89836,1,89836,1
78540,89836,1,89836,1
78540,89836,1,89836,1
78540,89836,1,89836,1
78540,89836,1,89836,1
78540,89836,1,89836,1
78540,89836,1,89836,1
78540,89836,1,89836,1
78540,89836,1,89836,1
78540,89836,1,89836,1
78540,89836,1,89836,1
78540,89836,1,89836,1
78540,89836,1,89836,1
78540,89836,1,89836,1
78540,89836,1,89836,1
78540,89836,1,89836,1
78540,89836,1,89836,1
78540,89836,1,89836,1
78540,89836,1,89836,1
78540,89836,1,89836,1
78540,89836,1,89836,1
78540,89836,1,89836,1
78540,89836,1,89836,1
78540,89836,1,89836,1
78540,89836,1,89836,1
78540,89836,1,89836,1
78540,89836,1,89836,1
78540,89836,1,89836,1
78540,89836,1,89836,1
78540,89836,1,89836,1
78540,89836,1,89836,1
78540,89836,1,89836,1
78540,89836,1,89836,1
78540,89836,1,89836,1
78540,89836,1,89836,1
78540,89836,1,89836,1
78540,89836,1,89836,1
78540,89836,1,89836,1
78540,89836,1,89836,1
78540,89836,1,89836,1
78540,89836,1,89836,1
78540,89836,1,89879,1
78540,89879,1,89879,1
78540,89879,1,89879,1
78540,89879,1,89879,1
78540,89879,1,89879,1
78540,89879,1,89879,1
78540,89879,1,89879,1
78540,89879,1,89879,1
78540,89879,1,89879,1
78540,89879,1,89879,1
78540,89879,1,89879,1
78540,89879,1,89879,1
78540,89879,1,89879,1
78540,89879,1,89879,1
78540,89879,1,89879,1
78540,89879,1,89879,1
78540,89879,1,89879,1
78540,89879,1,89879,1
78540,89879,1,89879,1
78540,89879,1,89879,1
78540,89879,1,89879,1
78540,89879,1,89879,1
78540,89879,1,89879,1
78540,89879,1,89879,1
78540,89879,1,89879,1
78540,89879,1,89879,1
78540,89879,1,89879,1
78540,89879,1,89879,1
78540,89879,1,89879,1
78540,89879,1,89879,1
78540,89879,1,89879,1
78540,89879,1,89879,1
78540,89879,1,89879,1
78540,89879,1,89879,1
78540,89879,1,89879,1
78540,89879,1,89879,1
78540,89879,1,89879,1
78540,89879,1,89879,1
78540,89879,1,89879,1
78540,89879,1,89879,1
78540,89879,1,89879,1
78540,89879,1,89879,1
78540,89879,1,89879,1
78540,89879,1,89879,1
78540,89879,1,89879,1
78540,89879,1,89879,1
78540,89879,1,89879,1
78540,89879,1,89879,1
78540,89879,1,89879,1
78540,89879,1,89879,1
78540,89879,1,89879,1
78540,89879,1,89879,1
78540,89879,1,89879,1
78540,89879,1,89879,1
78540,89879,1,89879,1
78540,89879,1,89879,1
78540,89879,1,89879,1
78540,89879,1,89879,1
78540,89879,1,89879,1
78540,89879,1,89879,1
78540,89879,1,89879,1
78540,89879,1,89879,1
78540,89879,1,89879,1
78540,89879,1,89879,1
78540,89879,1,89879,1
78540,89879,1,89879,1
78540,89879,1,89879,1
78540,89879,1,89879,1
78540,89879,1,89879,1
78540,89879,1,89879,1
78540,89879,1,89879,1
78540,89879,1,89879,1
78540,89879,1,89879,1
78540,89879,1,89879,1
78540,89879,1,89879,1
78540,89879,1,89879,1
78540,89879,1,89879,1
78540,89879,1,89879,1
78540,89879,1,89879,1
78540,89879,1,89879,1
78540,89879,1,89879,1
78540,89879,1,89879,1
78540,89879,1,89879,1
78540,89879,1,89879,1
78540,89879,1,89879,1
78540,89879,1,89879,1
78540,89879,1,89879,1
78540,89879,1,89879,1
78540,89879,1,89879,1
78540,89879,1,89879,1
78540,89879,1,89879,1
78540,89879,1,89879,1
78540,89879,1,89879,1
78540,89879,1,89810,1
78540,89810,1,89810,1
78540,89810,1,89810,1
78540,89810,1,89810,1
78540,89810,1,89810,1
78540,89810,1,89810,1
78540,89810,1,89810,1
78540,89810,1,89810,1
78540,89810,1,89810,1
78540,89810,1,89810,1
78540,89810,1,89810,1
78540,89810,1,89810,1
78540,89810,1,89810,1
78540,89810,1,89810,1
78540,89810,1,89810,1
78540,89810,1,89810,1
78540,89810,1,89810,1
78540,89810,1,89810,1
78540,89810,1,89810,1
78540,89810,1,89810,1
78540,89810,1,89810,1
78540,89810,1,89810,1
78540,89810,1,89810,1
78540,89810,1,89810,1
78540,89810,1,89810,1
78540,89810,1,89810,1
78540,89810,1,89810,1
78540,89810,1,89810,1
78540,89810,1,89810,1
78540,89810,1,89810,1
78540,89810,1,89810,1
78540,89810,1,89810,1
78540,89810,1,89810,1
78540,89810,1,89810,1
78540,89810,1,89810,1
78540,89810,1,89810,1
78540,89810,1,89810,1
78540,89810,1,89810,1
78540,89810,1,89810,1
78540,89810,1,89810,1
78540,89810,1,89810,1
78540,89810,1,89810,1
78540,89810,1,89810,1
78540,89810,1,89810,1
78540,89810,1,174000,0
78540,174000,0,173966,1
78540,173966,1,174010,1
78540,174010,1,173977,1
78541,93172,1,93172,1
78541,93172,1,93172,1
78541,93172,1,93172,1
78541,93172,1,93172,1
78541,93172,1,93172,1
78541,93172,1,93172,1
78541,93172,1,93172,1
78541,93172,1,93172,1
78541,93172,1,93172,1
78541,93172,1,93172,1
78541,93172,1,93172,1
78541,93172,1,93172,1
78541,93172,1,93172,1
78541,93172,1,93172,1
78541,93172,1,93172,1
78541,93172,1,93172,1
78541,93172,1,93172,1
78541,93172,1,93172,1
78541,93172,1,93172,1
78541,93172,1,93172,1
78541,93172,1,93172,1
78541,93172,1,93172,1
78541,93172,1,93172,1
78541,93172,1,93172,1
78541,93172,1,93172,1
78541,93172,1,93172,1
78541,93172,1,93172,1
78541,93172,1,93172,1
78541,93172,1,93172,1
78541,93172,1,93172,1
78541,93172,1,93172,1
78541,93172,1,93172,1
78541,93172,1,93172,1
78541,93172,1,93172,1
78541,93172,1,93172,1
78541,93172,1,93172,1
78541,93172,1,93172,1
78541,93172,1,93172,1
78541,93172,1,93172,1
78541,93172,1,93172,1
78541,93172,1,93172,1
78541,93172,1,93172,1
78541,93172,1,93172,1
78541,93172,1,93172,1
78541,93172,1,93172,1
78541,93172,1,93150,1
78541,93150,1,93150,1
78541,93150,1,93150,1
78541,93150,1,93150,1
78541,93150,1,93150,1
78541,93150,1,93150,1
78541,93150,1,93150,1
78541,93150,1,93150,1
78541,93150,1,93150,1
78541,93150,1,93150,1
78541,93150,1,93150,1
78541,93150,1,93150,1
78541,93150,1,93150,1
78541,93150,1,93150,1
78541,93150,1,93150,1
78541,93150,1,93150,1
78541,93150,1,93150,1
78541,93150,1,93150,1
78541,93150,1,93150,1
78541,93150,1,93150,1
78541,93150,1,93150,1
78541,93150,1,93150,1
78541,93150,1,93150,1
78541,93150,1,93150,1
78541,93150,1,93150,1
78541,93150,1,93150,1
78541,93150,1,93150,1
78541,93150,1,93150,1
78541,93150,1,93150,1
78541,93150,1,93150,1
78541,93150,1,93150,1
78541,93150,1,93150,1
78541,93150,1,93150,1
78541,93150,1,93150,1
78541,93150,1,93150,1
78541,93150,1,93150,1
78541,93150,1,93150,1
78541,93150,1,93150,1
78541,93150,1,93150,1
78541,93150,1,93150,1
78541,93150,1,93150,1
78541,93150,1,93150,1
78541,93150,1,93150,1
78541,93150,1,93150,1
78541,93150,1,93150,1
78541,93150,1,93150,1
78541,93150,1,93206,1
78541,93206,1,93206,1
78541,93206,1,93206,1
78541,93206,1,93206,1
78541,93206,1,93206,1
78541,93206,1,93206,1
78541,93206,1,93206,1
78541,93206,1,93206,1
78541,93206,1,93206,1
78541,93206,1,93206,1
78541,93206,1,93206,1
78541,93206,1,93206,1
78541,93206,1,93206,1
78541,93206,1,93206,1
78541,93206,1,93206,1
78541,93206,1,93206,1
78541,93206,1,93206,1
78541,93206,1,93206,1
78541,93206,1,93206,1
78541,93206,1,93206,1
78541,93206,1,93206,1
78541,93206,1,93206,1
78541,93206,1,93206,1
78541,93206,1,93206,1
78541,93206,1,93206,1
78541,93206,1,93206,1
78541,93206,1,93206,1
78541,93206,1,93206,1
78541,93206,1,93206,1
78541,93206,1,93206,1
78541,93206,1,93206,1
78541,93206,1,93206,1
78541,93206,1,93206,1
78541,93206,1,93206,1
78541,93206,1,93206,1
78541,93206,1,93206,1
78541,93206,1,93206,1
78541,93206,1,93206,1
78541,93206,1,93206,1
78541,93206,1,93206,1
78541,93206,1,93206,1
78541,93206,1,93206,1
78541,93206,1,93206,1
78541,93206,1,85679,1
78541,85679,1,85679,1
78541,85679,1,85679,1
78541,85679,1,85679,1
78541,85679,1,85679,1
78541,85679,1,85679,1
78541,85679,1,85679,1
78541,85679,1,85679,1
78541,85679,1,85679,1
78541,85679,1,85679,1
78541,85679,1,85679,1
78541,85679,1,85679,1
78541,85679,1,85679,1
78541,85679,1,85679,1
78541,85679,1,85679,1
78541,85679,1,85679,1
78541,85679,1,85679,1
78541,85679,1,85679,1
78541,85679,1,85679,1
78541,85679,1,85679,1
78541,85679,1,85679,1
78541,85679,1,85679,1
78541,85679,1,85679,1
78541,85679,1,85679,1
78541,85679,1,85679,1
78541,85679,1,85679,1
78541,85679,1,85679,1
78541,85679,1,85679,1
78541,85679,1,85679,1
78541,85679,1,85679,1
78541,85679,1,85679,1
78541,85679,1,85679,1
78541,85679,1,85679,1
78541,85679,1,85679,1
78541,85679,1,85679,1
78541,85679,1,85679,1
78541,85679,1,85679,1
78541,85679,1,85679,1
78541,85679,1,85679,1
78541,85679,1,85679,1
78541,85679,1,85679,1
78541,85679,1,85679,1
78541,85679,1,85679,1
78541,85679,1,85679,1
78541,85679,1,85679,1
78541,85679,1,85679,1
78541,85679,1,84623,0
78541,84623,0,84623,0
78541,84623,0,84623,0
78541,84623,0,84623,0
78541,84623,0,84623,0
78541,84623,0,84623,0
78541,84623,0,84623,0
78541,84623,0,84623,0
78541,84623,0,84623,0
78541,84623,0,84623,0
78541,84623,0,84623,0
78541,84623,0,84623,0
78541,84623,0,84623,0
78541,84623,0,84623,0
78541,84623,0,84623,0
78541,84623,0,84623,0
78541,84623,0,84623,0
78541,84623,0,84623,0
78541,84623,0,84623,0
78541,84623,0,84623,0
78541,84623,0,84623,0
78541,84623,0,84623,0
78541,84623,0,84623,0
78541,84623,0,84623,0
78541,84623,0,84623,0
78541,84623,0,84623,0
78541,84623,0,84623,0
78541,84623,0,84623,0
78541,84623,0,84623,0
78541,84623,0,84623,0
78541,84623,0,84623,0
78541,84623,0,84623,0
78541,84623,0,84623,0
78541,84623,0,84623,0
78541,84623,0,84623,0
78541,84623,0,84623,0
78541,84623,0,84623,0
78541,84623,0,84623,0
78541,84623,0,84623,0
78541,84623,0,84623,0
78541,84623,0,84623,0
78541,84623,0,84623,0
78541,84623,0,84623,0
78541,84623,0,84623,0
78541,84623,0,84623,0
78541,84623,0,84623,0
78541,84623,0,85668,1
78541,85668,1,85668,1
78541,85668,1,85668,1
78541,85668,1,85668,1
78541,85668,1,85668,1
78541,85668,1,85668,1
78541,85668,1,85668,1
78541,85668,1,85668,1
78541,85668,1,85668,1
78541,85668,1,85668,1
78541,85668,1,85668,1
78541,85668,1,85668,1
78541,85668,1,85668,1
78541,85668,1,85668,1
78541,85668,1,85668,1
78541,85668,1,85668,1
78541,85668,1,85668,1
78541,85668,1,85668,1
78541,85668,1,85668,1
78541,85668,1,85668,1
78541,85668,1,85668,1
78541,85668,1,85668,1
78541,85668,1,85668,1
78541,85668,1,85668,1
78541,85668,1,85668,1
78541,85668,1,85668,1
78541,85668,1,85668,1
78541,85668,1,85668,1
78541,85668,1,85668,1
78541,85668,1,85668,1
78541,85668,1,85668,1
78541,85668,1,85668,1
78541,85668,1,85668,1
78541,85668,1,85668,1
78541,85668,1,85668,1
78541,85668,1,85668,1
78541,85668,1,85668,1
78541,85668,1,85668,1
78541,85668,1,85668,1
78541,85668,1,85668,1
78541,85668,1,85668,1
78541,85668,1,85668,1
78541,85668,1,85668,1
78541,85668,1,85668,1
78541,85668,1,85668,1
78541,85668,1,85668,1
78541,85668,1,85104,1
78541,85104,1,85104,1
78541,85104,1,85104,1
78541,85104,1,85104,1
78541,85104,1,85104,1
78541,85104,1,85104,1
78541,85104,1,85104,1
78541,85104,1,85104,1
78541,85104,1,85104,1
78541,85104,1,85104,1
78541,85104,1,85104,1
78541,85104,1,85104,1
78541,85104,1,85104,1
78541,85104,1,85104,1
78541,85104,1,85104,1
78541,85104,1,85104,1
78541,85104,1,85104,1
78541,85104,1,85104,1
78541,85104,1,85104,1
78541,85104,1,85104,1
78541,85104,1,85104,1
78541,85104,1,85104,1
78541,85104,1,85104,1
78541,85104,1,85104,1
78541,85104,1,85104,1
78541,85104,1,85104,1
78541,85104,1,85104,1
78541,85104,1,85104,1
78541,85104,1,85104,1
78541,85104,1,85104,1
78541,85104,1,85104,1
78541,85104,1,85104,1
78541,85104,1,85104,1
78541,85104,1,85104,1
78541,85104,1,85104,1
78541,85104,1,85104,1
78541,85104,1,85104,1
78541,85104,1,85104,1
78541,85104,1,85104,1
78541,85104,1,85104,1
78541,85104,1,85104,1
78541,85104,1,85104,1
78541,85104,1,85104,1
78541,85104,1,85104,1
78541,85104,1,85104,1
78541,85104,1,85104,1
78541,85104,1,85102,1
78541,85102,1,85102,1
78541,85102,1,85102,1
78541,85102,1,85102,1
78541,85102,1,85102,1
78541,85102,1,85102,1
78541,85102,1,85102,1
78541,85102,1,85102,1
78541,85102,1,85102,1
78541,85102,1,85102,1
78541,85102,1,85102,1
78541,85102,1,85102,1
78541,85102,1,85102,1
78541,85102,1,85102,1
78541,85102,1,85102,1
78541,85102,1,85102,1
78541,85102,1,85102,1
78541,85102,1,85102,1
78541,85102,1,85102,1
78541,85102,1,85102,1
78541,85102,1,85102,1
78541,85102,1,85102,1
78541,85102,1,85102,1
78541,85102,1,85102,1
78541,85102,1,85102,1
78541,85102,1,85102,1
78541,85102,1,85102,1
78541,85102,1,85102,1
78541,85102,1,85102,1
78541,85102,1,85102,1
78541,85102,1,85102,1
78541,85102,1,85102,1
78541,85102,1,85102,1
78541,85102,1,85102,1
78541,85102,1,85102,1
78541,85102,1,85102,1
78541,85102,1,85102,1
78541,85102,1,85102,1
78541,85102,1,85102,1
78541,85102,1,85102,1
78541,85102,1,85102,1
78541,85102,1,85102,1
78541,85102,1,85102,1
78541,85102,1,85102,1
78541,85102,1,85102,1
78541,85102,1,85102,1
78541,85102,1,86125,1
78541,86125,1,86125,1
78541,86125,1,86125,1
78541,86125,1,86125,1
78541,86125,1,86125,1
78541,86125,1,86125,1
78541,86125,1,86125,1
78541,86125,1,86125,1
78541,86125,1,86125,1
78541,86125,1,86125,1
78541,86125,1,86125,1
78541,86125,1,86125,1
78541,86125,1,86125,1
78541,86125,1,86125,1
78541,86125,1,86125,1
78541,86125,1,86125,1
78541,86125,1,86125,1
78541,86125,1,86125,1
78541,86125,1,86125,1
78541,86125,1,86125,1
78541,86125,1,86125,1
78541,86125,1,86125,1
78541,86125,1,86125,1
78541,86125,1,86125,1
78541,86125,1,86125,1
78541,86125,1,86125,1
78541,86125,1,86125,1
78541,86125,1,86125,1
78541,86125,1,86125,1
78541,86125,1,86125,1
78541,86125,1,86125,1
78541,86125,1,86125,1
78541,86125,1,86125,1
78541,86125,1,86125,1
78541,86125,1,86125,1
78541,86125,1,86125,1
78541,86125,1,86125,1
78541,86125,1,86125,1
78541,86125,1,86125,1
78541,86125,1,86125,1
78541,86125,1,86125,1
78541,86125,1,86125,1
78541,86125,1,86125,1
78541,86125,1,89299,1
78541,89299,1,89299,1
78541,89299,1,89299,1
78541,89299,1,89299,1
78541,89299,1,89299,1
78541,89299,1,89299,1
78541,89299,1,89299,1
78541,89299,1,89299,1
78541,89299,1,89299,1
78541,89299,1,89299,1
78541,89299,1,89299,1
78541,89299,1,89299,1
78541,89299,1,89299,1
78541,89299,1,89299,1
78541,89299,1,89299,1
78541,89299,1,89299,1
78541,89299,1,89299,1
78541,89299,1,89299,1
78541,89299,1,89299,1
78541,89299,1,89299,1
78541,89299,1,89299,1
78541,89299,1,89299,1
78541,89299,1,89299,1
78541,89299,1,89299,1
78541,89299,1,89299,1
78541,89299,1,89299,1
78541,89299,1,89299,1
78541,89299,1,89299,1
78541,89299,1,89299,1
78541,89299,1,89299,1
78541,89299,1,89299,1
78541,89299,1,89299,1
78541,89299,1,89299,1
78541,89299,1,89299,1
78541,89299,1,89299,1
78541,89299,1,89299,1
78541,89299,1,89299,1
78541,89299,1,89299,1
78541,89299,1,89299,1
78541,89299,1,89299,1
78541,89299,1,89299,1
78541,89299,1,89299,1
78541,89299,1,89299,1
78541,89299,1,89299,1
78541,89299,1,89299,1
78541,89299,1,89299,1
78541,89299,1,89299,1
78541,89299,1,89243,1
78541,89243,1,89243,1
78541,89243,1,89243,1
78541,89243,1,89243,1
78541,89243,1,89243,1
78541,89243,1,89243,1
78541,89243,1,89243,1
78541,89243,1,89243,1
78541,89243,1,89243,1
78541,89243,1,89243,1
78541,89243,1,89243,1
78541,89243,1,89243,1
78541,89243,1,89243,1
78541,89243,1,89243,1
78541,89243,1,89243,1
78541,89243,1,89243,1
78541,89243,1,89243,1
78541,89243,1,89243,1
78541,89243,1,89243,1
78541,89243,1,89243,1
78541,89243,1,89243,1
78541,89243,1,89243,1
78541,89243,1,89243,1
78541,89243,1,89243,1
78541,89243,1,89243,1
78541,89243,1,89243,1
78541,89243,1,89243,1
78541,89243,1,89243,1
78541,89243,1,89243,1
78541,89243,1,89243,1
78541,89243,1,89243,1
78541,89243,1,89243,1
78541,89243,1,89243,1
78541,89243,1,89243,1
78541,89243,1,89243,1
78541,89243,1,89243,1
78541,89243,1,89243,1
78541,89243,1,89243,1
78541,89243,1,89243,1
78541,89243,1,89243,1
78541,89243,1,89243,1
78541,89243,1,89243,1
78541,89243,1,89243,1
78541,89243,1,89243,1
78541,89243,1,89243,1
78541,89243,1,89243,1
78541,89243,1,89243,1
78541,89243,1,89243,1
78541,89243,1,89243,1
78541,89243,1,89243,1
78541,89243,1,89243,1
78541,89243,1,89243,1
78541,89243,1,89243,1
78541,89243,1,89243,1
78541,89243,1,89243,1
78541,89243,1,89243,1
78541,89243,1,89243,1
78541,89243,1,89243,1
78541,89243,1,89243,1
78541,89243,1,89243,1
78541,89243,1,89243,1
78541,89243,1,89243,1
78541,89243,1,89243,1
78541,89243,1,89243,1
78541,89243,1,89243,1
78541,89243,1,89243,1
78541,89243,1,89243,1
78541,89243,1,89243,1
78541,89243,1,89243,1
78541,89243,1,89243,1
78541,89243,1,89243,1
78541,89243,1,89243,1
78541,89243,1,89243,1
78541,89243,1,89243,1
78541,89243,1,89243,1
78541,89243,1,89243,1
78541,89243,1,89243,1
78541,89243,1,89243,1
78541,89243,1,89243,1
78541,89243,1,89243,1
78541,89243,1,89243,1
78541,89243,1,89243,1
78541,89243,1,89243,1
78541,89243,1,89243,1
78541,89243,1,89243,1
78541,89243,1,89243,1
78541,89243,1,89243,1
78541,89243,1,89243,1
78541,89243,1,89243,1
78541,89243,1,89243,1
78541,89243,1,89243,1
78541,89243,1,89243,1
78541,89243,1,89243,1
78541,89243,1,89243,1
78541,89243,1,89243,1
78541,89243,1,89243,1
78541,89243,1,89243,1
78541,89243,1,91353,1
78541,91353,1,91353,1
78541,91353,1,91353,1
78541,91353,1,91353,1
78541,91353,1,91353,1
78541,91353,1,91353,1
78541,91353,1,91353,1
78541,91353,1,91353,1
78541,91353,1,91353,1
78541,91353,1,91353,1
78541,91353,1,91353,1
78541,91353,1,91353,1
78541,91353,1,91353,1
78541,91353,1,91353,1
78541,91353,1,91353,1
78541,91353,1,91353,1
78541,91353,1,91353,1
78541,91353,1,91353,1
78541,91353,1,91353,1
78541,91353,1,91353,1
78541,91353,1,91353,1
78541,91353,1,91353,1
78541,91353,1,91353,1
78541,91353,1,91353,1
78541,91353,1,91353,1
78541,91353,1,91353,1
78541,91353,1,91353,1
78541,91353,1,91353,1
78541,91353,1,91353,1
78541,91353,1,91353,1
78541,91353,1,91353,1
78541,91353,1,91353,1
78541,91353,1,91353,1
78541,91353,1,91353,1
78541,91353,1,91353,1
78541,91353,1,91353,1
78541,91353,1,91353,1
78541,91353,1,91353,1
78541,91353,1,91353,1
78541,91353,1,91353,1
78541,91353,1,91353,1
78541,91353,1,91353,1
78541,91353,1,91353,1
78541,91353,1,91353,1
78541,91353,1,91353,1
78541,91353,1,91353,1
78541,91353,1,91353,1
78541,91353,1,91353,1
78541,91353,1,91353,1
78541,91353,1,91353,1
78541,91353,1,91353,1
78541,91353,1,91353,1
78541,91353,1,91353,1
78541,91353,1,91353,1
78541,91353,1,91353,1
78541,91353,1,91353,1
78541,91353,1,91353,1
78541,91353,1,91353,1
78541,91353,1,91353,1
78541,91353,1,91353,1
78541,91353,1,91353,1
78541,91353,1,91353,1
78541,91353,1,91353,1
78541,91353,1,91353,1
78541,91353,1,91353,1
78541,91353,1,91353,1
78541,91353,1,91353,1
78541,91353,1,91353,1
78541,91353,1,91353,1
78541,91353,1,91353,1
78541,91353,1,91353,1
78541,91353,1,91353,1
78541,91353,1,91353,1
78541,91353,1,91353,1
78541,91353,1,91353,1
78541,91353,1,91353,1
78541,91353,1,91353,1
78541,91353,1,91353,1
78541,91353,1,91353,1
78541,91353,1,91353,1
78541,91353,1,91353,1
78541,91353,1,91353,1
78541,91353,1,91353,1
78541,91353,1,91353,1
78541,91353,1,91353,1
78541,91353,1,91353,1
78541,91353,1,91353,1
78541,91353,1,91353,1
78541,91353,1,91353,1
78541,91353,1,91353,1
78541,91353,1,91353,1
78541,91353,1,91353,1
78541,91353,1,91353,1
78541,91353,1,91353,1
78541,91353,1,91353,1
78541,91353,1,91353,1
78541,91353,1,91353,1
78541,91353,1,91401,0
78541,91401,0,91401,0
78541,91401,0,91401,0
78541,91401,0,91401,0
78541,91401,0,91401,0
78541,91401,0,91401,0
78541,91401,0,91401,0
78541,91401,0,91401,0
78541,91401,0,91401,0
78541,91401,0,91401,0
78541,91401,0,91401,0
78541,91401,0,91401,0
78541,91401,0,91401,0
78541,91401,0,91401,0
78541,91401,0,91401,0
78541,91401,0,91401,0
78541,91401,0,91401,0
78541,91401,0,91401,0
78541,91401,0,91401,0
78541,91401,0,91401,0
78541,91401,0,91401,0
78541,91401,0,91401,0
78541,91401,0,91401,0
78541,91401,0,91401,0
78541,91401,0,91401,0
78541,91401,0,91401,0
78541,91401,0,91401,0
78541,91401,0,91401,0
78541,91401,0,91401,0
78541,91401,0,91401,0
78541,91401,0,91401,0
78541,91401,0,91401,0
78541,91401,0,91401,0
78541,91401,0,91401,0
78541,91401,0,91401,0
78541,91401,0,91401,0
78541,91401,0,91401,0
78541,91401,0,91401,0
78541,91401,0,91401,0
78541,91401,0,91401,0
78541,91401,0,91401,0
78541,91401,0,91401,0
78541,91401,0,91401,0
78541,91401,0,91401,0
78541,91401,0,91401,0
78541,91401,0,91401,0
78541,91401,0,91401,0
78541,91401,0,91401,0
78541,91401,0,91401,0
78541,91401,0,91401,0
78541,91401,0,91401,0
78541,91401,0,91401,0
78541,91401,0,91401,0
78541,91401,0,91401,0
78541,91401,0,91401,0
78541,91401,0,91401,0
78541,91401,0,91401,0
78541,91401,0,91401,0
78541,91401,0,91401,0
78541,91401,0,91401,0
78541,91401,0,91401,0
78541,91401,0,91401,0
78541,91401,0,91401,0
78541,91401,0,91401,0
78541,91401,0,91401,0
78541,91401,0,91401,0
78541,91401,0,91401,0
78541,91401,0,91401,0
78541,91401,0,91401,0
78541,91401,0,91401,0
78541,91401,0,91401,0
78541,91401,0,91401,0
78541,91401,0,91401,0
78541,91401,0,91401,0
78541,91401,0,91401,0
78541,91401,0,91401,0
78541,91401,0,91401,0
78541,91401,0,91401,0
78541,91401,0,91401,0
78541,91401,0,91401,0
78541,91401,0,91401,0
78541,91401,0,91401,0
78541,91401,0,91401,0
78541,91401,0,91401,0
78541,91401,0,91401,0
78541,91401,0,91401,0
78541,91401,0,91401,0
78541,91401,0,91401,0
78541,91401,0,91401,0
78541,91401,0,91401,0
78541,91401,0,91401,0
78541,91401,0,91401,0
78541,91401,0,91401,0
78541,91401,0,91401,0
78541,91401,0,91401,0
78541,91401,0,91401,0
78541,91401,0,91401,0
78541,91401,0,89282,1
78541,89282,1,89282,1
78541,89282,1,89282,1
78541,89282,1,89282,1
78541,89282,1,89282,1
78541,89282,1,89282,1
78541,89282,1,89282,1
78541,89282,1,89282,1
78541,89282,1,89282,1
78541,89282,1,89282,1
78541,89282,1,89282,1
78541,89282,1,89282,1
78541,89282,1,89282,1
78541,89282,1,89282,1
78541,89282,1,89282,1
78541,89282,1,89282,1
78541,89282,1,89282,1
78541,89282,1,89282,1
78541,89282,1,89282,1
78541,89282,1,89282,1
78541,89282,1,89282,1
78541,89282,1,89282,1
78541,89282,1,89282,1
78541,89282,1,89282,1
78541,89282,1,89282,1
78541,89282,1,89282,1
78541,89282,1,89282,1
78541,89282,1,89282,1
78541,89282,1,89282,1
78541,89282,1,89282,1
78541,89282,1,89282,1
78541,89282,1,89282,1
78541,89282,1,89282,1
78541,89282,1,89282,1
78541,89282,1,89282,1
78541,89282,1,89282,1
78541,89282,1,89282,1
78541,89282,1,89282,1
78541,89282,1,89282,1
78541,89282,1,89282,1
78541,89282,1,89282,1
78541,89282,1,89282,1
78541,89282,1,89282,1
78541,89282,1,89282,1
78541,89282,1,89282,1
78541,89282,1,89282,1
78541,89282,1,89282,1
78541,89282,1,89282,1
78541,89282,1,89282,1
78541,89282,1,89282,1
78541,89282,1,89282,1
78541,89282,1,89282,1
78541,89282,1,89282,1
78541,89282,1,89282,1
78541,89282,1,89282,1
78541,89282,1,89282,1
78541,89282,1,89282,1
78541,89282,1,89282,1
78541,89282,1,89282,1
78541,89282,1,89282,1
78541,89282,1,89282,1
78541,89282,1,89282,1
78541,89282,1,89282,1
78541,89282,1,89282,1
78541,89282,1,89282,1
78541,89282,1,89282,1
78541,89282,1,89282,1
78541,89282,1,89282,1
78541,89282,1,89282,1
78541,89282,1,89282,1
78541,89282,1,89282,1
78541,89282,1,89282,1
78541,89282,1,89282,1
78541,89282,1,89282,1
78541,89282,1,89282,1
78541,89282,1,89282,1
78541,89282,1,89282,1
78541,89282,1,89282,1
78541,89282,1,89282,1
78541,89282,1,89282,1
78541,89282,1,89282,1
78541,89282,1,89282,1
78541,89282,1,89282,1
78541,89282,1,89282,1
78541,89282,1,89282,1
78541,89282,1,89282,1
78541,89282,1,89282,1
78541,89282,1,89282,1
78541,89282,1,89282,1
78541,89282,1,89282,1
78541,89282,1,89282,1
78541,89282,1,89282,1
78541,89282,1,89282,1
78541,89282,1,89282,1
78541,89282,1,89282,1
78541,89282,1,89282,1
78541,89282,1,89282,1
78541,89282,1,89284,1
78541,89284,1,89284,1
78541,89284,1,89284,1
78541,89284,1,89284,1
78541,89284,1,89284,1
78541,89284,1,89284,1
78541,89284,1,89284,1
78541,89284,1,89284,1
78541,89284,1,89284,1
78541,89284,1,89284,1
78541,89284,1,89284,1
78541,89284,1,89284,1
78541,89284,1,89284,1
78541,89284,1,89284,1
78541,89284,1,89284,1
78541,89284,1,89284,1
78541,89284,1,89284,1
78541,89284,1,89284,1
78541,89284,1,89284,1
78541,89284,1,89284,1
78541,89284,1,89284,1
78541,89284,1,89284,1
78541,89284,1,89284,1
78541,89284,1,89284,1
78541,89284,1,89284,1
78541,89284,1,89284,1
78541,89284,1,89284,1
78541,89284,1,89284,1
78541,89284,1,89284,1
78541,89284,1,89284,1
78541,89284,1,89284,1
78541,89284,1,89284,1
78541,89284,1,89284,1
78541,89284,1,89284,1
78541,89284,1,89284,1
78541,89284,1,89284,1
78541,89284,1,89284,1
78541,89284,1,89284,1
78541,89284,1,89284,1
78541,89284,1,89284,1
78541,89284,1,89284,1
78541,89284,1,89284,1
78541,89284,1,89284,1
78541,89284,1,89284,1
78541,89284,1,89284,1
78541,89284,1,89284,1
78541,89284,1,89284,1
78541,89284,1,89784,1
78541,89784,1,89784,1
78541,89784,1,89784,1
78541,89784,1,89784,1
78541,89784,1,89784,1
78541,89784,1,89784,1
78541,89784,1,89784,1
78541,89784,1,89784,1
78541,89784,1,89784,1
78541,89784,1,89784,1
78541,89784,1,89784,1
78541,89784,1,89784,1
78541,89784,1,89784,1
78541,89784,1,89784,1
78541,89784,1,89784,1
78541,89784,1,89784,1
78541,89784,1,89784,1
78541,89784,1,89784,1
78541,89784,1,89784,1
78541,89784,1,89784,1
78541,89784,1,89784,1
78541,89784,1,89784,1
78541,89784,1,89784,1
78541,89784,1,89784,1
78541,89784,1,89784,1
78541,89784,1,89784,1
78541,89784,1,89784,1
78541,89784,1,89784,1
78541,89784,1,89784,1
78541,89784,1,89784,1
78541,89784,1,89784,1
78541,89784,1,89784,1
78541,89784,1,89784,1
78541,89784,1,89784,1
78541,89784,1,89784,1
78541,89784,1,89784,1
78541,89784,1,89784,1
78541,89784,1,89784,1
78541,89784,1,89784,1
78541,89784,1,89784,1
78541,89784,1,89784,1
78541,89784,1,89784,1
78541,89784,1,89784,1
78541,89784,1,89784,1
78541,89784,1,89784,1
78541,89784,1,89784,1
78541,89784,1,89784,1
78541,89784,1,89784,1
78541,89784,1,89784,1
78541,89784,1,89784,1
78541,89784,1,89784,1
78541,89784,1,89784,1
78541,89784,1,89784,1
78541,89784,1,89784,1
78541,89784,1,89784,1
78541,89784,1,89784,1
78541,89784,1,89784,1
78541,89784,1,89784,1
78541,89784,1,89784,1
78541,89784,1,89784,1
78541,89784,1,89784,1
78541,89784,1,89784,1
78541,89784,1,89784,1
78541,89784,1,89784,1
78541,89784,1,89784,1
78541,89784,1,89784,1
78541,89784,1,89784,1
78541,89784,1,89784,1
78541,89784,1,89784,1
78541,89784,1,89784,1
78541,89784,1,89784,1
78541,89784,1,89784,1
78541,89784,1,89784,1
78541,89784,1,89784,1
78541,89784,1,89784,1
78541,89784,1,89784,1
78541,89784,1,89784,1
78541,89784,1,89784,1
78541,89784,1,89784,1
78541,89784,1,89784,1
78541,89784,1,89784,1
78541,89784,1,89784,1
78541,89784,1,89784,1
78541,89784,1,89784,1
78541,89784,1,89784,1
78541,89784,1,89784,1
78541,89784,1,89784,1
78541,89784,1,89784,1
78541,89784,1,89784,1
78541,89784,1,89784,1
78541,89784,1,89784,1
78541,89784,1,89784,1
78541,89784,1,89784,1
78541,89784,1,89781,1
78541,89781,1,89781,1
78541,89781,1,89781,1
78541,89781,1,89781,1
78541,89781,1,89781,1
78541,89781,1,89781,1
78541,89781,1,89781,1
78541,89781,1,89781,1
78541,89781,1,89781,1
78541,89781,1,89781,1
78541,89781,1,89781,1
78541,89781,1,89781,1
78541,89781,1,89781,1
78541,89781,1,89781,1
78541,89781,1,89781,1
78541,89781,1,89781,1
78541,89781,1,89781,1
78541,89781,1,89781,1
78541,89781,1,89781,1
78541,89781,1,89781,1
78541,89781,1,89781,1
78541,89781,1,89781,1
78541,89781,1,89781,1
78541,89781,1,89781,1
78541,89781,1,89781,1
78541,89781,1,89781,1
78541,89781,1,89781,1
78541,89781,1,89781,1
78541,89781,1,89781,1
78541,89781,1,89781,1
78541,89781,1,89781,1
78541,89781,1,89781,1
78541,89781,1,89781,1
78541,89781,1,89781,1
78541,89781,1,89781,1
78541,89781,1,89781,1
78541,89781,1,89781,1
78541,89781,1,89781,1
78541,89781,1,89781,1
78541,89781,1,89781,1
78541,89781,1,89781,1
78541,89781,1,89781,1
78541,89781,1,89781,1
78541,89781,1,89781,1
78541,89781,1,89781,1
78541,89781,1,89781,1
78541,89781,1,89845,1
78541,89845,1,89845,1
78541,89845,1,89845,1
78541,89845,1,89845,1
78541,89845,1,89845,1
78541,89845,1,89845,1
78541,89845,1,89845,1
78541,89845,1,89845,1
78541,89845,1,89845,1
78541,89845,1,89845,1
78541,89845,1,89845,1
78541,89845,1,89845,1
78541,89845,1,89845,1
78541,89845,1,89845,1
78541,89845,1,89845,1
78541,89845,1,89845,1
78541,89845,1,89845,1
78541,89845,1,89845,1
78541,89845,1,89845,1
78541,89845,1,89845,1
78541,89845,1,89845,1
78541,89845,1,89845,1
78541,89845,1,89845,1
78541,89845,1,89845,1
78541,89845,1,89845,1
78541,89845,1,89845,1
78541,89845,1,89845,1
78541,89845,1,89845,1
78541,89845,1,89845,1
78541,89845,1,89845,1
78541,89845,1,89845,1
78541,89845,1,89845,1
78541,89845,1,89845,1
78541,89845,1,89845,1
78541,89845,1,89845,1
78541,89845,1,89845,1
78541,89845,1,89845,1
78541,89845,1,89845,1
78541,89845,1,89845,1
78541,89845,1,89845,1
78541,89845,1,89845,1
78541,89845,1,89845,1
78541,89845,1,89845,1
78541,89845,1,89845,1
78541,89845,1,89845,1
78541,89845,1,89845,1
78541,89845,1,89845,1
78541,89845,1,89845,1
78541,89845,1,89845,1
78541,89845,1,89845,1
78541,89845,1,89845,1
78541,89845,1,89845,1
78541,89845,1,89845,1
78541,89845,1,89845,1
78541,89845,1,89845,1
78541,89845,1,89845,1
78541,89845,1,89845,1
78541,89845,1,89845,1
78541,89845,1,89845,1
78541,89845,1,89845,1
78541,89845,1,89845,1
78541,89845,1,89845,1
78541,89845,1,89845,1
78541,89845,1,89845,1
78541,89845,1,89845,1
78541,89845,1,89845,1
78541,89845,1,89845,1
78541,89845,1,89845,1
78541,89845,1,89845,1
78541,89845,1,89845,1
78541,89845,1,89845,1
78541,89845,1,89845,1
78541,89845,1,89845,1
78541,89845,1,89845,1
78541,89845,1,89845,1
78541,89845,1,89845,1
78541,89845,1,89845,1
78541,89845,1,89845,1
78541,89845,1,89845,1
78541,89845,1,89845,1
78541,89845,1,89845,1
78541,89845,1,89845,1
78541,89845,1,89845,1
78541,89845,1,89845,1
78541,89845,1,89845,1
78541,89845,1,89845,1
78541,89845,1,89845,1
78541,89845,1,89845,1
78541,89845,1,89845,1
78541,89845,1,89845,1
78541,89845,1,89845,1
78541,89845,1,89845,1
78541,89845,1,89845,1
78541,89845,1,89806,1
78541,89806,1,89806,1
78541,89806,1,89806,1
78541,89806,1,89806,1
78541,89806,1,89806,1
78541,89806,1,89806,1
78541,89806,1,89806,1
78541,89806,1,89806,1
78541,89806,1,89806,1
78541,89806,1,89806,1
78541,89806,1,89806,1
78541,89806,1,89806,1
78541,89806,1,89806,1
78541,89806,1,89806,1
78541,89806,1,89806,1
78541,89806,1,89806,1
78541,89806,1,89806,1
78541,89806,1,89806,1
78541,89806,1,89806,1
78541,89806,1,89806,1
78541,89806,1,89806,1
78541,89806,1,89806,1
78541,89806,1,89806,1
78541,89806,1,89806,1
78541,89806,1,89806,1
78541,89806,1,89806,1
78541,89806,1,89806,1
78541,89806,1,89806,1
78541,89806,1,89806,1
78541,89806,1,89806,1
78541,89806,1,89806,1
78541,89806,1,89806,1
78541,89806,1,89806,1
78541,89806,1,89806,1
78541,89806,1,89806,1
78541,89806,1,89806,1
78541,89806,1,89806,1
78541,89806,1,89806,1
78541,89806,1,89806,1
78541,89806,1,89806,1
78541,89806,1,89806,1
78541,89806,1,89806,1
78541,89806,1,89806,1
78541,89806,1,89806,1
78541,89806,1,173889,0
78541,173889,0,173893,0
78541,173893,0,173918,1
78541,173918,1,173884,1
78541,173884,1,173914,1
78541,173914,1,173966,0
78541,173966,0,173953,0
78541,173953,0,173976,1
78541,173976,1,173983,1
78541,173983,1,173998,1
78542,93149,0,93149,0
78542,93149,0,93149,0
78542,93149,0,93149,0
78542,93149,0,93149,0
78542,93149,0,93149,0
78542,93149,0,93149,0
78542,93149,0,93149,0
78542,93149,0,93149,0
78542,93149,0,93149,0
78542,93149,0,93149,0
78542,93149,0,93149,0
78542,93149,0,93149,0
78542,93149,0,93149,0
78542,93149,0,93149,0
78542,93149,0,93149,0
78542,93149,0,93149,0
78542,93149,0,93149,0
78542,93149,0,93149,0
78542,93149,0,93149,0
78542,93149,0,93149,0
78542,93149,0,93149,0
78542,93149,0,93149,0
78542,93149,0,93149,0
78542,93149,0,93149,0
78542,93149,0,93149,0
78542,93149,0,93149,0
78542,93149,0,93149,0
78542,93149,0,93149,0
78542,93149,0,93149,0
78542,93149,0,93149,0
78542,93149,0,93149,0
78542,93149,0,93149,0
78542,93149,0,93149,0
78542,93149,0,93149,0
78542,93149,0,93149,0
78542,93149,0,93149,0
78542,93149,0,93149,0
78542,93149,0,93149,0
78542,93149,0,93149,0
78542,93149,0,93149,0
78542,93149,0,93149,0
78542,93149,0,93149,0
78542,93149,0,93149,0
78542,93149,0,93149,0
78542,93149,0,93149,0
78542,93149,0,93220,0
78542,93220,0,93220,0
78542,93220,0,93220,0
78542,93220,0,93220,0
78542,93220,0,93220,0
78542,93220,0,93220,0
78542,93220,0,93220,0
78542,93220,0,93220,0
78542,93220,0,93220,0
78542,93220,0,93220,0
78542,93220,0,93220,0
78542,93220,0,93220,0
78542,93220,0,93220,0
78542,93220,0,93220,0
78542,93220,0,93220,0
78542,93220,0,93220,0
78542,93220,0,93220,0
78542,93220,0,93220,0
78542,93220,0,93220,0
78542,93220,0,93220,0
78542,93220,0,93220,0
78542,93220,0,93220,0
78542,93220,0,93220,0
78542,93220,0,93220,0
78542,93220,0,93220,0
78542,93220,0,93220,0
78542,93220,0,93220,0
78542,93220,0,93220,0
78542,93220,0,93220,0
78542,93220,0,93220,0
78542,93220,0,93220,0
78542,93220,0,93220,0
78542,93220,0,93220,0
78542,93220,0,93220,0
78542,93220,0,93220,0
78542,93220,0,93220,0
78542,93220,0,93220,0
78542,93220,0,93220,0
78542,93220,0,93220,0
78542,93220,0,93220,0
78542,93220,0,93220,0
78542,93220,0,93220,0
78542,93220,0,93220,0
78542,93220,0,93220,0
78542,93220,0,93220,0
78542,93220,0,93220,0
78542,93220,0,93196,1
78542,93196,1,93196,1
78542,93196,1,93196,1
78542,93196,1,93196,1
78542,93196,1,93196,1
78542,93196,1,93196,1
78542,93196,1,93196,1
78542,93196,1,93196,1
78542,93196,1,93196,1
78542,93196,1,93196,1
78542,93196,1,93196,1
78542,93196,1,93196,1
78542,93196,1,93196,1
78542,93196,1,93196,1
78542,93196,1,93196,1
78542,93196,1,93196,1
78542,93196,1,93196,1
78542,93196,1,93196,1
78542,93196,1,93196,1
78542,93196,1,93196,1
78542,93196,1,93196,1
78542,93196,1,93196,1
78542,93196,1,93196,1
78542,93196,1,93196,1
78542,93196,1,93196,1
78542,93196,1,93196,1
78542,93196,1,93196,1
78542,93196,1,93196,1
78542,93196,1,93196,1
78542,93196,1,93196,1
78542,93196,1,93196,1
78542,93196,1,93196,1
78542,93196,1,93196,1
78542,93196,1,93196,1
78542,93196,1,93196,1
78542,93196,1,93196,1
78542,93196,1,93196,1
78542,93196,1,93196,1
78542,93196,1,93196,1
78542,93196,1,93196,1
78542,93196,1,93196,1
78542,93196,1,93196,1
78542,93196,1,93196,1
78542,93196,1,93196,1
78542,93196,1,93196,1
78542,93196,1,93196,1
78542,93196,1,93167,0
78542,93167,0,93167,0
78542,93167,0,93167,0
78542,93167,0,93167,0
78542,93167,0,93167,0
78542,93167,0,93167,0
78542,93167,0,93167,0
78542,93167,0,93167,0
78542,93167,0,93167,0
78542,93167,0,93167,0
78542,93167,0,93167,0
78542,93167,0,93167,0
78542,93167,0,93167,0
78542,93167,0,93167,0
78542,93167,0,93167,0
78542,93167,0,93167,0
78542,93167,0,93167,0
78542,93167,0,93167,0
78542,93167,0,93167,0
78542,93167,0,93167,0
78542,93167,0,93167,0
78542,93167,0,93167,0
78542,93167,0,93167,0
78542,93167,0,93167,0
78542,93167,0,93167,0
78542,93167,0,93167,0
78542,93167,0,93167,0
78542,93167,0,93167,0
78542,93167,0,93167,0
78542,93167,0,93167,0
78542,93167,0,93167,0
78542,93167,0,93167,0
78542,93167,0,93167,0
78542,93167,0,93167,0
78542,93167,0,93167,0
78542,93167,0,93167,0
78542,93167,0,93167,0
78542,93167,0,93167,0
78542,93167,0,93167,0
78542,93167,0,93167,0
78542,93167,0,93167,0
78542,93167,0,93167,0
78542,93167,0,93167,0
78542,93167,0,93167,0
78542,93167,0,93167,0
78542,93167,0,93167,0
78542,93167,0,93201,1
78542,93201,1,93201,1
78542,93201,1,93201,1
78542,93201,1,93201,1
78542,93201,1,93201,1
78542,93201,1,93201,1
78542,93201,1,93201,1
78542,93201,1,93201,1
78542,93201,1,93201,1
78542,93201,1,93201,1
78542,93201,1,93201,1
78542,93201,1,93201,1
78542,93201,1,93201,1
78542,93201,1,93201,1
78542,93201,1,93201,1
78542,93201,1,93201,1
78542,93201,1,93201,1
78542,93201,1,93201,1
78542,93201,1,93201,1
78542,93201,1,93201,1
78542,93201,1,93201,1
78542,93201,1,93201,1
78542,93201,1,93201,1
78542,93201,1,93201,1
78542,93201,1,93201,1
78542,93201,1,93201,1
78542,93201,1,93201,1
78542,93201,1,93201,1
78542,93201,1,93201,1
78542,93201,1,93201,1
78542,93201,1,93201,1
78542,93201,1,93201,1
78542,93201,1,93201,1
78542,93201,1,93201,1
78542,93201,1,93201,1
78542,93201,1,93201,1
78542,93201,1,93201,1
78542,93201,1,93201,1
78542,93201,1,93201,1
78542,93201,1,93201,1
78542,93201,1,93201,1
78542,93201,1,93201,1
78542,93201,1,93201,1
78542,93201,1,93201,1
78542,93201,1,93201,1
78542,93201,1,93201,1
78542,93201,1,93172,1
78542,93172,1,93172,1
78542,93172,1,93172,1
78542,93172,1,93172,1
78542,93172,1,93172,1
78542,93172,1,93172,1
78542,93172,1,93172,1
78542,93172,1,93172,1
78542,93172,1,93172,1
78542,93172,1,93172,1
78542,93172,1,93172,1
78542,93172,1,93172,1
78542,93172,1,93172,1
78542,93172,1,93172,1
78542,93172,1,93172,1
78542,93172,1,93172,1
78542,93172,1,93172,1
78542,93172,1,93172,1
78542,93172,1,93172,1
78542,93172,1,93172,1
78542,93172,1,93172,1
78542,93172,1,93172,1
78542,93172,1,93172,1
78542,93172,1,93172,1
78542,93172,1,93172,1
78542,93172,1,93172,1
78542,93172,1,93172,1
78542,93172,1,93172,1
78542,93172,1,93172,1
78542,93172,1,93172,1
78542,93172,1,93172,1
78542,93172,1,93172,1
78542,93172,1,93172,1
78542,93172,1,93172,1
78542,93172,1,93172,1
78542,93172,1,93172,1
78542,93172,1,93172,1
78542,93172,1,93172,1
78542,93172,1,93172,1
78542,93172,1,93172,1
78542,93172,1,93172,1
78542,93172,1,93172,1
78542,93172,1,93172,1
78542,93172,1,93172,1
78542,93172,1,93172,1
78542,93172,1,93172,1
78542,93172,1,93156,1
78542,93156,1,93156,1
78542,93156,1,93156,1
78542,93156,1,93156,1
78542,93156,1,93156,1
78542,93156,1,93156,1
78542,93156,1,93156,1
78542,93156,1,93156,1
78542,93156,1,93156,1
78542,93156,1,93156,1
78542,93156,1,93156,1
78542,93156,1,93156,1
78542,93156,1,93156,1
78542,93156,1,93156,1
78542,93156,1,93156,1
78542,93156,1,93156,1
78542,93156,1,93156,1
78542,93156,1,93156,1
78542,93156,1,93156,1
78542,93156,1,93156,1
78542,93156,1,93156,1
78542,93156,1,93156,1
78542,93156,1,93156,1
78542,93156,1,93156,1
78542,93156,1,93156,1
78542,93156,1,93156,1
78542,93156,1,93156,1
78542,93156,1,93156,1
78542,93156,1,93156,1
78542,93156,1,93156,1
78542,93156,1,93156,1
78542,93156,1,93156,1
78542,93156,1,93156,1
78542,93156,1,93156,1
78542,93156,1,93156,1
78542,93156,1,93156,1
78542,93156,1,93156,1
78542,93156,1,93156,1
78542,93156,1,93156,1
78542,93156,1,93156,1
78542,93156,1,93156,1
78542,93156,1,93156,1
78542,93156,1,93156,1
78542,93156,1,93156,1
78542,93156,1,93156,1
78542,93156,1,93156,1
78542,93156,1,93182,1
78542,93182,1,93182,1
78542,93182,1,93182,1
78542,93182,1,93182,1
78542,93182,1,93182,1
78542,93182,1,93182,1
78542,93182,1,93182,1
78542,93182,1,93182,1
78542,93182,1,93182,1
78542,93182,1,93182,1
78542,93182,1,93182,1
78542,93182,1,93182,1
78542,93182,1,93182,1
78542,93182,1,93182,1
78542,93182,1,93182,1
78542,93182,1,93182,1
78542,93182,1,93182,1
78542,93182,1,93182,1
78542,93182,1,93182,1
78542,93182,1,93182,1
78542,93182,1,93182,1
78542,93182,1,93182,1
78542,93182,1,93182,1
78542,93182,1,93182,1
78542,93182,1,93182,1
78542,93182,1,93182,1
78542,93182,1,93182,1
78542,93182,1,93182,1
78542,93182,1,93182,1
78542,93182,1,93182,1
78542,93182,1,93182,1
78542,93182,1,93182,1
78542,93182,1,93182,1
78542,93182,1,93182,1
78542,93182,1,93182,1
78542,93182,1,93182,1
78542,93182,1,93182,1
78542,93182,1,93182,1
78542,93182,1,93182,1
78542,93182,1,93182,1
78542,93182,1,93182,1
78542,93182,1,93182,1
78542,93182,1,93182,1
78542,93182,1,85658,1
78542,85658,1,85658,1
78542,85658,1,85658,1
78542,85658,1,85658,1
78542,85658,1,85658,1
78542,85658,1,85658,1
78542,85658,1,85658,1
78542,85658,1,85658,1
78542,85658,1,85658,1
78542,85658,1,85658,1
78542,85658,1,85658,1
78542,85658,1,85658,1
78542,85658,1,85658,1
78542,85658,1,85658,1
78542,85658,1,85658,1
78542,85658,1,85658,1
78542,85658,1,85658,1
78542,85658,1,85658,1
78542,85658,1,85658,1
78542,85658,1,85658,1
78542,85658,1,85658,1
78542,85658,1,85658,1
78542,85658,1,85658,1
78542,85658,1,85658,1
78542,85658,1,85658,1
78542,85658,1,85658,1
78542,85658,1,85658,1
78542,85658,1,85658,1
78542,85658,1,85658,1
78542,85658,1,85658,1
78542,85658,1,85658,1
78542,85658,1,85658,1
78542,85658,1,85658,1
78542,85658,1,85658,1
78542,85658,1,85658,1
78542,85658,1,85658,1
78542,85658,1,85658,1
78542,85658,1,85658,1
78542,85658,1,85658,1
78542,85658,1,85658,1
78542,85658,1,85658,1
78542,85658,1,85658,1
78542,85658,1,85658,1
78542,85658,1,85658,1
78542,85658,1,85658,1
78542,85658,1,85658,1
78542,85658,1,86122,1
78542,86122,1,86122,1
78542,86122,1,86122,1
78542,86122,1,86122,1
78542,86122,1,86122,1
78542,86122,1,86122,1
78542,86122,1,86122,1
78542,86122,1,86122,1
78542,86122,1,86122,1
78542,86122,1,86122,1
78542,86122,1,86122,1
78542,86122,1,86122,1
78542,86122,1,86122,1
78542,86122,1,86122,1
78542,86122,1,86122,1
78542,86122,1,86122,1
78542,86122,1,86122,1
78542,86122,1,86122,1
78542,86122,1,86122,1
78542,86122,1,86122,1
78542,86122,1,86122,1
78542,86122,1,86122,1
78542,86122,1,86122,1
78542,86122,1,86122,1
78542,86122,1,86122,1
78542,86122,1,86122,1
78542,86122,1,86122,1
78542,86122,1,86122,1
78542,86122,1,86122,1
78542,86122,1,86122,1
78542,86122,1,86122,1
78542,86122,1,86122,1
78542,86122,1,86122,1
78542,86122,1,86122,1
78542,86122,1,86122,1
78542,86122,1,86122,1
78542,86122,1,86122,1
78542,86122,1,86122,1
78542,86122,1,86122,1
78542,86122,1,86122,1
78542,86122,1,86122,1
78542,86122,1,86122,1
78542,86122,1,86122,1
78542,86122,1,86122,1
78542,86122,1,86122,1
78542,86122,1,86122,1
78542,86122,1,85665,1
78542,85665,1,85665,1
78542,85665,1,85665,1
78542,85665,1,85665,1
78542,85665,1,85665,1
78542,85665,1,85665,1
78542,85665,1,85665,1
78542,85665,1,85665,1
78542,85665,1,85665,1
78542,85665,1,85665,1
78542,85665,1,85665,1
78542,85665,1,85665,1
78542,85665,1,85665,1
78542,85665,1,85665,1
78542,85665,1,85665,1
78542,85665,1,85665,1
78542,85665,1,85665,1
78542,85665,1,85665,1
78542,85665,1,85665,1
78542,85665,1,85665,1
78542,85665,1,85665,1
78542,85665,1,85665,1
78542,85665,1,85665,1
78542,85665,1,85665,1
78542,85665,1,85665,1
78542,85665,1,85665,1
78542,85665,1,85665,1
78542,85665,1,85665,1
78542,85665,1,85665,1
78542,85665,1,85665,1
78542,85665,1,85665,1
78542,85665,1,85665,1
78542,85665,1,85665,1
78542,85665,1,85665,1
78542,85665,1,85665,1
78542,85665,1,85665,1
78542,85665,1,85665,1
78542,85665,1,85665,1
78542,85665,1,85665,1
78542,85665,1,85665,1
78542,85665,1,85665,1
78542,85665,1,85665,1
78542,85665,1,85665,1
78542,85665,1,89298,1
78542,89298,1,89298,1
78542,89298,1,89298,1
78542,89298,1,89298,1
78542,89298,1,89298,1
78542,89298,1,89298,1
78542,89298,1,89298,1
78542,89298,1,89298,1
78542,89298,1,89298,1
78542,89298,1,89298,1
78542,89298,1,89298,1
78542,89298,1,89298,1
78542,89298,1,89298,1
78542,89298,1,89298,1
78542,89298,1,89298,1
78542,89298,1,89298,1
78542,89298,1,89298,1
78542,89298,1,89298,1
78542,89298,1,89298,1
78542,89298,1,89298,1
78542,89298,1,89298,1
78542,89298,1,89298,1
78542,89298,1,89298,1
78542,89298,1,89298,1
78542,89298,1,89298,1
78542,89298,1,89298,1
78542,89298,1,89298,1
78542,89298,1,89298,1
78542,89298,1,89298,1
78542,89298,1,89298,1
78542,89298,1,89298,1
78542,89298,1,89298,1
78542,89298,1,89298,1
78542,89298,1,89298,1
78542,89298,1,89298,1
78542,89298,1,89298,1
78542,89298,1,89298,1
78542,89298,1,89298,1
78542,89298,1,89298,1
78542,89298,1,89298,1
78542,89298,1,89298,1
78542,89298,1,89298,1
78542,89298,1,89298,1
78542,89298,1,89298,1
78542,89298,1,89298,1
78542,89298,1,89298,1
78542,89298,1,89298,1
78542,89298,1,89301,1
78542,89301,1,89301,1
78542,89301,1,89301,1
78542,89301,1,89301,1
78542,89301,1,89301,1
78542,89301,1,89301,1
78542,89301,1,89301,1
78542,89301,1,89301,1
78542,89301,1,89301,1
78542,89301,1,89301,1
78542,89301,1,89301,1
78542,89301,1,89301,1
78542,89301,1,89301,1
78542,89301,1,89301,1
78542,89301,1,89301,1
78542,89301,1,89301,1
78542,89301,1,89301,1
78542,89301,1,89301,1
78542,89301,1,89301,1
78542,89301,1,89301,1
78542,89301,1,89301,1
78542,89301,1,89301,1
78542,89301,1,89301,1
78542,89301,1,89301,1
78542,89301,1,89301,1
78542,89301,1,89301,1
78542,89301,1,89301,1
78542,89301,1,89301,1
78542,89301,1,89301,1
78542,89301,1,89301,1
78542,89301,1,89301,1
78542,89301,1,89301,1
78542,89301,1,89301,1
78542,89301,1,89301,1
78542,89301,1,89301,1
78542,89301,1,89301,1
78542,89301,1,89301,1
78542,89301,1,89301,1
78542,89301,1,89301,1
78542,89301,1,89301,1
78542,89301,1,89301,1
78542,89301,1,89301,1
78542,89301,1,89301,1
78542,89301,1,89301,1
78542,89301,1,89301,1
78542,89301,1,89301,1
78542,89301,1,89301,1
78542,89301,1,89265,1
78542,89265,1,89265,1
78542,89265,1,89265,1
78542,89265,1,89265,1
78542,89265,1,89265,1
78542,89265,1,89265,1
78542,89265,1,89265,1
78542,89265,1,89265,1
78542,89265,1,89265,1
78542,89265,1,89265,1
78542,89265,1,89265,1
78542,89265,1,89265,1
78542,89265,1,89265,1
78542,89265,1,89265,1
78542,89265,1,89265,1
78542,89265,1,89265,1
78542,89265,1,89265,1
78542,89265,1,89265,1
78542,89265,1,89265,1
78542,89265,1,89265,1
78542,89265,1,89265,1
78542,89265,1,89265,1
78542,89265,1,89265,1
78542,89265,1,89265,1
78542,89265,1,89265,1
78542,89265,1,89265,1
78542,89265,1,89265,1
78542,89265,1,89265,1
78542,89265,1,89265,1
78542,89265,1,89265,1
78542,89265,1,89265,1
78542,89265,1,89265,1
78542,89265,1,89265,1
78542,89265,1,89265,1
78542,89265,1,89265,1
78542,89265,1,89265,1
78542,89265,1,89265,1
78542,89265,1,89265,1
78542,89265,1,89265,1
78542,89265,1,89265,1
78542,89265,1,89265,1
78542,89265,1,89265,1
78542,89265,1,89265,1
78542,89265,1,89265,1
78542,89265,1,89265,1
78542,89265,1,89265,1
78542,89265,1,89265,1
78542,89265,1,91397,1
78542,91397,1,91397,1
78542,91397,1,91397,1
78542,91397,1,91397,1
78542,91397,1,91397,1
78542,91397,1,91397,1
78542,91397,1,91397,1
78542,91397,1,91397,1
78542,91397,1,91397,1
78542,91397,1,91397,1
78542,91397,1,91397,1
78542,91397,1,91397,1
78542,91397,1,91397,1
78542,91397,1,91397,1
78542,91397,1,91397,1
78542,91397,1,91397,1
78542,91397,1,91397,1
78542,91397,1,91397,1
78542,91397,1,91397,1
78542,91397,1,91397,1
78542,91397,1,91397,1
78542,91397,1,91397,1
78542,91397,1,91397,1
78542,91397,1,91397,1
78542,91397,1,91397,1
78542,91397,1,91397,1
78542,91397,1,91397,1
78542,91397,1,91397,1
78542,91397,1,91397,1
78542,91397,1,91397,1
78542,91397,1,91397,1
78542,91397,1,91397,1
78542,91397,1,91397,1
78542,91397,1,91397,1
78542,91397,1,91397,1
78542,91397,1,91397,1
78542,91397,1,91397,1
78542,91397,1,91397,1
78542,91397,1,91397,1
78542,91397,1,91397,1
78542,91397,1,91397,1
78542,91397,1,91397,1
78542,91397,1,91397,1
78542,91397,1,91397,1
78542,91397,1,91397,1
78542,91397,1,91397,1
78542,91397,1,91397,1
78542,91397,1,91397,1
78542,91397,1,91397,1
78542,91397,1,91397,1
78542,91397,1,91397,1
78542,91397,1,91397,1
78542,91397,1,91397,1
78542,91397,1,91397,1
78542,91397,1,91397,1
78542,91397,1,91397,1
78542,91397,1,91397,1
78542,91397,1,91397,1
78542,91397,1,91397,1
78542,91397,1,91397,1
78542,91397,1,91397,1
78542,91397,1,91397,1
78542,91397,1,91397,1
78542,91397,1,91397,1
78542,91397,1,91397,1
78542,91397,1,91397,1
78542,91397,1,91397,1
78542,91397,1,91397,1
78542,91397,1,91397,1
78542,91397,1,91397,1
78542,91397,1,91397,1
78542,91397,1,91397,1
78542,91397,1,91397,1
78542,91397,1,91397,1
78542,91397,1,91397,1
78542,91397,1,91397,1
78542,91397,1,91397,1
78542,91397,1,91397,1
78542,91397,1,91397,1
78542,91397,1,91397,1
78542,91397,1,91397,1
78542,91397,1,91397,1
78542,91397,1,91397,1
78542,91397,1,91397,1
78542,91397,1,91397,1
78542,91397,1,91397,1
78542,91397,1,91397,1
78542,91397,1,91397,1
78542,91397,1,91397,1
78542,91397,1,91397,1
78542,91397,1,91397,1
78542,91397,1,91397,1
78542,91397,1,91397,1
78542,91397,1,91397,1
78542,91397,1,91397,1
78542,91397,1,91397,1
78542,91397,1,91397,1
78542,91397,1,89287,1
78542,89287,1,89287,1
78542,89287,1,89287,1
78542,89287,1,89287,1
78542,89287,1,89287,1
78542,89287,1,89287,1
78542,89287,1,89287,1
78542,89287,1,89287,1
78542,89287,1,89287,1
78542,89287,1,89287,1
78542,89287,1,89287,1
78542,89287,1,89287,1
78542,89287,1,89287,1
78542,89287,1,89287,1
78542,89287,1,89287,1
78542,89287,1,89287,1
78542,89287,1,89287,1
78542,89287,1,89287,1
78542,89287,1,89287,1
78542,89287,1,89287,1
78542,89287,1,89287,1
78542,89287,1,89287,1
78542,89287,1,89287,1
78542,89287,1,89287,1
78542,89287,1,89287,1
78542,89287,1,89287,1
78542,89287,1,89287,1
78542,89287,1,89287,1
78542,89287,1,89287,1
78542,89287,1,89287,1
78542,89287,1,89287,1
78542,89287,1,89287,1
78542,89287,1,89287,1
78542,89287,1,89287,1
78542,89287,1,89287,1
78542,89287,1,89287,1
78542,89287,1,89287,1
78542,89287,1,89287,1
78542,89287,1,89287,1
78542,89287,1,89287,1
78542,89287,1,89287,1
78542,89287,1,89287,1
78542,89287,1,89287,1
78542,89287,1,89287,1
78542,89287,1,89287,1
78542,89287,1,89287,1
78542,89287,1,89287,1
78542,89287,1,89287,1
78542,89287,1,89287,1
78542,89287,1,89287,1
78542,89287,1,89287,1
78542,89287,1,89287,1
78542,89287,1,89287,1
78542,89287,1,89287,1
78542,89287,1,89287,1
78542,89287,1,89287,1
78542,89287,1,89287,1
78542,89287,1,89287,1
78542,89287,1,89287,1
78542,89287,1,89287,1
78542,89287,1,89287,1
78542,89287,1,89287,1
78542,89287,1,89287,1
78542,89287,1,89287,1
78542,89287,1,89287,1
78542,89287,1,89287,1
78542,89287,1,89287,1
78542,89287,1,89287,1
78542,89287,1,89287,1
78542,89287,1,89287,1
78542,89287,1,89287,1
78542,89287,1,89287,1
78542,89287,1,89287,1
78542,89287,1,89287,1
78542,89287,1,89287,1
78542,89287,1,89287,1
78542,89287,1,89287,1
78542,89287,1,89287,1
78542,89287,1,89287,1
78542,89287,1,89287,1
78542,89287,1,89287,1
78542,89287,1,89287,1
78542,89287,1,89287,1
78542,89287,1,89287,1
78542,89287,1,89287,1
78542,89287,1,89287,1
78542,89287,1,89287,1
78542,89287,1,89287,1
78542,89287,1,89287,1
78542,89287,1,89287,1
78542,89287,1,89287,1
78542,89287,1,89287,1
78542,89287,1,89287,1
78542,89287,1,89287,1
78542,89287,1,89287,1
78542,89287,1,89287,1
78542,89287,1,89287,1
78542,89287,1,89285,0
78542,89285,0,89285,0
78542,89285,0,89285,0
78542,89285,0,89285,0
78542,89285,0,89285,0
78542,89285,0,89285,0
78542,89285,0,89285,0
78542,89285,0,89285,0
78542,89285,0,89285,0
78542,89285,0,89285,0
78542,89285,0,89285,0
78542,89285,0,89285,0
78542,89285,0,89285,0
78542,89285,0,89285,0
78542,89285,0,89285,0
78542,89285,0,89285,0
78542,89285,0,89285,0
78542,89285,0,89285,0
78542,89285,0,89285,0
78542,89285,0,89285,0
78542,89285,0,89285,0
78542,89285,0,89285,0
78542,89285,0,89285,0
78542,89285,0,89285,0
78542,89285,0,89285,0
78542,89285,0,89285,0
78542,89285,0,89285,0
78542,89285,0,89285,0
78542,89285,0,89285,0
78542,89285,0,89285,0
78542,89285,0,89285,0
78542,89285,0,89285,0
78542,89285,0,89285,0
78542,89285,0,89285,0
78542,89285,0,89285,0
78542,89285,0,89285,0
78542,89285,0,89285,0
78542,89285,0,89285,0
78542,89285,0,89285,0
78542,89285,0,89285,0
78542,89285,0,89285,0
78542,89285,0,89285,0
78542,89285,0,89285,0
78542,89285,0,89285,0
78542,89285,0,89285,0
78542,89285,0,89285,0
78542,89285,0,89285,0
78542,89285,0,91401,1
78542,91401,1,91401,1
78542,91401,1,91401,1
78542,91401,1,91401,1
78542,91401,1,91401,1
78542,91401,1,91401,1
78542,91401,1,91401,1
78542,91401,1,91401,1
78542,91401,1,91401,1
78542,91401,1,91401,1
78542,91401,1,91401,1
78542,91401,1,91401,1
78542,91401,1,91401,1
78542,91401,1,91401,1
78542,91401,1,91401,1
78542,91401,1,91401,1
78542,91401,1,91401,1
78542,91401,1,91401,1
78542,91401,1,91401,1
78542,91401,1,91401,1
78542,91401,1,91401,1
78542,91401,1,91401,1
78542,91401,1,91401,1
78542,91401,1,91401,1
78542,91401,1,91401,1
78542,91401,1,91401,1
78542,91401,1,91401,1
78542,91401,1,91401,1
78542,91401,1,91401,1
78542,91401,1,91401,1
78542,91401,1,91401,1
78542,91401,1,91401,1
78542,91401,1,91401,1
78542,91401,1,91401,1
78542,91401,1,91401,1
78542,91401,1,91401,1
78542,91401,1,91401,1
78542,91401,1,91401,1
78542,91401,1,91401,1
78542,91401,1,91401,1
78542,91401,1,91401,1
78542,91401,1,91401,1
78542,91401,1,91401,1
78542,91401,1,91401,1
78542,91401,1,91401,1
78542,91401,1,91401,1
78542,91401,1,91401,1
78542,91401,1,89767,1
78542,89767,1,89767,1
78542,89767,1,89767,1
78542,89767,1,89767,1
78542,89767,1,89767,1
78542,89767,1,89767,1
78542,89767,1,89767,1
78542,89767,1,89767,1
78542,89767,1,89767,1
78542,89767,1,89767,1
78542,89767,1,89767,1
78542,89767,1,89767,1
78542,89767,1,89767,1
78542,89767,1,89767,1
78542,89767,1,89767,1
78542,89767,1,89767,1
78542,89767,1,89767,1
78542,89767,1,89767,1
78542,89767,1,89767,1
78542,89767,1,89767,1
78542,89767,1,89767,1
78542,89767,1,89767,1
78542,89767,1,89767,1
78542,89767,1,89767,1
78542,89767,1,89767,1
78542,89767,1,89767,1
78542,89767,1,89767,1
78542,89767,1,89767,1
78542,89767,1,89767,1
78542,89767,1,89767,1
78542,89767,1,89767,1
78542,89767,1,89767,1
78542,89767,1,89767,1
78542,89767,1,89767,1
78542,89767,1,89767,1
78542,89767,1,89767,1
78542,89767,1,89767,1
78542,89767,1,89767,1
78542,89767,1,89767,1
78542,89767,1,89767,1
78542,89767,1,89767,1
78542,89767,1,89767,1
78542,89767,1,89767,1
78542,89767,1,89767,1
78542,89767,1,89767,1
78542,89767,1,89767,1
78542,89767,1,89767,1
78542,89767,1,89767,1
78542,89767,1,89767,1
78542,89767,1,89767,1
78542,89767,1,89767,1
78542,89767,1,89767,1
78542,89767,1,89767,1
78542,89767,1,89767,1
78542,89767,1,89767,1
78542,89767,1,89767,1
78542,89767,1,89767,1
78542,89767,1,89767,1
78542,89767,1,89767,1
78542,89767,1,89767,1
78542,89767,1,89767,1
78542,89767,1,89767,1
78542,89767,1,89767,1
78542,89767,1,89767,1
78542,89767,1,89767,1
78542,89767,1,89767,1
78542,89767,1,89767,1
78542,89767,1,89767,1
78542,89767,1,89767,1
78542,89767,1,89767,1
78542,89767,1,89767,1
78542,89767,1,89767,1
78542,89767,1,89767,1
78542,89767,1,89767,1
78542,89767,1,89767,1
78542,89767,1,89767,1
78542,89767,1,89767,1
78542,89767,1,89767,1
78542,89767,1,89767,1
78542,89767,1,89767,1
78542,89767,1,89767,1
78542,89767,1,89767,1
78542,89767,1,89767,1
78542,89767,1,89767,1
78542,89767,1,89767,1
78542,89767,1,89767,1
78542,89767,1,89767,1
78542,89767,1,89767,1
78542,89767,1,89767,1
78542,89767,1,89767,1
78542,89767,1,89767,1
78542,89767,1,89767,1
78542,89767,1,89767,1
78542,89767,1,89773,0
78542,89773,0,89773,0
78542,89773,0,89773,0
78542,89773,0,89773,0
78542,89773,0,89773,0
78542,89773,0,89773,0
78542,89773,0,89773,0
78542,89773,0,89773,0
78542,89773,0,89773,0
78542,89773,0,89773,0
78542,89773,0,89773,0
78542,89773,0,89773,0
78542,89773,0,89773,0
78542,89773,0,89773,0
78542,89773,0,89773,0
78542,89773,0,89773,0
78542,89773,0,89773,0
78542,89773,0,89773,0
78542,89773,0,89773,0
78542,89773,0,89773,0
78542,89773,0,89773,0
78542,89773,0,89773,0
78542,89773,0,89773,0
78542,89773,0,89773,0
78542,89773,0,89773,0
78542,89773,0,89773,0
78542,89773,0,89773,0
78542,89773,0,89773,0
78542,89773,0,89773,0
78542,89773,0,89773,0
78542,89773,0,89773,0
78542,89773,0,89773,0
78542,89773,0,89773,0
78542,89773,0,89773,0
78542,89773,0,89773,0
78542,89773,0,89773,0
78542,89773,0,89773,0
78542,89773,0,89773,0
78542,89773,0,89773,0
78542,89773,0,89773,0
78542,89773,0,89773,0
78542,89773,0,89773,0
78542,89773,0,89773,0
78542,89773,0,89773,0
78542,89773,0,89770,1
78542,89770,1,89770,1
78542,89770,1,89770,1
78542,89770,1,89770,1
78542,89770,1,89770,1
78542,89770,1,89770,1
78542,89770,1,89770,1
78542,89770,1,89770,1
78542,89770,1,89770,1
78542,89770,1,89770,1
78542,89770,1,89770,1
78542,89770,1,89770,1
78542,89770,1,89770,1
78542,89770,1,89770,1
78542,89770,1,89770,1
78542,89770,1,89770,1
78542,89770,1,89770,1
78542,89770,1,89770,1
78542,89770,1,89770,1
78542,89770,1,89770,1
78542,89770,1,89770,1
78542,89770,1,89770,1
78542,89770,1,89770,1
78542,89770,1,89770,1
78542,89770,1,89770,1
78542,89770,1,89770,1
78542,89770,1,89770,1
78542,89770,1,89770,1
78542,89770,1,89770,1
78542,89770,1,89770,1
78542,89770,1,89770,1
78542,89770,1,89770,1
78542,89770,1,89770,1
78542,89770,1,89770,1
78542,89770,1,89770,1
78542,89770,1,89770,1
78542,89770,1,89770,1
78542,89770,1,89770,1
78542,89770,1,89770,1
78542,89770,1,89770,1
78542,89770,1,89770,1
78542,89770,1,89770,1
78542,89770,1,89770,1
78542,89770,1,89770,1
78542,89770,1,89770,1
78542,89770,1,89770,1
78542,89770,1,89832,1
78542,89832,1,89832,1
78542,89832,1,89832,1
78542,89832,1,89832,1
78542,89832,1,89832,1
78542,89832,1,89832,1
78542,89832,1,89832,1
78542,89832,1,89832,1
78542,89832,1,89832,1
78542,89832,1,89832,1
78542,89832,1,89832,1
78542,89832,1,89832,1
78542,89832,1,89832,1
78542,89832,1,89832,1
78542,89832,1,89832,1
78542,89832,1,89832,1
78542,89832,1,89832,1
78542,89832,1,89832,1
78542,89832,1,89832,1
78542,89832,1,89832,1
78542,89832,1,89832,1
78542,89832,1,89832,1
78542,89832,1,89832,1
78542,89832,1,89832,1
78542,89832,1,89832,1
78542,89832,1,89832,1
78542,89832,1,89832,1
78542,89832,1,89832,1
78542,89832,1,89832,1
78542,89832,1,89832,1
78542,89832,1,89832,1
78542,89832,1,89832,1
78542,89832,1,89832,1
78542,89832,1,89832,1
78542,89832,1,89832,1
78542,89832,1,89832,1
78542,89832,1,89832,1
78542,89832,1,89832,1
78542,89832,1,89832,1
78542,89832,1,89832,1
78542,89832,1,89832,1
78542,89832,1,89832,1
78542,89832,1,89832,1
78542,89832,1,89832,1
78542,89832,1,89832,1
78542,89832,1,89832,1
78542,89832,1,89832,1
78542,89832,1,89832,1
78542,89832,1,89832,1
78542,89832,1,89832,1
78542,89832,1,89832,1
78542,89832,1,89832,1
78542,89832,1,89832,1
78542,89832,1,89832,1
78542,89832,1,89832,1
78542,89832,1,89832,1
78542,89832,1,89832,1
78542,89832,1,89832,1
78542,89832,1,89832,1
78542,89832,1,89832,1
78542,89832,1,89832,1
78542,89832,1,89832,1
78542,89832,1,89832,1
78542,89832,1,89832,1
78542,89832,1,89832,1
78542,89832,1,89832,1
78542,89832,1,89832,1
78542,89832,1,89832,1
78542,89832,1,89832,1
78542,89832,1,89832,1
78542,89832,1,89832,1
78542,89832,1,89832,1
78542,89832,1,89832,1
78542,89832,1,89832,1
78542,89832,1,89832,1
78542,89832,1,89832,1
78542,89832,1,89832,1
78542,89832,1,89832,1
78542,89832,1,89832,1
78542,89832,1,89832,1
78542,89832,1,89832,1
78542,89832,1,89832,1
78542,89832,1,89832,1
78542,89832,1,89832,1
78542,89832,1,89832,1
78542,89832,1,89832,1
78542,89832,1,89832,1
78542,89832,1,89832,1
78542,89832,1,89832,1
78542,89832,1,89832,1
78542,89832,1,89832,1
78542,89832,1,89832,1
78542,89832,1,89832,1
78542,89832,1,89812,1
78542,89812,1,89812,1
78542,89812,1,89812,1
78542,89812,1,89812,1
78542,89812,1,89812,1
78542,89812,1,89812,1
78542,89812,1,89812,1
78542,89812,1,89812,1
78542,89812,1,89812,1
78542,89812,1,89812,1
78542,89812,1,89812,1
78542,89812,1,89812,1
78542,89812,1,89812,1
78542,89812,1,89812,1
78542,89812,1,89812,1
78542,89812,1,89812,1
78542,89812,1,89812,1
78542,89812,1,89812,1
78542,89812,1,89812,1
78542,89812,1,89812,1
78542,89812,1,89812,1
78542,89812,1,89812,1
78542,89812,1,89812,1
78542,89812,1,89812,1
78542,89812,1,89812,1
78542,89812,1,89812,1
78542,89812,1,89812,1
78542,89812,1,89812,1
78542,89812,1,89812,1
78542,89812,1,89812,1
78542,89812,1,89812,1
78542,89812,1,89812,1
78542,89812,1,89812,1
78542,89812,1,89812,1
78542,89812,1,89812,1
78542,89812,1,89812,1
78542,89812,1,89812,1
78542,89812,1,89812,1
78542,89812,1,89812,1
78542,89812,1,89812,1
78542,89812,1,89812,1
78542,89812,1,89812,1
78542,89812,1,89812,1
78542,89812,1,89812,1
78542,89812,1,89841,1
78542,89841,1,89841,1
78542,89841,1,89841,1
78542,89841,1,89841,1
78542,89841,1,89841,1
78542,89841,1,89841,1
78542,89841,1,89841,1
78542,89841,1,89841,1
78542,89841,1,89841,1
78542,89841,1,89841,1
78542,89841,1,89841,1
78542,89841,1,89841,1
78542,89841,1,89841,1
78542,89841,1,89841,1
78542,89841,1,89841,1
78542,89841,1,89841,1
78542,89841,1,89841,1
78542,89841,1,89841,1
78542,89841,1,89841,1
78542,89841,1,89841,1
78542,89841,1,89841,1
78542,89841,1,89841,1
78542,89841,1,89841,1
78542,89841,1,89841,1
78542,89841,1,89841,1
78542,89841,1,89841,1
78542,89841,1,89841,1
78542,89841,1,89841,1
78542,89841,1,89841,1
78542,89841,1,89841,1
78542,89841,1,89841,1
78542,89841,1,89841,1
78542,89841,1,89841,1
78542,89841,1,89841,1
78542,89841,1,89841,1
78542,89841,1,89841,1
78542,89841,1,89841,1
78542,89841,1,89841,1
78542,89841,1,89841,1
78542,89841,1,89841,1
78542,89841,1,89841,1
78542,89841,1,89841,1
78542,89841,1,89841,1
78542,89841,1,89841,1
78542,89841,1,89816,1
78542,89816,1,89816,1
78542,89816,1,89816,1
78542,89816,1,89816,1
78542,89816,1,89816,1
78542,89816,1,89816,1
78542,89816,1,89816,1
78542,89816,1,89816,1
78542,89816,1,89816,1
78542,89816,1,89816,1
78542,89816,1,89816,1
78542,89816,1,89816,1
78542,89816,1,89816,1
78542,89816,1,89816,1
78542,89816,1,89816,1
78542,89816,1,89816,1
78542,89816,1,89816,1
78542,89816,1,89816,1
78542,89816,1,89816,1
78542,89816,1,89816,1
78542,89816,1,89816,1
78542,89816,1,89816,1
78542,89816,1,89816,1
78542,89816,1,89816,1
78542,89816,1,89816,1
78542,89816,1,89816,1
78542,89816,1,89816,1
78542,89816,1,89816,1
78542,89816,1,89816,1
78542,89816,1,89816,1
78542,89816,1,89816,1
78542,89816,1,89816,1
78542,89816,1,89816,1
78542,89816,1,89816,1
78542,89816,1,89816,1
78542,89816,1,89816,1
78542,89816,1,89816,1
78542,89816,1,89816,1
78542,89816,1,89816,1
78542,89816,1,89816,1
78542,89816,1,89816,1
78542,89816,1,89816,1
78542,89816,1,89816,1
78542,89816,1,89816,1
78542,89816,1,173920,1
78542,173920,1,173909,1
78542,173909,1,173963,1
78542,173963,1,173955,1
78543,93228,1,93228,1
78543,93228,1,93228,1
78543,93228,1,93228,1
78543,93228,1,93228,1
78543,93228,1,93228,1
78543,93228,1,93228,1
78543,93228,1,93228,1
78543,93228,1,93228,1
78543,93228,1,93228,1
78543,93228,1,93228,1
78543,93228,1,93228,1
78543,93228,1,93228,1
78543,93228,1,93228,1
78543,93228,1,93228,1
78543,93228,1,93228,1
78543,93228,1,93228,1
78543,93228,1,93228,1
78543,93228,1,93228,1
78543,93228,1,93228,1
78543,93228,1,93228,1
78543,93228,1,93228,1
78543,93228,1,93228,1
78543,93228,1,93228,1
78543,93228,1,93228,1
78543,93228,1,93228,1
78543,93228,1,93228,1
78543,93228,1,93228,1
78543,93228,1,93228,1
78543,93228,1,93228,1
78543,93228,1,93228,1
78543,93228,1,93228,1
78543,93228,1,93228,1
78543,93228,1,93228,1
78543,93228,1,93228,1
78543,93228,1,93228,1
78543,93228,1,93228,1
78543,93228,1,93228,1
78543,93228,1,93228,1
78543,93228,1,93228,1
78543,93228,1,93228,1
78543,93228,1,93228,1
78543,93228,1,93228,1
78543,93228,1,93228,1
78543,93228,1,93228,1
78543,93228,1,93228,1
78543,93228,1,93243,1
78543,93243,1,93243,1
78543,93243,1,93243,1
78543,93243,1,93243,1
78543,93243,1,93243,1
78543,93243,1,93243,1
78543,93243,1,93243,1
78543,93243,1,93243,1
78543,93243,1,93243,1
78543,93243,1,93243,1
78543,93243,1,93243,1
78543,93243,1,93243,1
78543,93243,1,93243,1
78543,93243,1,93243,1
78543,93243,1,93243,1
78543,93243,1,93243,1
78543,93243,1,93243,1
78543,93243,1,93243,1
78543,93243,1,93243,1
78543,93243,1,93243,1
78543,93243,1,93243,1
78543,93243,1,93243,1
78543,93243,1,93243,1
78543,93243,1,93243,1
78543,93243,1,93243,1
78543,93243,1,93243,1
78543,93243,1,93243,1
78543,93243,1,93243,1
78543,93243,1,93243,1
78543,93243,1,93243,1
78543,93243,1,93243,1
78543,93243,1,93243,1
78543,93243,1,93243,1
78543,93243,1,93243,1
78543,93243,1,93243,1
78543,93243,1,93243,1
78543,93243,1,93243,1
78543,93243,1,93243,1
78543,93243,1,93243,1
78543,93243,1,93243,1
78543,93243,1,93243,1
78543,93243,1,93243,1
78543,93243,1,93243,1
78543,93243,1,93243,1
78543,93243,1,93243,1
78543,93243,1,93243,1
78543,93243,1,84622,0
78543,84622,0,84622,0
78543,84622,0,84622,0
78543,84622,0,84622,0
78543,84622,0,84622,0
78543,84622,0,84622,0
78543,84622,0,84622,0
78543,84622,0,84622,0
78543,84622,0,84622,0
78543,84622,0,84622,0
78543,84622,0,84622,0
78543,84622,0,84622,0
78543,84622,0,84622,0
78543,84622,0,84622,0
78543,84622,0,84622,0
78543,84622,0,84622,0
78543,84622,0,84622,0
78543,84622,0,84622,0
78543,84622,0,84622,0
78543,84622,0,84622,0
78543,84622,0,84622,0
78543,84622,0,84622,0
78543,84622,0,84622,0
78543,84622,0,84622,0
78543,84622,0,84622,0
78543,84622,0,84622,0
78543,84622,0,84622,0
78543,84622,0,84622,0
78543,84622,0,84622,0
78543,84622,0,84622,0
78543,84622,0,84622,0
78543,84622,0,84622,0
78543,84622,0,84622,0
78543,84622,0,84622,0
78543,84622,0,84622,0
78543,84622,0,84622,0
78543,84622,0,84622,0
78543,84622,0,84622,0
78543,84622,0,84622,0
78543,84622,0,84622,0
78543,84622,0,84622,0
78543,84622,0,84622,0
78543,84622,0,84622,0
78543,84622,0,84622,0
78543,84622,0,84622,0
78543,84622,0,84622,0
78543,84622,0,85670,1
78543,85670,1,85670,1
78543,85670,1,85670,1
78543,85670,1,85670,1
78543,85670,1,85670,1
78543,85670,1,85670,1
78543,85670,1,85670,1
78543,85670,1,85670,1
78543,85670,1,85670,1
78543,85670,1,85670,1
78543,85670,1,85670,1
78543,85670,1,85670,1
78543,85670,1,85670,1
78543,85670,1,85670,1
78543,85670,1,85670,1
78543,85670,1,85670,1
78543,85670,1,85670,1
78543,85670,1,85670,1
78543,85670,1,85670,1
78543,85670,1,85670,1
78543,85670,1,85670,1
78543,85670,1,85670,1
78543,85670,1,85670,1
78543,85670,1,85670,1
78543,85670,1,85670,1
78543,85670,1,85670,1
78543,85670,1,85670,1
78543,85670,1,85670,1
78543,85670,1,85670,1
78543,85670,1,85670,1
78543,85670,1,85670,1
78543,85670,1,85670,1
78543,85670,1,85670,1
78543,85670,1,85670,1
78543,85670,1,85670,1
78543,85670,1,85670,1
78543,85670,1,85670,1
78543,85670,1,85670,1
78543,85670,1,85670,1
78543,85670,1,85670,1
78543,85670,1,85670,1
78543,85670,1,85670,1
78543,85670,1,85670,1
78543,85670,1,85670,1
78543,85670,1,85670,1
78543,85670,1,85670,1
78543,85670,1,86118,1
78543,86118,1,86118,1
78543,86118,1,86118,1
78543,86118,1,86118,1
78543,86118,1,86118,1
78543,86118,1,86118,1
78543,86118,1,86118,1
78543,86118,1,86118,1
78543,86118,1,86118,1
78543,86118,1,86118,1
78543,86118,1,86118,1
78543,86118,1,86118,1
78543,86118,1,86118,1
78543,86118,1,86118,1
78543,86118,1,86118,1
78543,86118,1,86118,1
78543,86118,1,86118,1
78543,86118,1,86118,1
78543,86118,1,86118,1
78543,86118,1,86118,1
78543,86118,1,86118,1
78543,86118,1,86118,1
78543,86118,1,86118,1
78543,86118,1,86118,1
78543,86118,1,86118,1
78543,86118,1,86118,1
78543,86118,1,86118,1
78543,86118,1,86118,1
78543,86118,1,86118,1
78543,86118,1,86118,1
78543,86118,1,86118,1
78543,86118,1,86118,1
78543,86118,1,86118,1
78543,86118,1,86118,1
78543,86118,1,86118,1
78543,86118,1,86118,1
78543,86118,1,86118,1
78543,86118,1,86118,1
78543,86118,1,86118,1
78543,86118,1,86118,1
78543,86118,1,86118,1
78543,86118,1,86118,1
78543,86118,1,86118,1
78543,86118,1,86118,1
78543,86118,1,86118,1
78543,86118,1,86118,1
78543,86118,1,85650,1
78543,85650,1,85650,1
78543,85650,1,85650,1
78543,85650,1,85650,1
78543,85650,1,85650,1
78543,85650,1,85650,1
78543,85650,1,85650,1
78543,85650,1,85650,1
78543,85650,1,85650,1
78543,85650,1,85650,1
78543,85650,1,85650,1
78543,85650,1,85650,1
78543,85650,1,85650,1
78543,85650,1,85650,1
78543,85650,1,85650,1
78543,85650,1,85650,1
78543,85650,1,85650,1
78543,85650,1,85650,1
78543,85650,1,85650,1
78543,85650,1,85650,1
78543,85650,1,85650,1
78543,85650,1,85650,1
78543,85650,1,85650,1
78543,85650,1,85650,1
78543,85650,1,85650,1
78543,85650,1,85650,1
78543,85650,1,85650,1
78543,85650,1,85650,1
78543,85650,1,85650,1
78543,85650,1,85650,1
78543,85650,1,85650,1
78543,85650,1,85650,1
78543,85650,1,85650,1
78543,85650,1,85650,1
78543,85650,1,85650,1
78543,85650,1,85650,1
78543,85650,1,85650,1
78543,85650,1,85650,1
78543,85650,1,85650,1
78543,85650,1,85650,1
78543,85650,1,85650,1
78543,85650,1,85650,1
78543,85650,1,85650,1
78543,85650,1,85650,1
78543,85650,1,85650,1
78543,85650,1,85650,1
78543,85650,1,89241,1
78543,89241,1,89241,1
78543,89241,1,89241,1
78543,89241,1,89241,1
78543,89241,1,89241,1
78543,89241,1,89241,1
78543,89241,1,89241,1
78543,89241,1,89241,1
78543,89241,1,89241,1
78543,89241,1,89241,1
78543,89241,1,89241,1
78543,89241,1,89241,1
78543,89241,1,89241,1
78543,89241,1,89241,1
78543,89241,1,89241,1
78543,89241,1,89241,1
78543,89241,1,89241,1
78543,89241,1,89241,1
78543,89241,1,89241,1
78543,89241,1,89241,1
78543,89241,1,89241,1
78543,89241,1,89241,1
78543,89241,1,89241,1
78543,89241,1,89241,1
78543,89241,1,89241,1
78543,89241,1,89241,1
78543,89241,1,89241,1
78543,89241,1,89241,1
78543,89241,1,89241,1
78543,89241,1,89241,1
78543,89241,1,89241,1
78543,89241,1,89241,1
78543,89241,1,89241,1
78543,89241,1,89241,1
78543,89241,1,89241,1
78543,89241,1,89241,1
78543,89241,1,89241,1
78543,89241,1,89241,1
78543,89241,1,89241,1
78543,89241,1,89241,1
78543,89241,1,89241,1
78543,89241,1,89241,1
78543,89241,1,89241,1
78543,89241,1,89241,1
78543,89241,1,89241,1
78543,89241,1,89241,1
78543,89241,1,89241,1
78543,89241,1,89241,1
78543,89241,1,89241,1
78543,89241,1,89241,1
78543,89241,1,89241,1
78543,89241,1,89241,1
78543,89241,1,89241,1
78543,89241,1,89241,1
78543,89241,1,89241,1
78543,89241,1,89241,1
78543,89241,1,89241,1
78543,89241,1,89241,1
78543,89241,1,89241,1
78543,89241,1,89241,1
78543,89241,1,89241,1
78543,89241,1,89241,1
78543,89241,1,89241,1
78543,89241,1,89241,1
78543,89241,1,89241,1
78543,89241,1,89241,1
78543,89241,1,89241,1
78543,89241,1,89241,1
78543,89241,1,89241,1
78543,89241,1,89241,1
78543,89241,1,89241,1
78543,89241,1,89241,1
78543,89241,1,89241,1
78543,89241,1,89241,1
78543,89241,1,89241,1
78543,89241,1,89241,1
78543,89241,1,89241,1
78543,89241,1,89241,1
78543,89241,1,89241,1
78543,89241,1,89241,1
78543,89241,1,89241,1
78543,89241,1,89241,1
78543,89241,1,89241,1
78543,89241,1,89241,1
78543,89241,1,89241,1
78543,89241,1,89241,1
78543,89241,1,89241,1
78543,89241,1,89241,1
78543,89241,1,89241,1
78543,89241,1,89241,1
78543,89241,1,89241,1
78543,89241,1,89241,1
78543,89241,1,89241,1
78543,89241,1,89241,1
78543,89241,1,89241,1
78543,89241,1,89241,1
78543,89241,1,89241,1
78543,89241,1,91347,1
78543,91347,1,91347,1
78543,91347,1,91347,1
78543,91347,1,91347,1
78543,91347,1,91347,1
78543,91347,1,91347,1
78543,91347,1,91347,1
78543,91347,1,91347,1
78543,91347,1,91347,1
78543,91347,1,91347,1
78543,91347,1,91347,1
78543,91347,1,91347,1
78543,91347,1,91347,1
78543,91347,1,91347,1
78543,91347,1,91347,1
78543,91347,1,91347,1
78543,91347,1,91347,1
78543,91347,1,91347,1
78543,91347,1,91347,1
78543,91347,1,91347,1
78543,91347,1,91347,1
78543,91347,1,91347,1
78543,91347,1,91347,1
78543,91347,1,91347,1
78543,91347,1,91347,1
78543,91347,1,91347,1
78543,91347,1,91347,1
78543,91347,1,91347,1
78543,91347,1,91347,1
78543,91347,1,91347,1
78543,91347,1,91347,1
78543,91347,1,91347,1
78543,91347,1,91347,1
78543,91347,1,91347,1
78543,91347,1,91347,1
78543,91347,1,91347,1
78543,91347,1,91347,1
78543,91347,1,91347,1
78543,91347,1,91347,1
78543,91347,1,91347,1
78543,91347,1,91347,1
78543,91347,1,91347,1
78543,91347,1,91347,1
78543,91347,1,91347,1
78543,91347,1,91347,1
78543,91347,1,91347,1
78543,91347,1,91347,1
78543,91347,1,91383,1
78543,91383,1,91383,1
78543,91383,1,91383,1
78543,91383,1,91383,1
78543,91383,1,91383,1
78543,91383,1,91383,1
78543,91383,1,91383,1
78543,91383,1,91383,1
78543,91383,1,91383,1
78543,91383,1,91383,1
78543,91383,1,91383,1
78543,91383,1,91383,1
78543,91383,1,91383,1
78543,91383,1,91383,1
78543,91383,1,91383,1
78543,91383,1,91383,1
78543,91383,1,91383,1
78543,91383,1,91383,1
78543,91383,1,91383,1
78543,91383,1,91383,1
78543,91383,1,91383,1
78543,91383,1,91383,1
78543,91383,1,91383,1
78543,91383,1,91383,1
78543,91383,1,91383,1
78543,91383,1,91383,1
78543,91383,1,91383,1
78543,91383,1,91383,1
78543,91383,1,91383,1
78543,91383,1,91383,1
78543,91383,1,91383,1
78543,91383,1,91383,1
78543,91383,1,91383,1
78543,91383,1,91383,1
78543,91383,1,91383,1
78543,91383,1,91383,1
78543,91383,1,91383,1
78543,91383,1,91383,1
78543,91383,1,91383,1
78543,91383,1,91383,1
78543,91383,1,91383,1
78543,91383,1,91383,1
78543,91383,1,91383,1
78543,91383,1,91383,1
78543,91383,1,91383,1
78543,91383,1,91383,1
78543,91383,1,91383,1
78543,91383,1,91383,1
78543,91383,1,91383,1
78543,91383,1,91383,1
78543,91383,1,91383,1
78543,91383,1,91383,1
78543,91383,1,91383,1
78543,91383,1,91383,1
78543,91383,1,91383,1
78543,91383,1,91383,1
78543,91383,1,91383,1
78543,91383,1,91383,1
78543,91383,1,91383,1
78543,91383,1,91383,1
78543,91383,1,91383,1
78543,91383,1,91383,1
78543,91383,1,91383,1
78543,91383,1,91383,1
78543,91383,1,91383,1
78543,91383,1,91383,1
78543,91383,1,91383,1
78543,91383,1,91383,1
78543,91383,1,91383,1
78543,91383,1,91383,1
78543,91383,1,91383,1
78543,91383,1,91383,1
78543,91383,1,91383,1
78543,91383,1,91383,1
78543,91383,1,91383,1
78543,91383,1,91383,1
78543,91383,1,91383,1
78543,91383,1,91383,1
78543,91383,1,91383,1
78543,91383,1,91383,1
78543,91383,1,91383,1
78543,91383,1,91383,1
78543,91383,1,91383,1
78543,91383,1,91383,1
78543,91383,1,91383,1
78543,91383,1,91383,1
78543,91383,1,91383,1
78543,91383,1,91383,1
78543,91383,1,91383,1
78543,91383,1,91383,1
78543,91383,1,91383,1
78543,91383,1,91383,1
78543,91383,1,91383,1
78543,91383,1,91383,1
78543,91383,1,91383,1
78543,91383,1,91383,1
78543,91383,1,91383,1
78543,91383,1,89785,0
78543,89785,0,89785,0
78543,89785,0,89785,0
78543,89785,0,89785,0
78543,89785,0,89785,0
78543,89785,0,89785,0
78543,89785,0,89785,0
78543,89785,0,89785,0
78543,89785,0,89785,0
78543,89785,0,89785,0
78543,89785,0,89785,0
78543,89785,0,89785,0
78543,89785,0,89785,0
78543,89785,0,89785,0
78543,89785,0,89785,0
78543,89785,0,89785,0
78543,89785,0,89785,0
78543,89785,0,89785,0
78543,89785,0,89785,0
78543,89785,0,89785,0
78543,89785,0,89785,0
78543,89785,0,89785,0
78543,89785,0,89785,0
78543,89785,0,89785,0
78543,89785,0,89785,0
78543,89785,0,89785,0
78543,89785,0,89785,0
78543,89785,0,89785,0
78543,89785,0,89785,0
78543,89785,0,89785,0
78543,89785,0,89785,0
78543,89785,0,89785,0
78543,89785,0,89785,0
78543,89785,0,89785,0
78543,89785,0,89785,0
78543,89785,0,89785,0
78543,89785,0,89785,0
78543,89785,0,89785,0
78543,89785,0,89785,0
78543,89785,0,89785,0
78543,89785,0,89785,0
78543,89785,0,89785,0
78543,89785,0,89785,0
78543,89785,0,89785,0
78543,89785,0,89785,0
78543,89785,0,89785,0
78543,89785,0,89785,0
78543,89785,0,89785,0
78543,89785,0,89785,0
78543,89785,0,89785,0
78543,89785,0,89785,0
78543,89785,0,89785,0
78543,89785,0,89785,0
78543,89785,0,89785,0
78543,89785,0,89785,0
78543,89785,0,89785,0
78543,89785,0,89785,0
78543,89785,0,89785,0
78543,89785,0,89785,0
78543,89785,0,89785,0
78543,89785,0,89785,0
78543,89785,0,89785,0
78543,89785,0,89785,0
78543,89785,0,89785,0
78543,89785,0,89785,0
78543,89785,0,89785,0
78543,89785,0,89785,0
78543,89785,0,89785,0
78543,89785,0,89785,0
78543,89785,0,89785,0
78543,89785,0,89785,0
78543,89785,0,89785,0
78543,89785,0,89785,0
78543,89785,0,89785,0
78543,89785,0,89785,0
78543,89785,0,89785,0
78543,89785,0,89785,0
78543,89785,0,89785,0
78543,89785,0,89785,0
78543,89785,0,89785,0
78543,89785,0,89785,0
78543,89785,0,89785,0
78543,89785,0,89785,0
78543,89785,0,89785,0
78543,89785,0,89785,0
78543,89785,0,89785,0
78543,89785,0,89785,0
78543,89785,0,89785,0
78543,89785,0,89785,0
78543,89785,0,89785,0
78543,89785,0,89785,0
78543,89785,0,89785,0
78543,89785,0,89785,0
78543,89785,0,89770,1
78543,89770,1,89770,1
78543,89770,1,89770,1
78543,89770,1,89770,1
78543,89770,1,89770,1
78543,89770,1,89770,1
78543,89770,1,89770,1
78543,89770,1,89770,1
78543,89770,1,89770,1
78543,89770,1,89770,1
78543,89770,1,89770,1
78543,89770,1,89770,1
78543,89770,1,89770,1
78543,89770,1,89770,1
78543,89770,1,89770,1
78543,89770,1,89770,1
78543,89770,1,89770,1
78543,89770,1,89770,1
78543,89770,1,89770,1
78543,89770,1,89770,1
78543,89770,1,89770,1
78543,89770,1,89770,1
78543,89770,1,89770,1
78543,89770,1,89770,1
78543,89770,1,89770,1
78543,89770,1,89770,1
78543,89770,1,89770,1
78543,89770,1,89770,1
78543,89770,1,89770,1
78543,89770,1,89770,1
78543,89770,1,89770,1
78543,89770,1,89770,1
78543,89770,1,89770,1
78543,89770,1,89770,1
78543,89770,1,89770,1
78543,89770,1,89770,1
78543,89770,1,89770,1
78543,89770,1,89770,1
78543,89770,1,89770,1
78543,89770,1,89770,1
78543,89770,1,89770,1
78543,89770,1,89770,1
78543,89770,1,89770,1
78543,89770,1,89770,1
78543,89770,1,89770,1
78543,89770,1,89770,1
78543,89770,1,89770,1
78543,89770,1,89770,1
78543,89770,1,89770,1
78543,89770,1,89770,1
78543,89770,1,89770,1
78543,89770,1,89770,1
78543,89770,1,89770,1
78543,89770,1,89770,1
78543,89770,1,89770,1
78543,89770,1,89770,1
78543,89770,1,89770,1
78543,89770,1,89770,1
78543,89770,1,89770,1
78543,89770,1,89770,1
78543,89770,1,89770,1
78543,89770,1,89770,1
78543,89770,1,89770,1
78543,89770,1,89770,1
78543,89770,1,89770,1
78543,89770,1,89770,1
78543,89770,1,89770,1
78543,89770,1,89770,1
78543,89770,1,89770,1
78543,89770,1,89770,1
78543,89770,1,89770,1
78543,89770,1,89770,1
78543,89770,1,89770,1
78543,89770,1,89770,1
78543,89770,1,89770,1
78543,89770,1,89770,1
78543,89770,1,89770,1
78543,89770,1,89770,1
78543,89770,1,89770,1
78543,89770,1,89770,1
78543,89770,1,89770,1
78543,89770,1,89770,1
78543,89770,1,89770,1
78543,89770,1,89770,1
78543,89770,1,89770,1
78543,89770,1,89770,1
78543,89770,1,89770,1
78543,89770,1,89770,1
78543,89770,1,89770,1
78543,89770,1,89770,1
78543,89770,1,89770,1
78543,89770,1,89770,1
78543,89770,1,89770,1
78543,89770,1,89780,1
78543,89780,1,89780,1
78543,89780,1,89780,1
78543,89780,1,89780,1
78543,89780,1,89780,1
78543,89780,1,89780,1
78543,89780,1,89780,1
78543,89780,1,89780,1
78543,89780,1,89780,1
78543,89780,1,89780,1
78543,89780,1,89780,1
78543,89780,1,89780,1
78543,89780,1,89780,1
78543,89780,1,89780,1
78543,89780,1,89780,1
78543,89780,1,89780,1
78543,89780,1,89780,1
78543,89780,1,89780,1
78543,89780,1,89780,1
78543,89780,1,89780,1
78543,89780,1,89780,1
78543,89780,1,89780,1
78543,89780,1,89780,1
78543,89780,1,89780,1
78543,89780,1,89780,1
78543,89780,1,89780,1
78543,89780,1,89780,1
78543,89780,1,89780,1
78543,89780,1,89780,1
78543,89780,1,89780,1
78543,89780,1,89780,1
78543,89780,1,89780,1
78543,89780,1,89780,1
78543,89780,1,89780,1
78543,89780,1,89780,1
78543,89780,1,89780,1
78543,89780,1,89780,1
78543,89780,1,89780,1
78543,89780,1,89780,1
78543,89780,1,89780,1
78543,89780,1,89780,1
78543,89780,1,89780,1
78543,89780,1,89780,1
78543,89780,1,89780,1
78543,89780,1,89780,1
78543,89780,1,89780,1
78543,89780,1,89780,1
78543,89780,1,89780,1
78543,89780,1,89780,1
78543,89780,1,89780,1
78543,89780,1,89780,1
78543,89780,1,89780,1
78543,89780,1,89780,1
78543,89780,1,89780,1
78543,89780,1,89780,1
78543,89780,1,89780,1
78543,89780,1,89780,1
78543,89780,1,89780,1
78543,89780,1,89780,1
78543,89780,1,89780,1
78543,89780,1,89780,1
78543,89780,1,89780,1
78543,89780,1,89780,1
78543,89780,1,89780,1
78543,89780,1,89780,1
78543,89780,1,89780,1
78543,89780,1,89780,1
78543,89780,1,89780,1
78543,89780,1,89780,1
78543,89780,1,89780,1
78543,89780,1,89780,1
78543,89780,1,89780,1
78543,89780,1,89780,1
78543,89780,1,89780,1
78543,89780,1,89780,1
78543,89780,1,89780,1
78543,89780,1,89780,1
78543,89780,1,89780,1
78543,89780,1,89780,1
78543,89780,1,89780,1
78543,89780,1,89780,1
78543,89780,1,89780,1
78543,89780,1,89780,1
78543,89780,1,89780,1
78543,89780,1,89780,1
78543,89780,1,89780,1
78543,89780,1,89780,1
78543,89780,1,89780,1
78543,89780,1,89780,1
78543,89780,1,89780,1
78543,89780,1,89780,1
78543,89780,1,89780,1
78543,89780,1,89780,1
78543,89780,1,89781,1
78543,89781,1,89781,1
78543,89781,1,89781,1
78543,89781,1,89781,1
78543,89781,1,89781,1
78543,89781,1,89781,1
78543,89781,1,89781,1
78543,89781,1,89781,1
78543,89781,1,89781,1
78543,89781,1,89781,1
78543,89781,1,89781,1
78543,89781,1,89781,1
78543,89781,1,89781,1
78543,89781,1,89781,1
78543,89781,1,89781,1
78543,89781,1,89781,1
78543,89781,1,89781,1
78543,89781,1,89781,1
78543,89781,1,89781,1
78543,89781,1,89781,1
78543,89781,1,89781,1
78543,89781,1,89781,1
78543,89781,1,89781,1
78543,89781,1,89781,1
78543,89781,1,89781,1
78543,89781,1,89781,1
78543,89781,1,89781,1
78543,89781,1,89781,1
78543,89781,1,89781,1
78543,89781,1,89781,1
78543,89781,1,89781,1
78543,89781,1,89781,1
78543,89781,1,89781,1
78543,89781,1,89781,1
78543,89781,1,89781,1
78543,89781,1,89781,1
78543,89781,1,89781,1
78543,89781,1,89781,1
78543,89781,1,89781,1
78543,89781,1,89781,1
78543,89781,1,89781,1
78543,89781,1,89781,1
78543,89781,1,89781,1
78543,89781,1,89781,1
78543,89781,1,89781,1
78543,89781,1,89781,1
78543,89781,1,89781,1
78543,89781,1,89781,1
78543,89781,1,89781,1
78543,89781,1,89781,1
78543,89781,1,89781,1
78543,89781,1,89781,1
78543,89781,1,89781,1
78543,89781,1,89781,1
78543,89781,1,89781,1
78543,89781,1,89781,1
78543,89781,1,89781,1
78543,89781,1,89781,1
78543,89781,1,89781,1
78543,89781,1,89781,1
78543,89781,1,89781,1
78543,89781,1,89781,1
78543,89781,1,89781,1
78543,89781,1,89781,1
78543,89781,1,89781,1
78543,89781,1,89781,1
78543,89781,1,89781,1
78543,89781,1,89781,1
78543,89781,1,89781,1
78543,89781,1,89781,1
78543,89781,1,89781,1
78543,89781,1,89781,1
78543,89781,1,89781,1
78543,89781,1,89781,1
78543,89781,1,89781,1
78543,89781,1,89781,1
78543,89781,1,89781,1
78543,89781,1,89781,1
78543,89781,1,89781,1
78543,89781,1,89781,1
78543,89781,1,89781,1
78543,89781,1,89781,1
78543,89781,1,89781,1
78543,89781,1,89781,1
78543,89781,1,89781,1
78543,89781,1,89781,1
78543,89781,1,89781,1
78543,89781,1,89781,1
78543,89781,1,89781,1
78543,89781,1,89781,1
78543,89781,1,89781,1
78543,89781,1,89781,1
78543,89781,1,89781,1
78543,89781,1,89833,1
78543,89833,1,89833,1
78543,89833,1,89833,1
78543,89833,1,89833,1
78543,89833,1,89833,1
78543,89833,1,89833,1
78543,89833,1,89833,1
78543,89833,1,89833,1
78543,89833,1,89833,1
78543,89833,1,89833,1
78543,89833,1,89833,1
78543,89833,1,89833,1
78543,89833,1,89833,1
78543,89833,1,89833,1
78543,89833,1,89833,1
78543,89833,1,89833,1
78543,89833,1,89833,1
78543,89833,1,89833,1
78543,89833,1,89833,1
78543,89833,1,89833,1
78543,89833,1,89833,1
78543,89833,1,89833,1
78543,89833,1,89833,1
78543,89833,1,89833,1
78543,89833,1,89833,1
78543,89833,1,89833,1
78543,89833,1,89833,1
78543,89833,1,89833,1
78543,89833,1,89833,1
78543,89833,1,89833,1
78543,89833,1,89833,1
78543,89833,1,89833,1
78543,89833,1,89833,1
78543,89833,1,89833,1
78543,89833,1,89833,1
78543,89833,1,89833,1
78543,89833,1,89833,1
78543,89833,1,89833,1
78543,89833,1,89833,1
78543,89833,1,89833,1
78543,89833,1,89833,1
78543,89833,1,89833,1
78543,89833,1,89833,1
78543,89833,1,89833,1
78543,89833,1,89833,1
78543,89833,1,89833,1
78543,89833,1,173922,1
78543,173922,1,173900,0
78543,173900,0,173947,1
78543,173947,1,173944,0
78543,173944,0,173934,0
78544,93215,1,93215,1
78544,93215,1,93215,1
78544,93215,1,93215,1
78544,93215,1,93215,1
78544,93215,1,93215,1
78544,93215,1,93215,1
78544,93215,1,93215,1
78544,93215,1,93215,1
78544,93215,1,93215,1
78544,93215,1,93215,1
78544,93215,1,93215,1
78544,93215,1,93215,1
78544,93215,1,93215,1
78544,93215,1,93215,1
78544,93215,1,93215,1
78544,93215,1,93215,1
78544,93215,1,93215,1
78544,93215,1,93215,1
78544,93215,1,93215,1
78544,93215,1,93215,1
78544,93215,1,93215,1
78544,93215,1,93215,1
78544,93215,1,93215,1
78544,93215,1,93215,1
78544,93215,1,93215,1
78544,93215,1,93215,1
78544,93215,1,93215,1
78544,93215,1,93215,1
78544,93215,1,93215,1
78544,93215,1,93215,1
78544,93215,1,93215,1
78544,93215,1,93215,1
78544,93215,1,93215,1
78544,93215,1,93215,1
78544,93215,1,93215,1
78544,93215,1,93215,1
78544,93215,1,93215,1
78544,93215,1,93215,1
78544,93215,1,93215,1
78544,93215,1,93215,1
78544,93215,1,93215,1
78544,93215,1,93215,1
78544,93215,1,93215,1
78544,93215,1,93215,1
78544,93215,1,93215,1
78544,93215,1,93155,0
78544,93155,0,93155,0
78544,93155,0,93155,0
78544,93155,0,93155,0
78544,93155,0,93155,0
78544,93155,0,93155,0
78544,93155,0,93155,0
78544,93155,0,93155,0
78544,93155,0,93155,0
78544,93155,0,93155,0
78544,93155,0,93155,0
78544,93155,0,93155,0
78544,93155,0,93155,0
78544,93155,0,93155,0
78544,93155,0,93155,0
78544,93155,0,93155,0
78544,93155,0,93155,0
78544,93155,0,93155,0
78544,93155,0,93155,0
78544,93155,0,93155,0
78544,93155,0,93155,0
78544,93155,0,93155,0
78544,93155,0,93155,0
78544,93155,0,93155,0
78544,93155,0,93155,0
78544,93155,0,93155,0
78544,93155,0,93155,0
78544,93155,0,93155,0
78544,93155,0,93155,0
78544,93155,0,93155,0
78544,93155,0,93155,0
78544,93155,0,93155,0
78544,93155,0,93155,0
78544,93155,0,93155,0
78544,93155,0,93155,0
78544,93155,0,93155,0
78544,93155,0,93155,0
78544,93155,0,93155,0
78544,93155,0,93155,0
78544,93155,0,93155,0
78544,93155,0,93155,0
78544,93155,0,93155,0
78544,93155,0,93155,0
78544,93155,0,93155,0
78544,93155,0,93155,0
78544,93155,0,93155,0
78544,93155,0,93165,1
78544,93165,1,93165,1
78544,93165,1,93165,1
78544,93165,1,93165,1
78544,93165,1,93165,1
78544,93165,1,93165,1
78544,93165,1,93165,1
78544,93165,1,93165,1
78544,93165,1,93165,1
78544,93165,1,93165,1
78544,93165,1,93165,1
78544,93165,1,93165,1
78544,93165,1,93165,1
78544,93165,1,93165,1
78544,93165,1,93165,1
78544,93165,1,93165,1
78544,93165,1,93165,1
78544,93165,1,93165,1
78544,93165,1,93165,1
78544,93165,1,93165,1
78544,93165,1,93165,1
78544,93165,1,93165,1
78544,93165,1,93165,1
78544,93165,1,93165,1
78544,93165,1,93165,1
78544,93165,1,93165,1
78544,93165,1,93165,1
78544,93165,1,93165,1
78544,93165,1,93165,1
78544,93165,1,93165,1
78544,93165,1,93165,1
78544,93165,1,93165,1
78544,93165,1,93165,1
78544,93165,1,93165,1
78544,93165,1,93165,1
78544,93165,1,93165,1
78544,93165,1,93165,1
78544,93165,1,93165,1
78544,93165,1,93165,1
78544,93165,1,93165,1
78544,93165,1,93165,1
78544,93165,1,93165,1
78544,93165,1,93165,1
78544,93165,1,93165,1
78544,93165,1,93165,1
78544,93165,1,93165,1
78544,93165,1,93241,1
78544,93241,1,93241,1
78544,93241,1,93241,1
78544,93241,1,93241,1
78544,93241,1,93241,1
78544,93241,1,93241,1
78544,93241,1,93241,1
78544,93241,1,93241,1
78544,93241,1,93241,1
78544,93241,1,93241,1
78544,93241,1,93241,1
78544,93241,1,93241,1
78544,93241,1,93241,1
78544,93241,1,93241,1
78544,93241,1,93241,1
78544,93241,1,93241,1
78544,93241,1,93241,1
78544,93241,1,93241,1
78544,93241,1,93241,1
78544,93241,1,93241,1
78544,93241,1,93241,1
78544,93241,1,93241,1
78544,93241,1,93241,1
78544,93241,1,93241,1
78544,93241,1,93241,1
78544,93241,1,93241,1
78544,93241,1,93241,1
78544,93241,1,93241,1
78544,93241,1,93241,1
78544,93241,1,93241,1
78544,93241,1,93241,1
78544,93241,1,93241,1
78544,93241,1,93241,1
78544,93241,1,93241,1
78544,93241,1,93241,1
78544,93241,1,93241,1
78544,93241,1,93241,1
78544,93241,1,93241,1
78544,93241,1,93241,1
78544,93241,1,93241,1
78544,93241,1,93241,1
78544,93241,1,93241,1
78544,93241,1,93241,1
78544,93241,1,93241,1
78544,93241,1,93241,1
78544,93241,1,93241,1
78544,93241,1,93235,0
78544,93235,0,93235,0
78544,93235,0,93235,0
78544,93235,0,93235,0
78544,93235,0,93235,0
78544,93235,0,93235,0
78544,93235,0,93235,0
78544,93235,0,93235,0
78544,93235,0,93235,0
78544,93235,0,93235,0
78544,93235,0,93235,0
78544,93235,0,93235,0
78544,93235,0,93235,0
78544,93235,0,93235,0
78544,93235,0,93235,0
78544,93235,0,93235,0
78544,93235,0,93235,0
78544,93235,0,93235,0
78544,93235,0,93235,0
78544,93235,0,93235,0
78544,93235,0,93235,0
78544,93235,0,93235,0
78544,93235,0,93235,0
78544,93235,0,93235,0
78544,93235,0,93235,0
78544,93235,0,93235,0
78544,93235,0,93235,0
78544,93235,0,93235,0
78544,93235,0,93235,0
78544,93235,0,93235,0
78544,93235,0,93235,0
78544,93235,0,93235,0
78544,93235,0,93235,0
78544,93235,0,93235,0
78544,93235,0,93235,0
78544,93235,0,93235,0
78544,93235,0,93235,0
78544,93235,0,93235,0
78544,93235,0,93235,0
78544,93235,0,93235,0
78544,93235,0,93235,0
78544,93235,0,93235,0
78544,93235,0,93235,0
78544,93235,0,93235,0
78544,93235,0,93235,0
78544,93235,0,93235,0
78544,93235,0,93214,1
78544,93214,1,93214,1
78544,93214,1,93214,1
78544,93214,1,93214,1
78544,93214,1,93214,1
78544,93214,1,93214,1
78544,93214,1,93214,1
78544,93214,1,93214,1
78544,93214,1,93214,1
78544,93214,1,93214,1
78544,93214,1,93214,1
78544,93214,1,93214,1
78544,93214,1,93214,1
78544,93214,1,93214,1
78544,93214,1,93214,1
78544,93214,1,93214,1
78544,93214,1,93214,1
78544,93214,1,93214,1
78544,93214,1,93214,1
78544,93214,1,93214,1
78544,93214,1,93214,1
78544,93214,1,93214,1
78544,93214,1,93214,1
78544,93214,1,93214,1
78544,93214,1,93214,1
78544,93214,1,93214,1
78544,93214,1,93214,1
78544,93214,1,93214,1
78544,93214,1,93214,1
78544,93214,1,93214,1
78544,93214,1,93214,1
78544,93214,1,93214,1
78544,93214,1,93214,1
78544,93214,1,93214,1
78544,93214,1,93214,1
78544,93214,1,93214,1
78544,93214,1,93214,1
78544,93214,1,93214,1
78544,93214,1,93214,1
78544,93214,1,93214,1
78544,93214,1,93214,1
78544,93214,1,93214,1
78544,93214,1,93214,1
78544,93214,1,93214,1
78544,93214,1,93214,1
78544,93214,1,93214,1
78544,93214,1,93228,1
78544,93228,1,93228,1
78544,93228,1,93228,1
78544,93228,1,93228,1
78544,93228,1,93228,1
78544,93228,1,93228,1
78544,93228,1,93228,1
78544,93228,1,93228,1
78544,93228,1,93228,1
78544,93228,1,93228,1
78544,93228,1,93228,1
78544,93228,1,93228,1
78544,93228,1,93228,1
78544,93228,1,93228,1
78544,93228,1,93228,1
78544,93228,1,93228,1
78544,93228,1,93228,1
78544,93228,1,93228,1
78544,93228,1,93228,1
78544,93228,1,93228,1
78544,93228,1,93228,1
78544,93228,1,93228,1
78544,93228,1,93228,1
78544,93228,1,93228,1
78544,93228,1,93228,1
78544,93228,1,93228,1
78544,93228,1,93228,1
78544,93228,1,93228,1
78544,93228,1,93228,1
78544,93228,1,93228,1
78544,93228,1,93228,1
78544,93228,1,93228,1
78544,93228,1,93228,1
78544,93228,1,93228,1
78544,93228,1,93228,1
78544,93228,1,93228,1
78544,93228,1,93228,1
78544,93228,1,93228,1
78544,93228,1,93228,1
78544,93228,1,93228,1
78544,93228,1,93228,1
78544,93228,1,93228,1
78544,93228,1,93228,1
78544,93228,1,93228,1
78544,93228,1,93228,1
78544,93228,1,93228,1
78544,93228,1,93217,1
78544,93217,1,93217,1
78544,93217,1,93217,1
78544,93217,1,93217,1
78544,93217,1,93217,1
78544,93217,1,93217,1
78544,93217,1,93217,1
78544,93217,1,93217,1
78544,93217,1,93217,1
78544,93217,1,93217,1
78544,93217,1,93217,1
78544,93217,1,93217,1
78544,93217,1,93217,1
78544,93217,1,93217,1
78544,93217,1,93217,1
78544,93217,1,93217,1
78544,93217,1,93217,1
78544,93217,1,93217,1
78544,93217,1,93217,1
78544,93217,1,93217,1
78544,93217,1,93217,1
78544,93217,1,93217,1
78544,93217,1,93217,1
78544,93217,1,93217,1
78544,93217,1,93217,1
78544,93217,1,93217,1
78544,93217,1,93217,1
78544,93217,1,93217,1
78544,93217,1,93217,1
78544,93217,1,93217,1
78544,93217,1,93217,1
78544,93217,1,93217,1
78544,93217,1,93217,1
78544,93217,1,93217,1
78544,93217,1,93217,1
78544,93217,1,93217,1
78544,93217,1,93217,1
78544,93217,1,93217,1
78544,93217,1,93217,1
78544,93217,1,93217,1
78544,93217,1,93217,1
78544,93217,1,93217,1
78544,93217,1,93217,1
78544,93217,1,93217,1
78544,93217,1,93217,1
78544,93217,1,93217,1
78544,93217,1,86119,1
78544,86119,1,86119,1
78544,86119,1,86119,1
78544,86119,1,86119,1
78544,86119,1,86119,1
78544,86119,1,86119,1
78544,86119,1,86119,1
78544,86119,1,86119,1
78544,86119,1,86119,1
78544,86119,1,86119,1
78544,86119,1,86119,1
78544,86119,1,86119,1
78544,86119,1,86119,1
78544,86119,1,86119,1
78544,86119,1,86119,1
78544,86119,1,86119,1
78544,86119,1,86119,1
78544,86119,1,86119,1
78544,86119,1,86119,1
78544,86119,1,86119,1
78544,86119,1,86119,1
78544,86119,1,86119,1
78544,86119,1,86119,1
78544,86119,1,86119,1
78544,86119,1,86119,1
78544,86119,1,86119,1
78544,86119,1,86119,1
78544,86119,1,86119,1
78544,86119,1,86119,1
78544,86119,1,86119,1
78544,86119,1,86119,1
78544,86119,1,86119,1
78544,86119,1,86119,1
78544,86119,1,86119,1
78544,86119,1,86119,1
78544,86119,1,86119,1
78544,86119,1,86119,1
78544,86119,1,86119,1
78544,86119,1,86119,1
78544,86119,1,86119,1
78544,86119,1,86119,1
78544,86119,1,86119,1
78544,86119,1,86119,1
78544,86119,1,86119,1
78544,86119,1,86119,1
78544,86119,1,86119,1
78544,86119,1,86097,0
78544,86097,0,86097,0
78544,86097,0,86097,0
78544,86097,0,86097,0
78544,86097,0,86097,0
78544,86097,0,86097,0
78544,86097,0,86097,0
78544,86097,0,86097,0
78544,86097,0,86097,0
78544,86097,0,86097,0
78544,86097,0,86097,0
78544,86097,0,86097,0
78544,86097,0,86097,0
78544,86097,0,86097,0
78544,86097,0,86097,0
78544,86097,0,86097,0
78544,86097,0,86097,0
78544,86097,0,86097,0
78544,86097,0,86097,0
78544,86097,0,86097,0
78544,86097,0,86097,0
78544,86097,0,86097,0
78544,86097,0,86097,0
78544,86097,0,86097,0
78544,86097,0,86097,0
78544,86097,0,86097,0
78544,86097,0,86097,0
78544,86097,0,86097,0
78544,86097,0,86097,0
78544,86097,0,86097,0
78544,86097,0,86097,0
78544,86097,0,86097,0
78544,86097,0,86097,0
78544,86097,0,86097,0
78544,86097,0,86097,0
78544,86097,0,86097,0
78544,86097,0,86097,0
78544,86097,0,86097,0
78544,86097,0,86097,0
78544,86097,0,86097,0
78544,86097,0,86097,0
78544,86097,0,86097,0
78544,86097,0,86097,0
78544,86097,0,86097,0
78544,86097,0,86097,0
78544,86097,0,86097,0
78544,86097,0,85670,0
78544,85670,0,85670,0
78544,85670,0,85670,0
78544,85670,0,85670,0
78544,85670,0,85670,0
78544,85670,0,85670,0
78544,85670,0,85670,0
78544,85670,0,85670,0
78544,85670,0,85670,0
78544,85670,0,85670,0
78544,85670,0,85670,0
78544,85670,0,85670,0
78544,85670,0,85670,0
78544,85670,0,85670,0
78544,85670,0,85670,0
78544,85670,0,85670,0
78544,85670,0,85670,0
78544,85670,0,85670,0
78544,85670,0,85670,0
78544,85670,0,85670,0
78544,85670,0,85670,0
78544,85670,0,85670,0
78544,85670,0,85670,0
78544,85670,0,85670,0
78544,85670,0,85670,0
78544,85670,0,85670,0
78544,85670,0,85670,0
78544,85670,0,85670,0
78544,85670,0,85670,0
78544,85670,0,85670,0
78544,85670,0,85670,0
78544,85670,0,85670,0
78544,85670,0,85670,0
78544,85670,0,85670,0
78544,85670,0,85670,0
78544,85670,0,85670,0
78544,85670,0,85670,0
78544,85670,0,85670,0
78544,85670,0,85670,0
78544,85670,0,85670,0
78544,85670,0,85670,0
78544,85670,0,85670,0
78544,85670,0,85670,0
78544,85670,0,85670,0
78544,85670,0,85670,0
78544,85670,0,85670,0
78544,85670,0,86122,1
78544,86122,1,86122,1
78544,86122,1,86122,1
78544,86122,1,86122,1
78544,86122,1,86122,1
78544,86122,1,86122,1
78544,86122,1,86122,1
78544,86122,1,86122,1
78544,86122,1,86122,1
78544,86122,1,86122,1
78544,86122,1,86122,1
78544,86122,1,86122,1
78544,86122,1,86122,1
78544,86122,1,86122,1
78544,86122,1,86122,1
78544,86122,1,86122,1
78544,86122,1,86122,1
78544,86122,1,86122,1
78544,86122,1,86122,1
78544,86122,1,86122,1
78544,86122,1,86122,1
78544,86122,1,86122,1
78544,86122,1,86122,1
78544,86122,1,86122,1
78544,86122,1,86122,1
78544,86122,1,86122,1
78544,86122,1,86122,1
78544,86122,1,86122,1
78544,86122,1,86122,1
78544,86122,1,86122,1
78544,86122,1,86122,1
78544,86122,1,86122,1
78544,86122,1,86122,1
78544,86122,1,86122,1
78544,86122,1,86122,1
78544,86122,1,86122,1
78544,86122,1,86122,1
78544,86122,1,86122,1
78544,86122,1,86122,1
78544,86122,1,86122,1
78544,86122,1,86122,1
78544,86122,1,86122,1
78544,86122,1,86122,1
78544,86122,1,86122,1
78544,86122,1,86122,1
78544,86122,1,86122,1
78544,86122,1,85101,1
78544,85101,1,85101,1
78544,85101,1,85101,1
78544,85101,1,85101,1
78544,85101,1,85101,1
78544,85101,1,85101,1
78544,85101,1,85101,1
78544,85101,1,85101,1
78544,85101,1,85101,1
78544,85101,1,85101,1
78544,85101,1,85101,1
78544,85101,1,85101,1
78544,85101,1,85101,1
78544,85101,1,85101,1
78544,85101,1,85101,1
78544,85101,1,85101,1
78544,85101,1,85101,1
78544,85101,1,85101,1
78544,85101,1,85101,1
78544,85101,1,85101,1
78544,85101,1,85101,1
78544,85101,1,85101,1
78544,85101,1,85101,1
78544,85101,1,85101,1
78544,85101,1,85101,1
78544,85101,1,85101,1
78544,85101,1,85101,1
78544,85101,1,85101,1
78544,85101,1,85101,1
78544,85101,1,85101,1
78544,85101,1,85101,1
78544,85101,1,85101,1
78544,85101,1,85101,1
78544,85101,1,85101,1
78544,85101,1,85101,1
78544,85101,1,85101,1
78544,85101,1,85101,1
78544,85101,1,85101,1
78544,85101,1,85101,1
78544,85101,1,85101,1
78544,85101,1,85101,1
78544,85101,1,85101,1
78544,85101,1,85101,1
78544,85101,1,85101,1
78544,85101,1,85101,1
78544,85101,1,85101,1
78544,85101,1,84706,1
78544,84706,1,84706,1
78544,84706,1,84706,1
78544,84706,1,84706,1
78544,84706,1,84706,1
78544,84706,1,84706,1
78544,84706,1,84706,1
78544,84706,1,84706,1
78544,84706,1,84706,1
78544,84706,1,84706,1
78544,84706,1,84706,1
78544,84706,1,84706,1
78544,84706,1,84706,1
78544,84706,1,84706,1
78544,84706,1,84706,1
78544,84706,1,84706,1
78544,84706,1,84706,1
78544,84706,1,84706,1
78544,84706,1,84706,1
78544,84706,1,84706,1
78544,84706,1,84706,1
78544,84706,1,84706,1
78544,84706,1,84706,1
78544,84706,1,84706,1
78544,84706,1,84706,1
78544,84706,1,84706,1
78544,84706,1,84706,1
78544,84706,1,84706,1
78544,84706,1,84706,1
78544,84706,1,84706,1
78544,84706,1,84706,1
78544,84706,1,84706,1
78544,84706,1,84706,1
78544,84706,1,84706,1
78544,84706,1,84706,1
78544,84706,1,84706,1
78544,84706,1,84706,1
78544,84706,1,84706,1
78544,84706,1,84706,1
78544,84706,1,84706,1
78544,84706,1,84706,1
78544,84706,1,84706,1
78544,84706,1,84706,1
78544,84706,1,84706,1
78544,84706,1,84706,1
78544,84706,1,84706,1
78544,84706,1,89262,0
78544,89262,0,89262,0
78544,89262,0,89262,0
78544,89262,0,89262,0
78544,89262,0,89262,0
78544,89262,0,89262,0
78544,89262,0,89262,0
78544,89262,0,89262,0
78544,89262,0,89262,0
78544,89262,0,89262,0
78544,89262,0,89262,0
78544,89262,0,89262,0
78544,89262,0,89262,0
78544,89262,0,89262,0
78544,89262,0,89262,0
78544,89262,0,89262,0
78544,89262,0,89262,0
78544,89262,0,89262,0
78544,89262,0,89262,0
78544,89262,0,89262,0
78544,89262,0,89262,0
78544,89262,0,89262,0
78544,89262,0,89262,0
78544,89262,0,89262,0
78544,89262,0,89262,0
78544,89262,0,89262,0
78544,89262,0,89262,0
78544,89262,0,89262,0
78544,89262,0,89262,0
78544,89262,0,89262,0
78544,89262,0,89262,0
78544,89262,0,89262,0
78544,89262,0,89262,0
78544,89262,0,89262,0
78544,89262,0,89262,0
78544,89262,0,89262,0
78544,89262,0,89262,0
78544,89262,0,89262,0
78544,89262,0,89262,0
78544,89262,0,89262,0
78544,89262,0,89262,0
78544,89262,0,89262,0
78544,89262,0,89262,0
78544,89262,0,89262,0
78544,89262,0,89262,0
78544,89262,0,89262,0
78544,89262,0,89262,0
78544,89262,0,89267,1
78544,89267,1,89267,1
78544,89267,1,89267,1
78544,89267,1,89267,1
78544,89267,1,89267,1
78544,89267,1,89267,1
78544,89267,1,89267,1
78544,89267,1,89267,1
78544,89267,1,89267,1
78544,89267,1,89267,1
78544,89267,1,89267,1
78544,89267,1,89267,1
78544,89267,1,89267,1
78544,89267,1,89267,1
78544,89267,1,89267,1
78544,89267,1,89267,1
78544,89267,1,89267,1
78544,89267,1,89267,1
78544,89267,1,89267,1
78544,89267,1,89267,1
78544,89267,1,89267,1
78544,89267,1,89267,1
78544,89267,1,89267,1
78544,89267,1,89267,1
78544,89267,1,89267,1
78544,89267,1,89267,1
78544,89267,1,89267,1
78544,89267,1,89267,1
78544,89267,1,89267,1
78544,89267,1,89267,1
78544,89267,1,89267,1
78544,89267,1,89267,1
78544,89267,1,89267,1
78544,89267,1,89267,1
78544,89267,1,89267,1
78544,89267,1,89267,1
78544,89267,1,89267,1
78544,89267,1,89267,1
78544,89267,1,89267,1
78544,89267,1,89267,1
78544,89267,1,89267,1
78544,89267,1,89267,1
78544,89267,1,89267,1
78544,89267,1,89267,1
78544,89267,1,89267,1
78544,89267,1,89267,1
78544,89267,1,89267,1
78544,89267,1,89237,1
78544,89237,1,89237,1
78544,89237,1,89237,1
78544,89237,1,89237,1
78544,89237,1,89237,1
78544,89237,1,89237,1
78544,89237,1,89237,1
78544,89237,1,89237,1
78544,89237,1,89237,1
78544,89237,1,89237,1
78544,89237,1,89237,1
78544,89237,1,89237,1
78544,89237,1,89237,1
78544,89237,1,89237,1
78544,89237,1,89237,1
78544,89237,1,89237,1
78544,89237,1,89237,1
78544,89237,1,89237,1
78544,89237,1,89237,1
78544,89237,1,89237,1
78544,89237,1,89237,1
78544,89237,1,89237,1
78544,89237,1,89237,1
78544,89237,1,89237,1
78544,89237,1,89237,1
78544,89237,1,89237,1
78544,89237,1,89237,1
78544,89237,1,89237,1
78544,89237,1,89237,1
78544,89237,1,89237,1
78544,89237,1,89237,1
78544,89237,1,89237,1
78544,89237,1,89237,1
78544,89237,1,89237,1
78544,89237,1,89237,1
78544,89237,1,89237,1
78544,89237,1,89237,1
78544,89237,1,89237,1
78544,89237,1,89237,1
78544,89237,1,89237,1
78544,89237,1,89237,1
78544,89237,1,89237,1
78544,89237,1,89237,1
78544,89237,1,89237,1
78544,89237,1,89237,1
78544,89237,1,89237,1
78544,89237,1,89237,1
78544,89237,1,89285,1
78544,89285,1,89285,1
78544,89285,1,89285,1
78544,89285,1,89285,1
78544,89285,1,89285,1
78544,89285,1,89285,1
78544,89285,1,89285,1
78544,89285,1,89285,1
78544,89285,1,89285,1
78544,89285,1,89285,1
78544,89285,1,89285,1
78544,89285,1,89285,1
78544,89285,1,89285,1
78544,89285,1,89285,1
78544,89285,1,89285,1
78544,89285,1,89285,1
78544,89285,1,89285,1
78544,89285,1,89285,1
78544,89285,1,89285,1
78544,89285,1,89285,1
78544,89285,1,89285,1
78544,89285,1,89285,1
78544,89285,1,89285,1
78544,89285,1,89285,1
78544,89285,1,89285,1
78544,89285,1,89285,1
78544,89285,1,89285,1
78544,89285,1,89285,1
78544,89285,1,89285,1
78544,89285,1,89285,1
78544,89285,1,89285,1
78544,89285,1,89285,1
78544,89285,1,89285,1
78544,89285,1,89285,1
78544,89285,1,89285,1
78544,89285,1,89285,1
78544,89285,1,89285,1
78544,89285,1,89285,1
78544,89285,1,89285,1
78544,89285,1,89285,1
78544,89285,1,89285,1
78544,89285,1,89285,1
78544,89285,1,89285,1
78544,89285,1,89285,1
78544,89285,1,89285,1
78544,89285,1,89285,1
78544,89285,1,89285,1
78544,89285,1,89280,1
78544,89280,1,89280,1
78544,89280,1,89280,1
78544,89280,1,89280,1
78544,89280,1,89280,1
78544,89280,1,89280,1
78544,89280,1,89280,1
78544,89280,1,89280,1
78544,89280,1,89280,1
78544,89280,1,89280,1
78544,89280,1,89280,1
78544,89280,1,89280,1
78544,89280,1,89280,1
78544,89280,1,89280,1
78544,89280,1,89280,1
78544,89280,1,89280,1
78544,89280,1,89280,1
78544,89280,1,89280,1
78544,89280,1,89280,1
78544,89280,1,89280,1
78544,89280,1,89280,1
78544,89280,1,89280,1
78544,89280,1,89280,1
78544,89280,1,89280,1
78544,89280,1,89280,1
78544,89280,1,89280,1
78544,89280,1,89280,1
78544,89280,1,89280,1
78544,89280,1,89280,1
78544,89280,1,89280,1
78544,89280,1,89280,1
78544,89280,1,89280,1
78544,89280,1,89280,1
78544,89280,1,89280,1
78544,89280,1,89280,1
78544,89280,1,89280,1
78544,89280,1,89280,1
78544,89280,1,89280,1
78544,89280,1,89280,1
78544,89280,1,89280,1
78544,89280,1,89280,1
78544,89280,1,89280,1
78544,89280,1,89280,1
78544,89280,1,89280,1
78544,89280,1,89280,1
78544,89280,1,89280,1
78544,89280,1,89280,1
78544,89280,1,89280,1
78544,89280,1,89280,1
78544,89280,1,89280,1
78544,89280,1,89280,1
78544,89280,1,89280,1
78544,89280,1,89280,1
78544,89280,1,89280,1
78544,89280,1,89280,1
78544,89280,1,89280,1
78544,89280,1,89280,1
78544,89280,1,89280,1
78544,89280,1,89280,1
78544,89280,1,89280,1
78544,89280,1,89280,1
78544,89280,1,89280,1
78544,89280,1,89280,1
78544,89280,1,89280,1
78544,89280,1,89280,1
78544,89280,1,89280,1
78544,89280,1,89280,1
78544,89280,1,89280,1
78544,89280,1,89280,1
78544,89280,1,89280,1
78544,89280,1,89280,1
78544,89280,1,89280,1
78544,89280,1,89280,1
78544,89280,1,89280,1
78544,89280,1,89280,1
78544,89280,1,89280,1
78544,89280,1,89280,1
78544,89280,1,89280,1
78544,89280,1,89280,1
78544,89280,1,89280,1
78544,89280,1,89280,1
78544,89280,1,89280,1
78544,89280,1,89280,1
78544,89280,1,89280,1
78544,89280,1,89280,1
78544,89280,1,89280,1
78544,89280,1,89280,1
78544,89280,1,89280,1
78544,89280,1,89280,1
78544,89280,1,89280,1
78544,89280,1,89280,1
78544,89280,1,89280,1
78544,89280,1,89280,1
78544,89280,1,89280,1
78544,89280,1,89280,1
78544,89280,1,89280,1
78544,89280,1,89280,1
78544,89280,1,91379,1
78544,91379,1,91379,1
78544,91379,1,91379,1
78544,91379,1,91379,1
78544,91379,1,91379,1
78544,91379,1,91379,1
78544,91379,1,91379,1
78544,91379,1,91379,1
78544,91379,1,91379,1
78544,91379,1,91379,1
78544,91379,1,91379,1
78544,91379,1,91379,1
78544,91379,1,91379,1
78544,91379,1,91379,1
78544,91379,1,91379,1
78544,91379,1,91379,1
78544,91379,1,91379,1
78544,91379,1,91379,1
78544,91379,1,91379,1
78544,91379,1,91379,1
78544,91379,1,91379,1
78544,91379,1,91379,1
78544,91379,1,91379,1
78544,91379,1,91379,1
78544,91379,1,91379,1
78544,91379,1,91379,1
78544,91379,1,91379,1
78544,91379,1,91379,1
78544,91379,1,91379,1
78544,91379,1,91379,1
78544,91379,1,91379,1
78544,91379,1,91379,1
78544,91379,1,91379,1
78544,91379,1,91379,1
78544,91379,1,91379,1
78544,91379,1,91379,1
78544,91379,1,91379,1
78544,91379,1,91379,1
78544,91379,1,91379,1
78544,91379,1,91379,1
78544,91379,1,91379,1
78544,91379,1,91379,1
78544,91379,1,91379,1
78544,91379,1,91379,1
78544,91379,1,91379,1
78544,91379,1,91379,1
78544,91379,1,91379,1
78544,91379,1,91379,1
78544,91379,1,91379,1
78544,91379,1,91379,1
78544,91379,1,91379,1
78544,91379,1,91379,1
78544,91379,1,91379,1
78544,91379,1,91379,1
78544,91379,1,91379,1
78544,91379,1,91379,1
78544,91379,1,91379,1
78544,91379,1,91379,1
78544,91379,1,91379,1
78544,91379,1,91379,1
78544,91379,1,91379,1
78544,91379,1,91379,1
78544,91379,1,91379,1
78544,91379,1,91379,1
78544,91379,1,91379,1
78544,91379,1,91379,1
78544,91379,1,91379,1
78544,91379,1,91379,1
78544,91379,1,91379,1
78544,91379,1,91379,1
78544,91379,1,91379,1
78544,91379,1,91379,1
78544,91379,1,91379,1
78544,91379,1,91379,1
78544,91379,1,91379,1
78544,91379,1,91379,1
78544,91379,1,91379,1
78544,91379,1,91379,1
78544,91379,1,91379,1
78544,91379,1,91379,1
78544,91379,1,91379,1
78544,91379,1,91379,1
78544,91379,1,91379,1
78544,91379,1,91379,1
78544,91379,1,91379,1
78544,91379,1,91379,1
78544,91379,1,91379,1
78544,91379,1,91379,1
78544,91379,1,91379,1
78544,91379,1,91379,1
78544,91379,1,91379,1
78544,91379,1,91379,1
78544,91379,1,91379,1
78544,91379,1,91379,1
78544,91379,1,91379,1
78544,91379,1,91379,1
78544,91379,1,91379,1
78544,91379,1,89277,0
78544,89277,0,89277,0
78544,89277,0,89277,0
78544,89277,0,89277,0
78544,89277,0,89277,0
78544,89277,0,89277,0
78544,89277,0,89277,0
78544,89277,0,89277,0
78544,89277,0,89277,0
78544,89277,0,89277,0
78544,89277,0,89277,0
78544,89277,0,89277,0
78544,89277,0,89277,0
78544,89277,0,89277,0
78544,89277,0,89277,0
78544,89277,0,89277,0
78544,89277,0,89277,0
78544,89277,0,89277,0
78544,89277,0,89277,0
78544,89277,0,89277,0
78544,89277,0,89277,0
78544,89277,0,89277,0
78544,89277,0,89277,0
78544,89277,0,89277,0
78544,89277,0,89277,0
78544,89277,0,89277,0
78544,89277,0,89277,0
78544,89277,0,89277,0
78544,89277,0,89277,0
78544,89277,0,89277,0
78544,89277,0,89277,0
78544,89277,0,89277,0
78544,89277,0,89277,0
78544,89277,0,89277,0
78544,89277,0,89277,0
78544,89277,0,89277,0
78544,89277,0,89277,0
78544,89277,0,89277,0
78544,89277,0,89277,0
78544,89277,0,89277,0
78544,89277,0,89277,0
78544,89277,0,89277,0
78544,89277,0,89277,0
78544,89277,0,89277,0
78544,89277,0,89277,0
78544,89277,0,89277,0
78544,89277,0,89277,0
78544,89277,0,91643,0
78544,91643,0,91643,0
78544,91643,0,91643,0
78544,91643,0,91643,0
78544,91643,0,91643,0
78544,91643,0,91643,0
78544,91643,0,91643,0
78544,91643,0,91643,0
78544,91643,0,91643,0
78544,91643,0,91643,0
78544,91643,0,91643,0
78544,91643,0,91643,0
78544,91643,0,91643,0
78544,91643,0,91643,0
78544,91643,0,91643,0
78544,91643,0,91643,0
78544,91643,0,91643,0
78544,91643,0,91643,0
78544,91643,0,91643,0
78544,91643,0,91643,0
78544,91643,0,91643,0
78544,91643,0,91643,0
78544,91643,0,91643,0
78544,91643,0,91643,0
78544,91643,0,91643,0
78544,91643,0,91643,0
78544,91643,0,91643,0
78544,91643,0,91643,0
78544,91643,0,91643,0
78544,91643,0,91643,0
78544,91643,0,91643,0
78544,91643,0,91643,0
78544,91643,0,91643,0
78544,91643,0,91643,0
78544,91643,0,91643,0
78544,91643,0,91643,0
78544,91643,0,91643,0
78544,91643,0,91643,0
78544,91643,0,91643,0
78544,91643,0,91643,0
78544,91643,0,91643,0
78544,91643,0,91643,0
78544,91643,0,91643,0
78544,91643,0,91643,0
78544,91643,0,91643,0
78544,91643,0,91643,0
78544,91643,0,91643,0
78544,91643,0,91643,0
78544,91643,0,91643,0
78544,91643,0,91643,0
78544,91643,0,91643,0
78544,91643,0,91643,0
78544,91643,0,91643,0
78544,91643,0,91643,0
78544,91643,0,91643,0
78544,91643,0,91643,0
78544,91643,0,91643,0
78544,91643,0,91643,0
78544,91643,0,91643,0
78544,91643,0,91643,0
78544,91643,0,91643,0
78544,91643,0,91643,0
78544,91643,0,91643,0
78544,91643,0,91643,0
78544,91643,0,91643,0
78544,91643,0,91643,0
78544,91643,0,91643,0
78544,91643,0,91643,0
78544,91643,0,91643,0
78544,91643,0,91643,0
78544,91643,0,91643,0
78544,91643,0,91643,0
78544,91643,0,91643,0
78544,91643,0,91643,0
78544,91643,0,91643,0
78544,91643,0,91643,0
78544,91643,0,91643,0
78544,91643,0,91643,0
78544,91643,0,91643,0
78544,91643,0,91643,0
78544,91643,0,91643,0
78544,91643,0,91643,0
78544,91643,0,91643,0
78544,91643,0,91643,0
78544,91643,0,91643,0
78544,91643,0,91643,0
78544,91643,0,91643,0
78544,91643,0,91643,0
78544,91643,0,91643,0
78544,91643,0,91643,0
78544,91643,0,91643,0
78544,91643,0,91643,0
78544,91643,0,91643,0
78544,91643,0,91641,1
78544,91641,1,91641,1
78544,91641,1,91641,1
78544,91641,1,91641,1
78544,91641,1,91641,1
78544,91641,1,91641,1
78544,91641,1,91641,1
78544,91641,1,91641,1
78544,91641,1,91641,1
78544,91641,1,91641,1
78544,91641,1,91641,1
78544,91641,1,91641,1
78544,91641,1,91641,1
78544,91641,1,91641,1
78544,91641,1,91641,1
78544,91641,1,91641,1
78544,91641,1,91641,1
78544,91641,1,91641,1
78544,91641,1,91641,1
78544,91641,1,91641,1
78544,91641,1,91641,1
78544,91641,1,91641,1
78544,91641,1,91641,1
78544,91641,1,91641,1
78544,91641,1,91641,1
78544,91641,1,91641,1
78544,91641,1,91641,1
78544,91641,1,91641,1
78544,91641,1,91641,1
78544,91641,1,91641,1
78544,91641,1,91641,1
78544,91641,1,91641,1
78544,91641,1,91641,1
78544,91641,1,91641,1
78544,91641,1,91641,1
78544,91641,1,91641,1
78544,91641,1,91641,1
78544,91641,1,91641,1
78544,91641,1,91641,1
78544,91641,1,91641,1
78544,91641,1,91641,1
78544,91641,1,91641,1
78544,91641,1,91641,1
78544,91641,1,91641,1
78544,91641,1,91641,1
78544,91641,1,91641,1
78544,91641,1,91641,1
78544,91641,1,91641,1
78544,91641,1,91641,1
78544,91641,1,91641,1
78544,91641,1,91641,1
78544,91641,1,91641,1
78544,91641,1,91641,1
78544,91641,1,91641,1
78544,91641,1,91641,1
78544,91641,1,91641,1
78544,91641,1,91641,1
78544,91641,1,91641,1
78544,91641,1,91641,1
78544,91641,1,91641,1
78544,91641,1,91641,1
78544,91641,1,91641,1
78544,91641,1,91641,1
78544,91641,1,91641,1
78544,91641,1,91641,1
78544,91641,1,91641,1
78544,91641,1,91641,1
78544,91641,1,91641,1
78544,91641,1,91641,1
78544,91641,1,91641,1
78544,91641,1,91641,1
78544,91641,1,91641,1
78544,91641,1,91641,1
78544,91641,1,91641,1
78544,91641,1,91641,1
78544,91641,1,91641,1
78544,91641,1,91641,1
78544,91641,1,91641,1
78544,91641,1,91641,1
78544,91641,1,91641,1
78544,91641,1,91641,1
78544,91641,1,91641,1
78544,91641,1,91641,1
78544,91641,1,91641,1
78544,91641,1,91641,1
78544,91641,1,91641,1
78544,91641,1,91641,1
78544,91641,1,91641,1
78544,91641,1,91641,1
78544,91641,1,91641,1
78544,91641,1,91641,1
78544,91641,1,91641,1
78544,91641,1,91641,1
78544,91641,1,89844,0
78544,89844,0,89844,0
78544,89844,0,89844,0
78544,89844,0,89844,0
78544,89844,0,89844,0
78544,89844,0,89844,0
78544,89844,0,89844,0
78544,89844,0,89844,0
78544,89844,0,89844,0
78544,89844,0,89844,0
78544,89844,0,89844,0
78544,89844,0,89844,0
78544,89844,0,89844,0
78544,89844,0,89844,0
78544,89844,0,89844,0
78544,89844,0,89844,0
78544,89844,0,89844,0
78544,89844,0,89844,0
78544,89844,0,89844,0
78544,89844,0,89844,0
78544,89844,0,89844,0
78544,89844,0,89844,0
78544,89844,0,89844,0
78544,89844,0,89844,0
78544,89844,0,89844,0
78544,89844,0,89844,0
78544,89844,0,89844,0
78544,89844,0,89844,0
78544,89844,0,89844,0
78544,89844,0,89844,0
78544,89844,0,89844,0
78544,89844,0,89844,0
78544,89844,0,89844,0
78544,89844,0,89844,0
78544,89844,0,89844,0
78544,89844,0,89844,0
78544,89844,0,89844,0
78544,89844,0,89844,0
78544,89844,0,89844,0
78544,89844,0,89844,0
78544,89844,0,89844,0
78544,89844,0,89844,0
78544,89844,0,89844,0
78544,89844,0,89844,0
78544,89844,0,89844,0
78544,89844,0,89844,0
78544,89844,0,89844,0
78544,89844,0,89844,0
78544,89844,0,89844,0
78544,89844,0,89844,0
78544,89844,0,89844,0
78544,89844,0,89844,0
78544,89844,0,89844,0
78544,89844,0,89844,0
78544,89844,0,89844,0
78544,89844,0,89844,0
78544,89844,0,89844,0
78544,89844,0,89844,0
78544,89844,0,89844,0
78544,89844,0,89844,0
78544,89844,0,89844,0
78544,89844,0,89844,0
78544,89844,0,89844,0
78544,89844,0,89844,0
78544,89844,0,89844,0
78544,89844,0,89844,0
78544,89844,0,89844,0
78544,89844,0,89844,0
78544,89844,0,89844,0
78544,89844,0,89844,0
78544,89844,0,89844,0
78544,89844,0,89844,0
78544,89844,0,89844,0
78544,89844,0,89844,0
78544,89844,0,89844,0
78544,89844,0,89844,0
78544,89844,0,89844,0
78544,89844,0,89844,0
78544,89844,0,89844,0
78544,89844,0,89844,0
78544,89844,0,89844,0
78544,89844,0,89844,0
78544,89844,0,89844,0
78544,89844,0,89844,0
78544,89844,0,89844,0
78544,89844,0,89844,0
78544,89844,0,89844,0
78544,89844,0,89844,0
78544,89844,0,89844,0
78544,89844,0,89844,0
78544,89844,0,89844,0
78544,89844,0,89844,0
78544,89844,0,89844,0
78544,89844,0,89807,1
78544,89807,1,89807,1
78544,89807,1,89807,1
78544,89807,1,89807,1
78544,89807,1,89807,1
78544,89807,1,89807,1
78544,89807,1,89807,1
78544,89807,1,89807,1
78544,89807,1,89807,1
78544,89807,1,89807,1
78544,89807,1,89807,1
78544,89807,1,89807,1
78544,89807,1,89807,1
78544,89807,1,89807,1
78544,89807,1,89807,1
78544,89807,1,89807,1
78544,89807,1,89807,1
78544,89807,1,89807,1
78544,89807,1,89807,1
78544,89807,1,89807,1
78544,89807,1,89807,1
78544,89807,1,89807,1
78544,89807,1,89807,1
78544,89807,1,89807,1
78544,89807,1,89807,1
78544,89807,1,89807,1
78544,89807,1,89807,1
78544,89807,1,89807,1
78544,89807,1,89807,1
78544,89807,1,89807,1
78544,89807,1,89807,1
78544,89807,1,89807,1
78544,89807,1,89807,1
78544,89807,1,89807,1
78544,89807,1,89807,1
78544,89807,1,89807,1
78544,89807,1,89807,1
78544,89807,1,89807,1
78544,89807,1,89807,1
78544,89807,1,89807,1
78544,89807,1,89807,1
78544,89807,1,89807,1
78544,89807,1,89807,1
78544,89807,1,89807,1
78544,89807,1,89807,1
78544,89807,1,89807,1
78544,89807,1,173924,0
78544,173924,0,173890,1
78544,173890,1,173889,0
78544,173889,0,173893,1
78544,173893,1,173917,1
78544,173917,1,174007,1
78544,174007,1,174008,1
78544,174008,1,91659,1
78544,91659,1,91659,1
78544,91659,1,91659,1
78544,91659,1,91659,1
78544,91659,1,91659,1
78544,91659,1,91659,1
78544,91659,1,91659,1
78544,91659,1,91659,1
78544,91659,1,91659,1
78544,91659,1,91659,1
78544,91659,1,91659,1
78544,91659,1,91659,1
78544,91659,1,91659,1
78544,91659,1,91659,1
78544,91659,1,91659,1
78544,91659,1,91659,1
78544,91659,1,91659,1
78544,91659,1,91659,1
78544,91659,1,91659,1
78544,91659,1,91659,1
78544,91659,1,91659,1
78544,91659,1,91659,1
78544,91659,1,91659,1
78544,91659,1,91659,1
78544,91659,1,91659,1
78544,91659,1,91659,1
78544,91659,1,91659,1
78544,91659,1,91659,1
78544,91659,1,91659,1
78544,91659,1,91659,1
78544,91659,1,91659,1
78544,91659,1,91659,1
78544,91659,1,91659,1
78544,91659,1,91659,1
78544,91659,1,91659,1
78544,91659,1,91659,1
78544,91659,1,91659,1
78544,91659,1,91659,1
78544,91659,1,91659,1
78544,91659,1,91659,1
78544,91659,1,91659,1
78544,91659,1,91659,1
78544,91659,1,91659,1
78544,91659,1,91659,1
78544,91659,1,91659,1
78544,91659,1,91659,1
78544,91659,1,91659,1
78544,91659,1,91659,1
78544,91659,1,91659,1
78544,91659,1,91659,1
78544,91659,1,91659,1
78544,91659,1,91659,1
78544,91659,1,91659,1
78544,91659,1,91659,1
78544,91659,1,91659,1
78544,91659,1,91659,1
78544,91659,1,91659,1
78544,91659,1,91659,1
78544,91659,1,91659,1
78544,91659,1,91659,1
78544,91659,1,91659,1
78544,91659,1,91659,1
78544,91659,1,91659,1
78544,91659,1,91659,1
78544,91659,1,91659,1
78544,91659,1,91659,1
78544,91659,1,91659,1
78544,91659,1,91659,1
78544,91659,1,91659,1
78544,91659,1,91659,1
78544,91659,1,91659,1
78544,91659,1,91659,1
78544,91659,1,91659,1
78544,91659,1,91659,1
78544,91659,1,91659,1
78544,91659,1,91659,1
78544,91659,1,91659,1
78544,91659,1,91659,1
78544,91659,1,91659,1
78544,91659,1,91659,1
78544,91659,1,91659,1
78544,91659,1,91659,1
78544,91659,1,91659,1
78544,91659,1,91659,1
78544,91659,1,91659,1
78544,91659,1,91659,1
78544,91659,1,91659,1
78544,91659,1,91659,1
78544,91659,1,91659,1
78544,91659,1,91659,1
78544,91659,1,91659,1
78544,91659,1,91659,1
78544,91659,1,91659,1
78544,91659,1,91667,1
78544,91667,1,91667,1
78544,91667,1,91667,1
78544,91667,1,91667,1
78544,91667,1,91667,1
78544,91667,1,91667,1
78544,91667,1,91667,1
78544,91667,1,91667,1
78544,91667,1,91667,1
78544,91667,1,91667,1
78544,91667,1,91667,1
78544,91667,1,91667,1
78544,91667,1,91667,1
78544,91667,1,91667,1
78544,91667,1,91667,1
78544,91667,1,91667,1
78544,91667,1,91667,1
78544,91667,1,91667,1
78544,91667,1,91667,1
78544,91667,1,91667,1
78544,91667,1,91667,1
78544,91667,1,91667,1
78544,91667,1,91667,1
78544,91667,1,91667,1
78544,91667,1,91667,1
78544,91667,1,91667,1
78544,91667,1,91667,1
78544,91667,1,91667,1
78544,91667,1,91667,1
78544,91667,1,91667,1
78544,91667,1,91667,1
78544,91667,1,91667,1
78544,91667,1,91667,1
78544,91667,1,91667,1
78544,91667,1,91667,1
78544,91667,1,91667,1
78544,91667,1,91667,1
78544,91667,1,91667,1
78544,91667,1,91667,1
78544,91667,1,91667,1
78544,91667,1,91667,1
78544,91667,1,91667,1
78544,91667,1,91667,1
78544,91667,1,91667,1
78544,91667,1,91667,1
78544,91667,1,91667,1
78544,91667,1,91667,1
78544,91667,1,91667,1
78544,91667,1,91667,1
78544,91667,1,91667,1
78544,91667,1,91667,1
78544,91667,1,91667,1
78544,91667,1,91667,1
78544,91667,1,91667,1
78544,91667,1,91667,1
78544,91667,1,91667,1
78544,91667,1,91667,1
78544,91667,1,91667,1
78544,91667,1,91667,1
78544,91667,1,91667,1
78544,91667,1,91667,1
78544,91667,1,91667,1
78544,91667,1,91667,1
78544,91667,1,91667,1
78544,91667,1,91667,1
78544,91667,1,91667,1
78544,91667,1,91667,1
78544,91667,1,91667,1
78544,91667,1,91667,1
78544,91667,1,91667,1
78544,91667,1,91667,1
78544,91667,1,91667,1
78544,91667,1,91667,1
78544,91667,1,91667,1
78544,91667,1,91667,1
78544,91667,1,91667,1
78544,91667,1,91667,1
78544,91667,1,91667,1
78544,91667,1,91667,1
78544,91667,1,91667,1
78544,91667,1,91667,1
78544,91667,1,91667,1
78544,91667,1,91667,1
78544,91667,1,91667,1
78544,91667,1,91667,1
78544,91667,1,91667,1
78544,91667,1,91667,1
78544,91667,1,91667,1
78544,91667,1,91667,1
78544,91667,1,91667,1
78544,91667,1,91667,1
78544,91667,1,91667,1
78544,91667,1,91667,1
78544,91667,1,91661,1
78544,91661,1,91661,1
78544,91661,1,91661,1
78544,91661,1,91661,1
78544,91661,1,91661,1
78544,91661,1,91661,1
78544,91661,1,91661,1
78544,91661,1,91661,1
78544,91661,1,91661,1
78544,91661,1,91661,1
78544,91661,1,91661,1
78544,91661,1,91661,1
78544,91661,1,91661,1
78544,91661,1,91661,1
78544,91661,1,91661,1
78544,91661,1,91661,1
78544,91661,1,91661,1
78544,91661,1,91661,1
78544,91661,1,91661,1
78544,91661,1,91661,1
78544,91661,1,91661,1
78544,91661,1,91661,1
78544,91661,1,91661,1
78544,91661,1,91661,1
78544,91661,1,91661,1
78544,91661,1,91661,1
78544,91661,1,91661,1
78544,91661,1,91661,1
78544,91661,1,91661,1
78544,91661,1,91661,1
78544,91661,1,91661,1
78544,91661,1,91661,1
78544,91661,1,91661,1
78544,91661,1,91661,1
78544,91661,1,91661,1
78544,91661,1,91661,1
78544,91661,1,91661,1
78544,91661,1,91661,1
78544,91661,1,91661,1
78544,91661,1,91661,1
78544,91661,1,91661,1
78544,91661,1,91661,1
78544,91661,1,91661,1
78544,91661,1,91661,1
78544,91661,1,91661,1
78544,91661,1,91661,1
78544,91661,1,91661,1
78544,91661,1,91661,1
78544,91661,1,91661,1
78544,91661,1,91661,1
78544,91661,1,91661,1
78544,91661,1,91661,1
78544,91661,1,91661,1
78544,91661,1,91661,1
78544,91661,1,91661,1
78544,91661,1,91661,1
78544,91661,1,91661,1
78544,91661,1,91661,1
78544,91661,1,91661,1
78544,91661,1,91661,1
78544,91661,1,91661,1
78544,91661,1,91661,1
78544,91661,1,91661,1
78544,91661,1,91661,1
78544,91661,1,91661,1
78544,91661,1,91661,1
78544,91661,1,91661,1
78544,91661,1,91661,1
78544,91661,1,91661,1
78544,91661,1,91661,1
78544,91661,1,91661,1
78544,91661,1,91661,1
78544,91661,1,91661,1
78544,91661,1,91661,1
78544,91661,1,91661,1
78544,91661,1,91661,1
78544,91661,1,91661,1
78544,91661,1,91661,1
78544,91661,1,91661,1
78544,91661,1,91661,1
78544,91661,1,91661,1
78544,91661,1,91661,1
78544,91661,1,91661,1
78544,91661,1,91661,1
78544,91661,1,91661,1
78544,91661,1,91661,1
78544,91661,1,91661,1
78544,91661,1,91661,1
78544,91661,1,91661,1
78544,91661,1,91661,1
78544,91661,1,91661,1
78544,91661,1,91661,1
78544,91661,1,91661,1
78545,93225,1,93225,1
78545,93225,1,93225,1
78545,93225,1,93225,1
78545,93225,1,93225,1
78545,93225,1,93225,1
78545,93225,1,93225,1
78545,93225,1,93225,1
78545,93225,1,93225,1
78545,93225,1,93225,1
78545,93225,1,93225,1
78545,93225,1,93225,1
78545,93225,1,93225,1
78545,93225,1,93225,1
78545,93225,1,93225,1
78545,93225,1,93225,1
78545,93225,1,93225,1
78545,93225,1,93225,1
78545,93225,1,93225,1
78545,93225,1,93225,1
78545,93225,1,93225,1
78545,93225,1,93225,1
78545,93225,1,93225,1
78545,93225,1,93225,1
78545,93225,1,93225,1
78545,93225,1,93225,1
78545,93225,1,93225,1
78545,93225,1,93225,1
78545,93225,1,93225,1
78545,93225,1,93225,1
78545,93225,1,93225,1
78545,93225,1,93225,1
78545,93225,1,93225,1
78545,93225,1,93225,1
78545,93225,1,93225,1
78545,93225,1,93225,1
78545,93225,1,93225,1
78545,93225,1,93225,1
78545,93225,1,93225,1
78545,93225,1,93225,1
78545,93225,1,93225,1
78545,93225,1,93225,1
78545,93225,1,93225,1
78545,93225,1,93225,1
78545,93225,1,93225,1
78545,93225,1,93225,1
78545,93225,1,93177,0
78545,93177,0,93177,0
78545,93177,0,93177,0
78545,93177,0,93177,0
78545,93177,0,93177,0
78545,93177,0,93177,0
78545,93177,0,93177,0
78545,93177,0,93177,0
78545,93177,0,93177,0
78545,93177,0,93177,0
78545,93177,0,93177,0
78545,93177,0,93177,0
78545,93177,0,93177,0
78545,93177,0,93177,0
78545,93177,0,93177,0
78545,93177,0,93177,0
78545,93177,0,93177,0
78545,93177,0,93177,0
78545,93177,0,93177,0
78545,93177,0,93177,0
78545,93177,0,93177,0
78545,93177,0,93177,0
78545,93177,0,93177,0
78545,93177,0,93177,0
78545,93177,0,93177,0
78545,93177,0,93177,0
78545,93177,0,93177,0
78545,93177,0,93177,0
78545,93177,0,93177,0
78545,93177,0,93177,0
78545,93177,0,93177,0
78545,93177,0,93177,0
78545,93177,0,93177,0
78545,93177,0,93177,0
78545,93177,0,93177,0
78545,93177,0,93177,0
78545,93177,0,93177,0
78545,93177,0,93177,0
78545,93177,0,93177,0
78545,93177,0,93177,0
78545,93177,0,93177,0
78545,93177,0,93177,0
78545,93177,0,93177,0
78545,93177,0,93177,0
78545,93177,0,93177,0
78545,93177,0,93177,0
78545,93177,0,93215,1
78545,93215,1,93215,1
78545,93215,1,93215,1
78545,93215,1,93215,1
78545,93215,1,93215,1
78545,93215,1,93215,1
78545,93215,1,93215,1
78545,93215,1,93215,1
78545,93215,1,93215,1
78545,93215,1,93215,1
78545,93215,1,93215,1
78545,93215,1,93215,1
78545,93215,1,93215,1
78545,93215,1,93215,1
78545,93215,1,93215,1
78545,93215,1,93215,1
78545,93215,1,93215,1
78545,93215,1,93215,1
78545,93215,1,93215,1
78545,93215,1,93215,1
78545,93215,1,93215,1
78545,93215,1,93215,1
78545,93215,1,93215,1
78545,93215,1,93215,1
78545,93215,1,93215,1
78545,93215,1,93215,1
78545,93215,1,93215,1
78545,93215,1,93215,1
78545,93215,1,93215,1
78545,93215,1,93215,1
78545,93215,1,93215,1
78545,93215,1,93215,1
78545,93215,1,93215,1
78545,93215,1,93215,1
78545,93215,1,93215,1
78545,93215,1,93215,1
78545,93215,1,93215,1
78545,93215,1,93215,1
78545,93215,1,93215,1
78545,93215,1,93215,1
78545,93215,1,93215,1
78545,93215,1,93215,1
78545,93215,1,93215,1
78545,93215,1,93215,1
78545,93215,1,93215,1
78545,93215,1,93215,1
78545,93215,1,93245,1
78545,93245,1,93245,1
78545,93245,1,93245,1
78545,93245,1,93245,1
78545,93245,1,93245,1
78545,93245,1,93245,1
78545,93245,1,93245,1
78545,93245,1,93245,1
78545,93245,1,93245,1
78545,93245,1,93245,1
78545,93245,1,93245,1
78545,93245,1,93245,1
78545,93245,1,93245,1
78545,93245,1,93245,1
78545,93245,1,93245,1
78545,93245,1,93245,1
78545,93245,1,93245,1
78545,93245,1,93245,1
78545,93245,1,93245,1
78545,93245,1,93245,1
78545,93245,1,93245,1
78545,93245,1,93245,1
78545,93245,1,93245,1
78545,93245,1,93245,1
78545,93245,1,93245,1
78545,93245,1,93245,1
78545,93245,1,93245,1
78545,93245,1,93245,1
78545,93245,1,93245,1
78545,93245,1,93245,1
78545,93245,1,93245,1
78545,93245,1,93245,1
78545,93245,1,93245,1
78545,93245,1,93245,1
78545,93245,1,93245,1
78545,93245,1,93245,1
78545,93245,1,93245,1
78545,93245,1,93245,1
78545,93245,1,93245,1
78545,93245,1,93245,1
78545,93245,1,93245,1
78545,93245,1,93245,1
78545,93245,1,93245,1
78545,93245,1,93245,1
78545,93245,1,93245,1
78545,93245,1,93245,1
78545,93245,1,93180,1
78545,93180,1,93180,1
78545,93180,1,93180,1
78545,93180,1,93180,1
78545,93180,1,93180,1
78545,93180,1,93180,1
78545,93180,1,93180,1
78545,93180,1,93180,1
78545,93180,1,93180,1
78545,93180,1,93180,1
78545,93180,1,93180,1
78545,93180,1,93180,1
78545,93180,1,93180,1
78545,93180,1,93180,1
78545,93180,1,93180,1
78545,93180,1,93180,1
78545,93180,1,93180,1
78545,93180,1,93180,1
78545,93180,1,93180,1
78545,93180,1,93180,1
78545,93180,1,93180,1
78545,93180,1,93180,1
78545,93180,1,93180,1
78545,93180,1,93180,1
78545,93180,1,93180,1
78545,93180,1,93180,1
78545,93180,1,93180,1
78545,93180,1,93180,1
78545,93180,1,93180,1
78545,93180,1,93180,1
78545,93180,1,93180,1
78545,93180,1,93180,1
78545,93180,1,93180,1
78545,93180,1,93180,1
78545,93180,1,93180,1
78545,93180,1,93180,1
78545,93180,1,93180,1
78545,93180,1,93180,1
78545,93180,1,93180,1
78545,93180,1,93180,1
78545,93180,1,93180,1
78545,93180,1,93180,1
78545,93180,1,93180,1
78545,93180,1,93180,1
78545,93180,1,93180,1
78545,93180,1,93180,1
78545,93180,1,93176,0
78545,93176,0,93176,0
78545,93176,0,93176,0
78545,93176,0,93176,0
78545,93176,0,93176,0
78545,93176,0,93176,0
78545,93176,0,93176,0
78545,93176,0,93176,0
78545,93176,0,93176,0
78545,93176,0,93176,0
78545,93176,0,93176,0
78545,93176,0,93176,0
78545,93176,0,93176,0
78545,93176,0,93176,0
78545,93176,0,93176,0
78545,93176,0,93176,0
78545,93176,0,93176,0
78545,93176,0,93176,0
78545,93176,0,93176,0
78545,93176,0,93176,0
78545,93176,0,93176,0
78545,93176,0,93176,0
78545,93176,0,93176,0
78545,93176,0,93176,0
78545,93176,0,93176,0
78545,93176,0,93176,0
78545,93176,0,93176,0
78545,93176,0,93176,0
78545,93176,0,93176,0
78545,93176,0,93176,0
78545,93176,0,93176,0
78545,93176,0,93176,0
78545,93176,0,93176,0
78545,93176,0,93176,0
78545,93176,0,93176,0
78545,93176,0,93176,0
78545,93176,0,93176,0
78545,93176,0,93176,0
78545,93176,0,93176,0
78545,93176,0,93176,0
78545,93176,0,93176,0
78545,93176,0,93176,0
78545,93176,0,93176,0
78545,93176,0,93212,1
78545,93212,1,93212,1
78545,93212,1,93212,1
78545,93212,1,93212,1
78545,93212,1,93212,1
78545,93212,1,93212,1
78545,93212,1,93212,1
78545,93212,1,93212,1
78545,93212,1,93212,1
78545,93212,1,93212,1
78545,93212,1,93212,1
78545,93212,1,93212,1
78545,93212,1,93212,1
78545,93212,1,93212,1
78545,93212,1,93212,1
78545,93212,1,93212,1
78545,93212,1,93212,1
78545,93212,1,93212,1
78545,93212,1,93212,1
78545,93212,1,93212,1
78545,93212,1,93212,1
78545,93212,1,93212,1
78545,93212,1,93212,1
78545,93212,1,93212,1
78545,93212,1,93212,1
78545,93212,1,93212,1
78545,93212,1,93212,1
78545,93212,1,93212,1
78545,93212,1,93212,1
78545,93212,1,93212,1
78545,93212,1,93212,1
78545,93212,1,93212,1
78545,93212,1,93212,1
78545,93212,1,93212,1
78545,93212,1,93212,1
78545,93212,1,93212,1
78545,93212,1,93212,1
78545,93212,1,93212,1
78545,93212,1,93212,1
78545,93212,1,93212,1
78545,93212,1,93212,1
78545,93212,1,93212,1
78545,93212,1,93212,1
78545,93212,1,93180,1
78545,93180,1,93180,1
78545,93180,1,93180,1
78545,93180,1,93180,1
78545,93180,1,93180,1
78545,93180,1,93180,1
78545,93180,1,93180,1
78545,93180,1,93180,1
78545,93180,1,93180,1
78545,93180,1,93180,1
78545,93180,1,93180,1
78545,93180,1,93180,1
78545,93180,1,93180,1
78545,93180,1,93180,1
78545,93180,1,93180,1
78545,93180,1,93180,1
78545,93180,1,93180,1
78545,93180,1,93180,1
78545,93180,1,93180,1
78545,93180,1,93180,1
78545,93180,1,93180,1
78545,93180,1,93180,1
78545,93180,1,93180,1
78545,93180,1,93180,1
78545,93180,1,93180,1
78545,93180,1,93180,1
78545,93180,1,93180,1
78545,93180,1,93180,1
78545,93180,1,93180,1
78545,93180,1,93180,1
78545,93180,1,93180,1
78545,93180,1,93180,1
78545,93180,1,93180,1
78545,93180,1,93180,1
78545,93180,1,93180,1
78545,93180,1,93180,1
78545,93180,1,93180,1
78545,93180,1,93180,1
78545,93180,1,93180,1
78545,93180,1,93180,1
78545,93180,1,93180,1
78545,93180,1,93180,1
78545,93180,1,93180,1
78545,93180,1,93151,1
78545,93151,1,93151,1
78545,93151,1,93151,1
78545,93151,1,93151,1
78545,93151,1,93151,1
78545,93151,1,93151,1
78545,93151,1,93151,1
78545,93151,1,93151,1
78545,93151,1,93151,1
78545,93151,1,93151,1
78545,93151,1,93151,1
78545,93151,1,93151,1
78545,93151,1,93151,1
78545,93151,1,93151,1
78545,93151,1,93151,1
78545,93151,1,93151,1
78545,93151,1,93151,1
78545,93151,1,93151,1
78545,93151,1,93151,1
78545,93151,1,93151,1
78545,93151,1,93151,1
78545,93151,1,93151,1
78545,93151,1,93151,1
78545,93151,1,93151,1
78545,93151,1,93151,1
78545,93151,1,93151,1
78545,93151,1,93151,1
78545,93151,1,93151,1
78545,93151,1,93151,1
78545,93151,1,93151,1
78545,93151,1,93151,1
78545,93151,1,93151,1
78545,93151,1,93151,1
78545,93151,1,93151,1
78545,93151,1,93151,1
78545,93151,1,93151,1
78545,93151,1,93151,1
78545,93151,1,93151,1
78545,93151,1,93151,1
78545,93151,1,93151,1
78545,93151,1,93151,1
78545,93151,1,93151,1
78545,93151,1,93151,1
78545,93151,1,85681,1
78545,85681,1,85681,1
78545,85681,1,85681,1
78545,85681,1,85681,1
78545,85681,1,85681,1
78545,85681,1,85681,1
78545,85681,1,85681,1
78545,85681,1,85681,1
78545,85681,1,85681,1
78545,85681,1,85681,1
78545,85681,1,85681,1
78545,85681,1,85681,1
78545,85681,1,85681,1
78545,85681,1,85681,1
78545,85681,1,85681,1
78545,85681,1,85681,1
78545,85681,1,85681,1
78545,85681,1,85681,1
78545,85681,1,85681,1
78545,85681,1,85681,1
78545,85681,1,85681,1
78545,85681,1,85681,1
78545,85681,1,85681,1
78545,85681,1,85681,1
78545,85681,1,85681,1
78545,85681,1,85681,1
78545,85681,1,85681,1
78545,85681,1,85681,1
78545,85681,1,85681,1
78545,85681,1,85681,1
78545,85681,1,85681,1
78545,85681,1,85681,1
78545,85681,1,85681,1
78545,85681,1,85681,1
78545,85681,1,85681,1
78545,85681,1,85681,1
78545,85681,1,85681,1
78545,85681,1,85681,1
78545,85681,1,85681,1
78545,85681,1,85681,1
78545,85681,1,85681,1
78545,85681,1,85681,1
78545,85681,1,85681,1
78545,85681,1,85681,1
78545,85681,1,85681,1
78545,85681,1,85681,1
78545,85681,1,86098,0
78545,86098,0,86098,0
78545,86098,0,86098,0
78545,86098,0,86098,0
78545,86098,0,86098,0
78545,86098,0,86098,0
78545,86098,0,86098,0
78545,86098,0,86098,0
78545,86098,0,86098,0
78545,86098,0,86098,0
78545,86098,0,86098,0
78545,86098,0,86098,0
78545,86098,0,86098,0
78545,86098,0,86098,0
78545,86098,0,86098,0
78545,86098,0,86098,0
78545,86098,0,86098,0
78545,86098,0,86098,0
78545,86098,0,86098,0
78545,86098,0,86098,0
78545,86098,0,86098,0
78545,86098,0,86098,0
78545,86098,0,86098,0
78545,86098,0,86098,0
78545,86098,0,86098,0
78545,86098,0,86098,0
78545,86098,0,86098,0
78545,86098,0,86098,0
78545,86098,0,86098,0
78545,86098,0,86098,0
78545,86098,0,86098,0
78545,86098,0,86098,0
78545,86098,0,86098,0
78545,86098,0,86098,0
78545,86098,0,86098,0
78545,86098,0,86098,0
78545,86098,0,86098,0
78545,86098,0,86098,0
78545,86098,0,86098,0
78545,86098,0,86098,0
78545,86098,0,86098,0
78545,86098,0,86098,0
78545,86098,0,86098,0
78545,86098,0,86098,0
78545,86098,0,86098,0
78545,86098,0,86098,0
78545,86098,0,84627,1
78545,84627,1,84627,1
78545,84627,1,84627,1
78545,84627,1,84627,1
78545,84627,1,84627,1
78545,84627,1,84627,1
78545,84627,1,84627,1
78545,84627,1,84627,1
78545,84627,1,84627,1
78545,84627,1,84627,1
78545,84627,1,84627,1
78545,84627,1,84627,1
78545,84627,1,84627,1
78545,84627,1,84627,1
78545,84627,1,84627,1
78545,84627,1,84627,1
78545,84627,1,84627,1
78545,84627,1,84627,1
78545,84627,1,84627,1
78545,84627,1,84627,1
78545,84627,1,84627,1
78545,84627,1,84627,1
78545,84627,1,84627,1
78545,84627,1,84627,1
78545,84627,1,84627,1
78545,84627,1,84627,1
78545,84627,1,84627,1
78545,84627,1,84627,1
78545,84627,1,84627,1
78545,84627,1,84627,1
78545,84627,1,84627,1
78545,84627,1,84627,1
78545,84627,1,84627,1
78545,84627,1,84627,1
78545,84627,1,84627,1
78545,84627,1,84627,1
78545,84627,1,84627,1
78545,84627,1,84627,1
78545,84627,1,84627,1
78545,84627,1,84627,1
78545,84627,1,84627,1
78545,84627,1,84627,1
78545,84627,1,84627,1
78545,84627,1,84627,1
78545,84627,1,84627,1
78545,84627,1,84627,1
78545,84627,1,86121,1
78545,86121,1,86121,1
78545,86121,1,86121,1
78545,86121,1,86121,1
78545,86121,1,86121,1
78545,86121,1,86121,1
78545,86121,1,86121,1
78545,86121,1,86121,1
78545,86121,1,86121,1
78545,86121,1,86121,1
78545,86121,1,86121,1
78545,86121,1,86121,1
78545,86121,1,86121,1
78545,86121,1,86121,1
78545,86121,1,86121,1
78545,86121,1,86121,1
78545,86121,1,86121,1
78545,86121,1,86121,1
78545,86121,1,86121,1
78545,86121,1,86121,1
78545,86121,1,86121,1
78545,86121,1,86121,1
78545,86121,1,86121,1
78545,86121,1,86121,1
78545,86121,1,86121,1
78545,86121,1,86121,1
78545,86121,1,86121,1
78545,86121,1,86121,1
78545,86121,1,86121,1
78545,86121,1,86121,1
78545,86121,1,86121,1
78545,86121,1,86121,1
78545,86121,1,86121,1
78545,86121,1,86121,1
78545,86121,1,86121,1
78545,86121,1,86121,1
78545,86121,1,86121,1
78545,86121,1,86121,1
78545,86121,1,86121,1
78545,86121,1,86121,1
78545,86121,1,86121,1
78545,86121,1,86121,1
78545,86121,1,86121,1
78545,86121,1,86121,1
78545,86121,1,86121,1
78545,86121,1,86121,1
78545,86121,1,85102,1
78545,85102,1,85102,1
78545,85102,1,85102,1
78545,85102,1,85102,1
78545,85102,1,85102,1
78545,85102,1,85102,1
78545,85102,1,85102,1
78545,85102,1,85102,1
78545,85102,1,85102,1
78545,85102,1,85102,1
78545,85102,1,85102,1
78545,85102,1,85102,1
78545,85102,1,85102,1
78545,85102,1,85102,1
78545,85102,1,85102,1
78545,85102,1,85102,1
78545,85102,1,85102,1
78545,85102,1,85102,1
78545,85102,1,85102,1
78545,85102,1,85102,1
78545,85102,1,85102,1
78545,85102,1,85102,1
78545,85102,1,85102,1
78545,85102,1,85102,1
78545,85102,1,85102,1
78545,85102,1,85102,1
78545,85102,1,85102,1
78545,85102,1,85102,1
78545,85102,1,85102,1
78545,85102,1,85102,1
78545,85102,1,85102,1
78545,85102,1,85102,1
78545,85102,1,85102,1
78545,85102,1,85102,1
78545,85102,1,85102,1
78545,85102,1,85102,1
78545,85102,1,85102,1
78545,85102,1,85102,1
78545,85102,1,85102,1
78545,85102,1,85102,1
78545,85102,1,85102,1
78545,85102,1,85102,1
78545,85102,1,85102,1
78545,85102,1,85102,1
78545,85102,1,85102,1
78545,85102,1,85102,1
78545,85102,1,84624,1
78545,84624,1,84624,1
78545,84624,1,84624,1
78545,84624,1,84624,1
78545,84624,1,84624,1
78545,84624,1,84624,1
78545,84624,1,84624,1
78545,84624,1,84624,1
78545,84624,1,84624,1
78545,84624,1,84624,1
78545,84624,1,84624,1
78545,84624,1,84624,1
78545,84624,1,84624,1
78545,84624,1,84624,1
78545,84624,1,84624,1
78545,84624,1,84624,1
78545,84624,1,84624,1
78545,84624,1,84624,1
78545,84624,1,84624,1
78545,84624,1,84624,1
78545,84624,1,84624,1
78545,84624,1,84624,1
78545,84624,1,84624,1
78545,84624,1,84624,1
78545,84624,1,84624,1
78545,84624,1,84624,1
78545,84624,1,84624,1
78545,84624,1,84624,1
78545,84624,1,84624,1
78545,84624,1,84624,1
78545,84624,1,84624,1
78545,84624,1,84624,1
78545,84624,1,84624,1
78545,84624,1,84624,1
78545,84624,1,84624,1
78545,84624,1,84624,1
78545,84624,1,84624,1
78545,84624,1,84624,1
78545,84624,1,84624,1
78545,84624,1,84624,1
78545,84624,1,84624,1
78545,84624,1,84624,1
78545,84624,1,84624,1
78545,84624,1,89242,1
78545,89242,1,89242,1
78545,89242,1,89242,1
78545,89242,1,89242,1
78545,89242,1,89242,1
78545,89242,1,89242,1
78545,89242,1,89242,1
78545,89242,1,89242,1
78545,89242,1,89242,1
78545,89242,1,89242,1
78545,89242,1,89242,1
78545,89242,1,89242,1
78545,89242,1,89242,1
78545,89242,1,89242,1
78545,89242,1,89242,1
78545,89242,1,89242,1
78545,89242,1,89242,1
78545,89242,1,89242,1
78545,89242,1,89242,1
78545,89242,1,89242,1
78545,89242,1,89242,1
78545,89242,1,89242,1
78545,89242,1,89242,1
78545,89242,1,89242,1
78545,89242,1,89242,1
78545,89242,1,89242,1
78545,89242,1,89242,1
78545,89242,1,89242,1
78545,89242,1,89242,1
78545,89242,1,89242,1
78545,89242,1,89242,1
78545,89242,1,89242,1
78545,89242,1,89242,1
78545,89242,1,89242,1
78545,89242,1,89242,1
78545,89242,1,89242,1
78545,89242,1,89242,1
78545,89242,1,89242,1
78545,89242,1,89242,1
78545,89242,1,89242,1
78545,89242,1,89242,1
78545,89242,1,89242,1
78545,89242,1,89242,1
78545,89242,1,89242,1
78545,89242,1,89242,1
78545,89242,1,89242,1
78545,89242,1,89242,1
78545,89242,1,89242,1
78545,89242,1,89242,1
78545,89242,1,89242,1
78545,89242,1,89242,1
78545,89242,1,89242,1
78545,89242,1,89242,1
78545,89242,1,89242,1
78545,89242,1,89242,1
78545,89242,1,89242,1
78545,89242,1,89242,1
78545,89242,1,89242,1
78545,89242,1,89242,1
78545,89242,1,89242,1
78545,89242,1,89242,1
78545,89242,1,89242,1
78545,89242,1,89242,1
78545,89242,1,89242,1
78545,89242,1,89242,1
78545,89242,1,89242,1
78545,89242,1,89242,1
78545,89242,1,89242,1
78545,89242,1,89242,1
78545,89242,1,89242,1
78545,89242,1,89242,1
78545,89242,1,89242,1
78545,89242,1,89242,1
78545,89242,1,89242,1
78545,89242,1,89242,1
78545,89242,1,89242,1
78545,89242,1,89242,1
78545,89242,1,89242,1
78545,89242,1,89242,1
78545,89242,1,89242,1
78545,89242,1,89242,1
78545,89242,1,89242,1
78545,89242,1,89242,1
78545,89242,1,89242,1
78545,89242,1,89242,1
78545,89242,1,89242,1
78545,89242,1,89242,1
78545,89242,1,89242,1
78545,89242,1,89242,1
78545,89242,1,89242,1
78545,89242,1,89242,1
78545,89242,1,89242,1
78545,89242,1,89242,1
78545,89242,1,89242,1
78545,89242,1,89242,1
78545,89242,1,89242,1
78545,89242,1,89242,1
78545,89242,1,91352,1
78545,91352,1,91352,1
78545,91352,1,91352,1
78545,91352,1,91352,1
78545,91352,1,91352,1
78545,91352,1,91352,1
78545,91352,1,91352,1
78545,91352,1,91352,1
78545,91352,1,91352,1
78545,91352,1,91352,1
78545,91352,1,91352,1
78545,91352,1,91352,1
78545,91352,1,91352,1
78545,91352,1,91352,1
78545,91352,1,91352,1
78545,91352,1,91352,1
78545,91352,1,91352,1
78545,91352,1,91352,1
78545,91352,1,91352,1
78545,91352,1,91352,1
78545,91352,1,91352,1
78545,91352,1,91352,1
78545,91352,1,91352,1
78545,91352,1,91352,1
78545,91352,1,91352,1
78545,91352,1,91352,1
78545,91352,1,91352,1
78545,91352,1,91352,1
78545,91352,1,91352,1
78545,91352,1,91352,1
78545,91352,1,91352,1
78545,91352,1,91352,1
78545,91352,1,91352,1
78545,91352,1,91352,1
78545,91352,1,91352,1
78545,91352,1,91352,1
78545,91352,1,91352,1
78545,91352,1,91352,1
78545,91352,1,91352,1
78545,91352,1,91352,1
78545,91352,1,91352,1
78545,91352,1,91352,1
78545,91352,1,91352,1
78545,91352,1,91352,1
78545,91352,1,91352,1
78545,91352,1,91352,1
78545,91352,1,91352,1
78545,91352,1,91352,1
78545,91352,1,91352,1
78545,91352,1,91352,1
78545,91352,1,91352,1
78545,91352,1,91352,1
78545,91352,1,91352,1
78545,91352,1,91352,1
78545,91352,1,91352,1
78545,91352,1,91352,1
78545,91352,1,91352,1
78545,91352,1,91352,1
78545,91352,1,91352,1
78545,91352,1,91352,1
78545,91352,1,91352,1
78545,91352,1,91352,1
78545,91352,1,91352,1
78545,91352,1,91352,1
78545,91352,1,91352,1
78545,91352,1,91352,1
78545,91352,1,91352,1
78545,91352,1,91352,1
78545,91352,1,91352,1
78545,91352,1,91352,1
78545,91352,1,91352,1
78545,91352,1,91352,1
78545,91352,1,91352,1
78545,91352,1,91352,1
78545,91352,1,91352,1
78545,91352,1,91352,1
78545,91352,1,91352,1
78545,91352,1,91352,1
78545,91352,1,91352,1
78545,91352,1,91352,1
78545,91352,1,91352,1
78545,91352,1,91352,1
78545,91352,1,91352,1
78545,91352,1,91352,1
78545,91352,1,91352,1
78545,91352,1,91352,1
78545,91352,1,91352,1
78545,91352,1,91352,1
78545,91352,1,91352,1
78545,91352,1,91352,1
78545,91352,1,91352,1
78545,91352,1,91352,1
78545,91352,1,91352,1
78545,91352,1,91352,1
78545,91352,1,91352,1
78545,91352,1,91352,1
78545,91352,1,91352,1
78545,91352,1,89271,1
78545,89271,1,89271,1
78545,89271,1,89271,1
78545,89271,1,89271,1
78545,89271,1,89271,1
78545,89271,1,89271,1
78545,89271,1,89271,1
78545,89271,1,89271,1
78545,89271,1,89271,1
78545,89271,1,89271,1
78545,89271,1,89271,1
78545,89271,1,89271,1
78545,89271,1,89271,1
78545,89271,1,89271,1
78545,89271,1,89271,1
78545,89271,1,89271,1
78545,89271,1,89271,1
78545,89271,1,89271,1
78545,89271,1,89271,1
78545,89271,1,89271,1
78545,89271,1,89271,1
78545,89271,1,89271,1
78545,89271,1,89271,1
78545,89271,1,89271,1
78545,89271,1,89271,1
78545,89271,1,89271,1
78545,89271,1,89271,1
78545,89271,1,89271,1
78545,89271,1,89271,1
78545,89271,1,89271,1
78545,89271,1,89271,1
78545,89271,1,89271,1
78545,89271,1,89271,1
78545,89271,1,89271,1
78545,89271,1,89271,1
78545,89271,1,89271,1
78545,89271,1,89271,1
78545,89271,1,89271,1
78545,89271,1,89271,1
78545,89271,1,89271,1
78545,89271,1,89271,1
78545,89271,1,89271,1
78545,89271,1,89271,1
78545,89271,1,89271,1
78545,89271,1,89271,1
78545,89271,1,89271,1
78545,89271,1,89271,1
78545,89271,1,89279,1
78545,89279,1,89279,1
78545,89279,1,89279,1
78545,89279,1,89279,1
78545,89279,1,89279,1
78545,89279,1,89279,1
78545,89279,1,89279,1
78545,89279,1,89279,1
78545,89279,1,89279,1
78545,89279,1,89279,1
78545,89279,1,89279,1
78545,89279,1,89279,1
78545,89279,1,89279,1
78545,89279,1,89279,1
78545,89279,1,89279,1
78545,89279,1,89279,1
78545,89279,1,89279,1
78545,89279,1,89279,1
78545,89279,1,89279,1
78545,89279,1,89279,1
78545,89279,1,89279,1
78545,89279,1,89279,1
78545,89279,1,89279,1
78545,89279,1,89279,1
78545,89279,1,89279,1
78545,89279,1,89279,1
78545,89279,1,89279,1
78545,89279,1,89279,1
78545,89279,1,89279,1
78545,89279,1,89279,1
78545,89279,1,89279,1
78545,89279,1,89279,1
78545,89279,1,89279,1
78545,89279,1,89279,1
78545,89279,1,89279,1
78545,89279,1,89279,1
78545,89279,1,89279,1
78545,89279,1,89279,1
78545,89279,1,89279,1
78545,89279,1,89279,1
78545,89279,1,89279,1
78545,89279,1,89279,1
78545,89279,1,89279,1
78545,89279,1,89279,1
78545,89279,1,89279,1
78545,89279,1,89279,1
78545,89279,1,89279,1
78545,89279,1,91642,1
78545,91642,1,91642,1
78545,91642,1,91642,1
78545,91642,1,91642,1
78545,91642,1,91642,1
78545,91642,1,91642,1
78545,91642,1,91642,1
78545,91642,1,91642,1
78545,91642,1,91642,1
78545,91642,1,91642,1
78545,91642,1,91642,1
78545,91642,1,91642,1
78545,91642,1,91642,1
78545,91642,1,91642,1
78545,91642,1,91642,1
78545,91642,1,91642,1
78545,91642,1,91642,1
78545,91642,1,91642,1
78545,91642,1,91642,1
78545,91642,1,91642,1
78545,91642,1,91642,1
78545,91642,1,91642,1
78545,91642,1,91642,1
78545,91642,1,91642,1
78545,91642,1,91642,1
78545,91642,1,91642,1
78545,91642,1,91642,1
78545,91642,1,91642,1
78545,91642,1,91642,1
78545,91642,1,91642,1
78545,91642,1,91642,1
78545,91642,1,91642,1
78545,91642,1,91642,1
78545,91642,1,91642,1
78545,91642,1,91642,1
78545,91642,1,91642,1
78545,91642,1,91642,1
78545,91642,1,91642,1
78545,91642,1,91642,1
78545,91642,1,91642,1
78545,91642,1,91642,1
78545,91642,1,91642,1
78545,91642,1,91642,1
78545,91642,1,91642,1
78545,91642,1,91642,1
78545,91642,1,91642,1
78545,91642,1,91642,1
78545,91642,1,91642,1
78545,91642,1,91642,1
78545,91642,1,91642,1
78545,91642,1,91642,1
78545,91642,1,91642,1
78545,91642,1,91642,1
78545,91642,1,91642,1
78545,91642,1,91642,1
78545,91642,1,91642,1
78545,91642,1,91642,1
78545,91642,1,91642,1
78545,91642,1,91642,1
78545,91642,1,91642,1
78545,91642,1,91642,1
78545,91642,1,91642,1
78545,91642,1,91642,1
78545,91642,1,91642,1
78545,91642,1,91642,1
78545,91642,1,91642,1
78545,91642,1,91642,1
78545,91642,1,91642,1
78545,91642,1,91642,1
78545,91642,1,91642,1
78545,91642,1,91642,1
78545,91642,1,91642,1
78545,91642,1,91642,1
78545,91642,1,91642,1
78545,91642,1,91642,1
78545,91642,1,91642,1
78545,91642,1,91642,1
78545,91642,1,91642,1
78545,91642,1,91642,1
78545,91642,1,91642,1
78545,91642,1,91642,1
78545,91642,1,91642,1
78545,91642,1,91642,1
78545,91642,1,91642,1
78545,91642,1,91642,1
78545,91642,1,91642,1
78545,91642,1,91642,1
78545,91642,1,91642,1
78545,91642,1,91642,1
78545,91642,1,91642,1
78545,91642,1,91642,1
78545,91642,1,91642,1
78545,91642,1,91642,1
78545,91642,1,89787,0
78545,89787,0,89787,0
78545,89787,0,89787,0
78545,89787,0,89787,0
78545,89787,0,89787,0
78545,89787,0,89787,0
78545,89787,0,89787,0
78545,89787,0,89787,0
78545,89787,0,89787,0
78545,89787,0,89787,0
78545,89787,0,89787,0
78545,89787,0,89787,0
78545,89787,0,89787,0
78545,89787,0,89787,0
78545,89787,0,89787,0
78545,89787,0,89787,0
78545,89787,0,89787,0
78545,89787,0,89787,0
78545,89787,0,89787,0
78545,89787,0,89787,0
78545,89787,0,89787,0
78545,89787,0,89787,0
78545,89787,0,89787,0
78545,89787,0,89787,0
78545,89787,0,89787,0
78545,89787,0,89787,0
78545,89787,0,89787,0
78545,89787,0,89787,0
78545,89787,0,89787,0
78545,89787,0,89787,0
78545,89787,0,89787,0
78545,89787,0,89787,0
78545,89787,0,89787,0
78545,89787,0,89787,0
78545,89787,0,89787,0
78545,89787,0,89787,0
78545,89787,0,89787,0
78545,89787,0,89787,0
78545,89787,0,89787,0
78545,89787,0,89787,0
78545,89787,0,89787,0
78545,89787,0,89787,0
78545,89787,0,89787,0
78545,89787,0,89787,0
78545,89787,0,89768,1
78545,89768,1,89768,1
78545,89768,1,89768,1
78545,89768,1,89768,1
78545,89768,1,89768,1
78545,89768,1,89768,1
78545,89768,1,89768,1
78545,89768,1,89768,1
78545,89768,1,89768,1
78545,89768,1,89768,1
78545,89768,1,89768,1
78545,89768,1,89768,1
78545,89768,1,89768,1
78545,89768,1,89768,1
78545,89768,1,89768,1
78545,89768,1,89768,1
78545,89768,1,89768,1
78545,89768,1,89768,1
78545,89768,1,89768,1
78545,89768,1,89768,1
78545,89768,1,89768,1
78545,89768,1,89768,1
78545,89768,1,89768,1
78545,89768,1,89768,1
78545,89768,1,89768,1
78545,89768,1,89768,1
78545,89768,1,89768,1
78545,89768,1,89768,1
78545,89768,1,89768,1
78545,89768,1,89768,1
78545,89768,1,89768,1
78545,89768,1,89768,1
78545,89768,1,89768,1
78545,89768,1,89768,1
78545,89768,1,89768,1
78545,89768,1,89768,1
78545,89768,1,89768,1
78545,89768,1,89768,1
78545,89768,1,89768,1
78545,89768,1,89768,1
78545,89768,1,89768,1
78545,89768,1,89768,1
78545,89768,1,89768,1
78545,89768,1,89768,1
78545,89768,1,89768,1
78545,89768,1,89768,1
78545,89768,1,89879,1
78545,89879,1,89879,1
78545,89879,1,89879,1
78545,89879,1,89879,1
78545,89879,1,89879,1
78545,89879,1,89879,1
78545,89879,1,89879,1
78545,89879,1,89879,1
78545,89879,1,89879,1
78545,89879,1,89879,1
78545,89879,1,89879,1
78545,89879,1,89879,1
78545,89879,1,89879,1
78545,89879,1,89879,1
78545,89879,1,89879,1
78545,89879,1,89879,1
78545,89879,1,89879,1
78545,89879,1,89879,1
78545,89879,1,89879,1
78545,89879,1,89879,1
78545,89879,1,89879,1
78545,89879,1,89879,1
78545,89879,1,89879,1
78545,89879,1,89879,1
78545,89879,1,89879,1
78545,89879,1,89879,1
78545,89879,1,89879,1
78545,89879,1,89879,1
78545,89879,1,89879,1
78545,89879,1,89879,1
78545,89879,1,89879,1
78545,89879,1,89879,1
78545,89879,1,89879,1
78545,89879,1,89879,1
78545,89879,1,89879,1
78545,89879,1,89879,1
78545,89879,1,89879,1
78545,89879,1,89879,1
78545,89879,1,89879,1
78545,89879,1,89879,1
78545,89879,1,89879,1
78545,89879,1,89879,1
78545,89879,1,89879,1
78545,89879,1,89879,1
78545,89879,1,89810,1
78545,89810,1,89810,1
78545,89810,1,89810,1
78545,89810,1,89810,1
78545,89810,1,89810,1
78545,89810,1,89810,1
78545,89810,1,89810,1
78545,89810,1,89810,1
78545,89810,1,89810,1
78545,89810,1,89810,1
78545,89810,1,89810,1
78545,89810,1,89810,1
78545,89810,1,89810,1
78545,89810,1,89810,1
78545,89810,1,89810,1
78545,89810,1,89810,1
78545,89810,1,89810,1
78545,89810,1,89810,1
78545,89810,1,89810,1
78545,89810,1,89810,1
78545,89810,1,89810,1
78545,89810,1,89810,1
78545,89810,1,89810,1
78545,89810,1,89810,1
78545,89810,1,89810,1
78545,89810,1,89810,1
78545,89810,1,89810,1
78545,89810,1,89810,1
78545,89810,1,89810,1
78545,89810,1,89810,1
78545,89810,1,89810,1
78545,89810,1,89810,1
78545,89810,1,89810,1
78545,89810,1,89810,1
78545,89810,1,89810,1
78545,89810,1,89810,1
78545,89810,1,89810,1
78545,89810,1,89810,1
78545,89810,1,89810,1
78545,89810,1,89810,1
78545,89810,1,89810,1
78545,89810,1,89810,1
78545,89810,1,89810,1
78545,89810,1,89810,1
78545,89810,1,173899,1
78545,173899,1,173916,1
78545,173916,1,173984,1
78545,173984,1,173974,1
78545,173974,1,91664,1
78545,91664,1,91664,1
78545,91664,1,91664,1
78545,91664,1,91664,1
78545,91664,1,91664,1
78545,91664,1,91664,1
78545,91664,1,91664,1
78545,91664,1,91664,1
78545,91664,1,91664,1
78545,91664,1,91664,1
78545,91664,1,91664,1
78545,91664,1,91664,1
78545,91664,1,91664,1
78545,91664,1,91664,1
78545,91664,1,91664,1
78545,91664,1,91664,1
78545,91664,1,91664,1
78545,91664,1,91664,1
78545,91664,1,91664,1
78545,91664,1,91664,1
78545,91664,1,91664,1
78545,91664,1,91664,1
78545,91664,1,91664,1
78545,91664,1,91664,1
78545,91664,1,91664,1
78545,91664,1,91664,1
78545,91664,1,91664,1
78545,91664,1,91664,1
78545,91664,1,91664,1
78545,91664,1,91664,1
78545,91664,1,91664,1
78545,91664,1,91664,1
78545,91664,1,91664,1
78545,91664,1,91664,1
78545,91664,1,91664,1
78545,91664,1,91664,1
78545,91664,1,91664,1
78545,91664,1,91664,1
78545,91664,1,91664,1
78545,91664,1,91664,1
78545,91664,1,91664,1
78545,91664,1,91664,1
78545,91664,1,91664,1
78545,91664,1,91664,1
78545,91664,1,91664,1
78545,91664,1,91664,1
78545,91664,1,91664,1
78545,91664,1,91664,1
78545,91664,1,91664,1
78545,91664,1,91664,1
78545,91664,1,91664,1
78545,91664,1,91664,1
78545,91664,1,91664,1
78545,91664,1,91664,1
78545,91664,1,91664,1
78545,91664,1,91664,1
78545,91664,1,91664,1
78545,91664,1,91664,1
78545,91664,1,91664,1
78545,91664,1,91664,1
78545,91664,1,91664,1
78545,91664,1,91664,1
78545,91664,1,91664,1
78545,91664,1,91664,1
78545,91664,1,91664,1
78545,91664,1,91664,1
78545,91664,1,91664,1
78545,91664,1,91664,1
78545,91664,1,91664,1
78545,91664,1,91664,1
78545,91664,1,91664,1
78545,91664,1,91664,1
78545,91664,1,91664,1
78545,91664,1,91664,1
78545,91664,1,91664,1
78545,91664,1,91664,1
78545,91664,1,91664,1
78545,91664,1,91664,1
78545,91664,1,91664,1
78545,91664,1,91664,1
78545,91664,1,91664,1
78545,91664,1,91664,1
78545,91664,1,91664,1
78545,91664,1,91664,1
78545,91664,1,91664,1
78545,91664,1,91664,1
78545,91664,1,91664,1
78545,91664,1,91664,1
78545,91664,1,91664,1
78545,91664,1,91664,1
78545,91664,1,91664,1
78545,91664,1,91664,1
78545,91664,1,91664,1
78545,91664,1,91663,1
78545,91663,1,91663,1
78545,91663,1,91663,1
78545,91663,1,91663,1
78545,91663,1,91663,1
78545,91663,1,91663,1
78545,91663,1,91663,1
78545,91663,1,91663,1
78545,91663,1,91663,1
78545,91663,1,91663,1
78545,91663,1,91663,1
78545,91663,1,91663,1
78545,91663,1,91663,1
78545,91663,1,91663,1
78545,91663,1,91663,1
78545,91663,1,91663,1
78545,91663,1,91663,1
78545,91663,1,91663,1
78545,91663,1,91663,1
78545,91663,1,91663,1
78545,91663,1,91663,1
78545,91663,1,91663,1
78545,91663,1,91663,1
78545,91663,1,91663,1
78545,91663,1,91663,1
78545,91663,1,91663,1
78545,91663,1,91663,1
78545,91663,1,91663,1
78545,91663,1,91663,1
78545,91663,1,91663,1
78545,91663,1,91663,1
78545,91663,1,91663,1
78545,91663,1,91663,1
78545,91663,1,91663,1
78545,91663,1,91663,1
78545,91663,1,91663,1
78545,91663,1,91663,1
78545,91663,1,91663,1
78545,91663,1,91663,1
78545,91663,1,91663,1
78545,91663,1,91663,1
78545,91663,1,91663,1
78545,91663,1,91663,1
78545,91663,1,91663,1
78546,93159,0,93159,0
78546,93159,0,93159,0
78546,93159,0,93159,0
78546,93159,0,93159,0
78546,93159,0,93159,0
78546,93159,0,93159,0
78546,93159,0,93159,0
78546,93159,0,93159,0
78546,93159,0,93159,0
78546,93159,0,93159,0
78546,93159,0,93159,0
78546,93159,0,93159,0
78546,93159,0,93159,0
78546,93159,0,93159,0
78546,93159,0,93159,0
78546,93159,0,93159,0
78546,93159,0,93159,0
78546,93159,0,93159,0
78546,93159,0,93159,0
78546,93159,0,93159,0
78546,93159,0,93159,0
78546,93159,0,93159,0
78546,93159,0,93159,0
78546,93159,0,93159,0
78546,93159,0,93159,0
78546,93159,0,93159,0
78546,93159,0,93159,0
78546,93159,0,93159,0
78546,93159,0,93159,0
78546,93159,0,93159,0
78546,93159,0,93159,0
78546,93159,0,93159,0
78546,93159,0,93159,0
78546,93159,0,93159,0
78546,93159,0,93159,0
78546,93159,0,93159,0
78546,93159,0,93159,0
78546,93159,0,93159,0
78546,93159,0,93159,0
78546,93159,0,93159,0
78546,93159,0,93159,0
78546,93159,0,93159,0
78546,93159,0,93159,0
78546,93159,0,93159,0
78546,93159,0,93159,0
78546,93159,0,93209,1
78546,93209,1,93209,1
78546,93209,1,93209,1
78546,93209,1,93209,1
78546,93209,1,93209,1
78546,93209,1,93209,1
78546,93209,1,93209,1
78546,93209,1,93209,1
78546,93209,1,93209,1
78546,93209,1,93209,1
78546,93209,1,93209,1
78546,93209,1,93209,1
78546,93209,1,93209,1
78546,93209,1,93209,1
78546,93209,1,93209,1
78546,93209,1,93209,1
78546,93209,1,93209,1
78546,93209,1,93209,1
78546,93209,1,93209,1
78546,93209,1,93209,1
78546,93209,1,93209,1
78546,93209,1,93209,1
78546,93209,1,93209,1
78546,93209,1,93209,1
78546,93209,1,93209,1
78546,93209,1,93209,1
78546,93209,1,93209,1
78546,93209,1,93209,1
78546,93209,1,93209,1
78546,93209,1,93209,1
78546,93209,1,93209,1
78546,93209,1,93209,1
78546,93209,1,93209,1
78546,93209,1,93209,1
78546,93209,1,93209,1
78546,93209,1,93209,1
78546,93209,1,93209,1
78546,93209,1,93209,1
78546,93209,1,93209,1
78546,93209,1,93209,1
78546,93209,1,93209,1
78546,93209,1,93209,1
78546,93209,1,93209,1
78546,93209,1,93209,1
78546,93209,1,93209,1
78546,93209,1,93209,1
78546,93209,1,93234,1
78546,93234,1,93234,1
78546,93234,1,93234,1
78546,93234,1,93234,1
78546,93234,1,93234,1
78546,93234,1,93234,1
78546,93234,1,93234,1
78546,93234,1,93234,1
78546,93234,1,93234,1
78546,93234,1,93234,1
78546,93234,1,93234,1
78546,93234,1,93234,1
78546,93234,1,93234,1
78546,93234,1,93234,1
78546,93234,1,93234,1
78546,93234,1,93234,1
78546,93234,1,93234,1
78546,93234,1,93234,1
78546,93234,1,93234,1
78546,93234,1,93234,1
78546,93234,1,93234,1
78546,93234,1,93234,1
78546,93234,1,93234,1
78546,93234,1,93234,1
78546,93234,1,93234,1
78546,93234,1,93234,1
78546,93234,1,93234,1
78546,93234,1,93234,1
78546,93234,1,93234,1
78546,93234,1,93234,1
78546,93234,1,93234,1
78546,93234,1,93234,1
78546,93234,1,93234,1
78546,93234,1,93234,1
78546,93234,1,93234,1
78546,93234,1,93234,1
78546,93234,1,93234,1
78546,93234,1,93234,1
78546,93234,1,93234,1
78546,93234,1,93234,1
78546,93234,1,93234,1
78546,93234,1,93234,1
78546,93234,1,93234,1
78546,93234,1,93234,1
78546,93234,1,93234,1
78546,93234,1,93234,1
78546,93234,1,93197,1
78546,93197,1,93197,1
78546,93197,1,93197,1
78546,93197,1,93197,1
78546,93197,1,93197,1
78546,93197,1,93197,1
78546,93197,1,93197,1
78546,93197,1,93197,1
78546,93197,1,93197,1
78546,93197,1,93197,1
78546,93197,1,93197,1
78546,93197,1,93197,1
78546,93197,1,93197,1
78546,93197,1,93197,1
78546,93197,1,93197,1
78546,93197,1,93197,1
78546,93197,1,93197,1
78546,93197,1,93197,1
78546,93197,1,93197,1
78546,93197,1,93197,1
78546,93197,1,93197,1
78546,93197,1,93197,1
78546,93197,1,93197,1
78546,93197,1,93197,1
78546,93197,1,93197,1
78546,93197,1,93197,1
78546,93197,1,93197,1
78546,93197,1,93197,1
78546,93197,1,93197,1
78546,93197,1,93197,1
78546,93197,1,93197,1
78546,93197,1,93197,1
78546,93197,1,93197,1
78546,93197,1,93197,1
78546,93197,1,93197,1
78546,93197,1,93197,1
78546,93197,1,93197,1
78546,93197,1,93197,1
78546,93197,1,93197,1
78546,93197,1,93197,1
78546,93197,1,93197,1
78546,93197,1,93197,1
78546,93197,1,93197,1
78546,93197,1,93197,1
78546,93197,1,93197,1
78546,93197,1,93197,1
78546,93197,1,93172,1
78546,93172,1,93172,1
78546,93172,1,93172,1
78546,93172,1,93172,1
78546,93172,1,93172,1
78546,93172,1,93172,1
78546,93172,1,93172,1
78546,93172,1,93172,1
78546,93172,1,93172,1
78546,93172,1,93172,1
78546,93172,1,93172,1
78546,93172,1,93172,1
78546,93172,1,93172,1
78546,93172,1,93172,1
78546,93172,1,93172,1
78546,93172,1,93172,1
78546,93172,1,93172,1
78546,93172,1,93172,1
78546,93172,1,93172,1
78546,93172,1,93172,1
78546,93172,1,93172,1
78546,93172,1,93172,1
78546,93172,1,93172,1
78546,93172,1,93172,1
78546,93172,1,93172,1
78546,93172,1,93172,1
78546,93172,1,93172,1
78546,93172,1,93172,1
78546,93172,1,93172,1
78546,93172,1,93172,1
78546,93172,1,93172,1
78546,93172,1,93172,1
78546,93172,1,93172,1
78546,93172,1,93172,1
78546,93172,1,93172,1
78546,93172,1,93172,1
78546,93172,1,93172,1
78546,93172,1,93172,1
78546,93172,1,93172,1
78546,93172,1,93172,1
78546,93172,1,93172,1
78546,93172,1,93172,1
78546,93172,1,93172,1
78546,93172,1,86120,1
78546,86120,1,86120,1
78546,86120,1,86120,1
78546,86120,1,86120,1
78546,86120,1,86120,1
78546,86120,1,86120,1
78546,86120,1,86120,1
78546,86120,1,86120,1
78546,86120,1,86120,1
78546,86120,1,86120,1
78546,86120,1,86120,1
78546,86120,1,86120,1
78546,86120,1,86120,1
78546,86120,1,86120,1
78546,86120,1,86120,1
78546,86120,1,86120,1
78546,86120,1,86120,1
78546,86120,1,86120,1
78546,86120,1,86120,1
78546,86120,1,86120,1
78546,86120,1,86120,1
78546,86120,1,86120,1
78546,86120,1,86120,1
78546,86120,1,86120,1
78546,86120,1,86120,1
78546,86120,1,86120,1
78546,86120,1,86120,1
78546,86120,1,86120,1
78546,86120,1,86120,1
78546,86120,1,86120,1
78546,86120,1,86120,1
78546,86120,1,86120,1
78546,86120,1,86120,1
78546,86120,1,86120,1
78546,86120,1,86120,1
78546,86120,1,86120,1
78546,86120,1,86120,1
78546,86120,1,86120,1
78546,86120,1,86120,1
78546,86120,1,86120,1
78546,86120,1,86120,1
78546,86120,1,86120,1
78546,86120,1,86120,1
78546,86120,1,86120,1
78546,86120,1,86120,1
78546,86120,1,86120,1
78546,86120,1,85095,1
78546,85095,1,85095,1
78546,85095,1,85095,1
78546,85095,1,85095,1
78546,85095,1,85095,1
78546,85095,1,85095,1
78546,85095,1,85095,1
78546,85095,1,85095,1
78546,85095,1,85095,1
78546,85095,1,85095,1
78546,85095,1,85095,1
78546,85095,1,85095,1
78546,85095,1,85095,1
78546,85095,1,85095,1
78546,85095,1,85095,1
78546,85095,1,85095,1
78546,85095,1,85095,1
78546,85095,1,85095,1
78546,85095,1,85095,1
78546,85095,1,85095,1
78546,85095,1,85095,1
78546,85095,1,85095,1
78546,85095,1,85095,1
78546,85095,1,85095,1
78546,85095,1,85095,1
78546,85095,1,85095,1
78546,85095,1,85095,1
78546,85095,1,85095,1
78546,85095,1,85095,1
78546,85095,1,85095,1
78546,85095,1,85095,1
78546,85095,1,85095,1
78546,85095,1,85095,1
78546,85095,1,85095,1
78546,85095,1,85095,1
78546,85095,1,85095,1
78546,85095,1,85095,1
78546,85095,1,85095,1
78546,85095,1,85095,1
78546,85095,1,85095,1
78546,85095,1,85095,1
78546,85095,1,85095,1
78546,85095,1,85095,1
78546,85095,1,85095,1
78546,85095,1,85095,1
78546,85095,1,85095,1
78546,85095,1,84624,1
78546,84624,1,84624,1
78546,84624,1,84624,1
78546,84624,1,84624,1
78546,84624,1,84624,1
78546,84624,1,84624,1
78546,84624,1,84624,1
78546,84624,1,84624,1
78546,84624,1,84624,1
78546,84624,1,84624,1
78546,84624,1,84624,1
78546,84624,1,84624,1
78546,84624,1,84624,1
78546,84624,1,84624,1
78546,84624,1,84624,1
78546,84624,1,84624,1
78546,84624,1,84624,1
78546,84624,1,84624,1
78546,84624,1,84624,1
78546,84624,1,84624,1
78546,84624,1,84624,1
78546,84624,1,84624,1
78546,84624,1,84624,1
78546,84624,1,84624,1
78546,84624,1,84624,1
78546,84624,1,84624,1
78546,84624,1,84624,1
78546,84624,1,84624,1
78546,84624,1,84624,1
78546,84624,1,84624,1
78546,84624,1,84624,1
78546,84624,1,84624,1
78546,84624,1,84624,1
78546,84624,1,84624,1
78546,84624,1,84624,1
78546,84624,1,84624,1
78546,84624,1,84624,1
78546,84624,1,84624,1
78546,84624,1,84624,1
78546,84624,1,84624,1
78546,84624,1,84624,1
78546,84624,1,84624,1
78546,84624,1,84624,1
78546,84624,1,91352,1
78546,91352,1,91352,1
78546,91352,1,91352,1
78546,91352,1,91352,1
78546,91352,1,91352,1
78546,91352,1,91352,1
78546,91352,1,91352,1
78546,91352,1,91352,1
78546,91352,1,91352,1
78546,91352,1,91352,1
78546,91352,1,91352,1
78546,91352,1,91352,1
78546,91352,1,91352,1
78546,91352,1,91352,1
78546,91352,1,91352,1
78546,91352,1,91352,1
78546,91352,1,91352,1
78546,91352,1,91352,1
78546,91352,1,91352,1
78546,91352,1,91352,1
78546,91352,1,91352,1
78546,91352,1,91352,1
78546,91352,1,91352,1
78546,91352,1,91352,1
78546,91352,1,91352,1
78546,91352,1,91352,1
78546,91352,1,91352,1
78546,91352,1,91352,1
78546,91352,1,91352,1
78546,91352,1,91352,1
78546,91352,1,91352,1
78546,91352,1,91352,1
78546,91352,1,91352,1
78546,91352,1,91352,1
78546,91352,1,91352,1
78546,91352,1,91352,1
78546,91352,1,91352,1
78546,91352,1,91352,1
78546,91352,1,91352,1
78546,91352,1,91352,1
78546,91352,1,91352,1
78546,91352,1,91352,1
78546,91352,1,91352,1
78546,91352,1,91352,1
78546,91352,1,91352,1
78546,91352,1,91352,1
78546,91352,1,91352,1
78546,91352,1,91396,1
78546,91396,1,91396,1
78546,91396,1,91396,1
78546,91396,1,91396,1
78546,91396,1,91396,1
78546,91396,1,91396,1
78546,91396,1,91396,1
78546,91396,1,91396,1
78546,91396,1,91396,1
78546,91396,1,91396,1
78546,91396,1,91396,1
78546,91396,1,91396,1
78546,91396,1,91396,1
78546,91396,1,91396,1
78546,91396,1,91396,1
78546,91396,1,91396,1
78546,91396,1,91396,1
78546,91396,1,91396,1
78546,91396,1,91396,1
78546,91396,1,91396,1
78546,91396,1,91396,1
78546,91396,1,91396,1
78546,91396,1,91396,1
78546,91396,1,91396,1
78546,91396,1,91396,1
78546,91396,1,91396,1
78546,91396,1,91396,1
78546,91396,1,91396,1
78546,91396,1,91396,1
78546,91396,1,91396,1
78546,91396,1,91396,1
78546,91396,1,91396,1
78546,91396,1,91396,1
78546,91396,1,91396,1
78546,91396,1,91396,1
78546,91396,1,91396,1
78546,91396,1,91396,1
78546,91396,1,91396,1
78546,91396,1,91396,1
78546,91396,1,91396,1
78546,91396,1,91396,1
78546,91396,1,91396,1
78546,91396,1,91396,1
78546,91396,1,91396,1
78546,91396,1,91396,1
78546,91396,1,91396,1
78546,91396,1,91396,1
78546,91396,1,91396,1
78546,91396,1,91396,1
78546,91396,1,91396,1
78546,91396,1,91396,1
78546,91396,1,91396,1
78546,91396,1,91396,1
78546,91396,1,91396,1
78546,91396,1,91396,1
78546,91396,1,91396,1
78546,91396,1,91396,1
78546,91396,1,91396,1
78546,91396,1,91396,1
78546,91396,1,91396,1
78546,91396,1,91396,1
78546,91396,1,91396,1
78546,91396,1,91396,1
78546,91396,1,91396,1
78546,91396,1,91396,1
78546,91396,1,91396,1
78546,91396,1,91396,1
78546,91396,1,91396,1
78546,91396,1,91396,1
78546,91396,1,91396,1
78546,91396,1,91396,1
78546,91396,1,91396,1
78546,91396,1,91396,1
78546,91396,1,91396,1
78546,91396,1,91396,1
78546,91396,1,91396,1
78546,91396,1,91396,1
78546,91396,1,91396,1
78546,91396,1,91396,1
78546,91396,1,91396,1
78546,91396,1,91396,1
78546,91396,1,91396,1
78546,91396,1,91396,1
78546,91396,1,91396,1
78546,91396,1,91396,1
78546,91396,1,91396,1
78546,91396,1,91396,1
78546,91396,1,91396,1
78546,91396,1,91396,1
78546,91396,1,91396,1
78546,91396,1,91396,1
78546,91396,1,91396,1
78546,91396,1,91396,1
78546,91396,1,91396,1
78546,91396,1,91396,1
78546,91396,1,91396,1
78546,91396,1,91396,1
78546,91396,1,89286,1
78546,89286,1,89286,1
78546,89286,1,89286,1
78546,89286,1,89286,1
78546,89286,1,89286,1
78546,89286,1,89286,1
78546,89286,1,89286,1
78546,89286,1,89286,1
78546,89286,1,89286,1
78546,89286,1,89286,1
78546,89286,1,89286,1
78546,89286,1,89286,1
78546,89286,1,89286,1
78546,89286,1,89286,1
78546,89286,1,89286,1
78546,89286,1,89286,1
78546,89286,1,89286,1
78546,89286,1,89286,1
78546,89286,1,89286,1
78546,89286,1,89286,1
78546,89286,1,89286,1
78546,89286,1,89286,1
78546,89286,1,89286,1
78546,89286,1,89286,1
78546,89286,1,89286,1
78546,89286,1,89286,1
78546,89286,1,89286,1
78546,89286,1,89286,1
78546,89286,1,89286,1
78546,89286,1,89286,1
78546,89286,1,89286,1
78546,89286,1,89286,1
78546,89286,1,89286,1
78546,89286,1,89286,1
78546,89286,1,89286,1
78546,89286,1,89286,1
78546,89286,1,89286,1
78546,89286,1,89286,1
78546,89286,1,89286,1
78546,89286,1,89286,1
78546,89286,1,89286,1
78546,89286,1,89286,1
78546,89286,1,89286,1
78546,89286,1,89286,1
78546,89286,1,89286,1
78546,89286,1,89286,1
78546,89286,1,89286,1
78546,89286,1,89279,1
78546,89279,1,89279,1
78546,89279,1,89279,1
78546,89279,1,89279,1
78546,89279,1,89279,1
78546,89279,1,89279,1
78546,89279,1,89279,1
78546,89279,1,89279,1
78546,89279,1,89279,1
78546,89279,1,89279,1
78546,89279,1,89279,1
78546,89279,1,89279,1
78546,89279,1,89279,1
78546,89279,1,89279,1
78546,89279,1,89279,1
78546,89279,1,89279,1
78546,89279,1,89279,1
78546,89279,1,89279,1
78546,89279,1,89279,1
78546,89279,1,89279,1
78546,89279,1,89279,1
78546,89279,1,89279,1
78546,89279,1,89279,1
78546,89279,1,89279,1
78546,89279,1,89279,1
78546,89279,1,89279,1
78546,89279,1,89279,1
78546,89279,1,89279,1
78546,89279,1,89279,1
78546,89279,1,89279,1
78546,89279,1,89279,1
78546,89279,1,89279,1
78546,89279,1,89279,1
78546,89279,1,89279,1
78546,89279,1,89279,1
78546,89279,1,89279,1
78546,89279,1,89279,1
78546,89279,1,89279,1
78546,89279,1,89279,1
78546,89279,1,89279,1
78546,89279,1,89279,1
78546,89279,1,89279,1
78546,89279,1,89279,1
78546,89279,1,89279,1
78546,89279,1,89279,1
78546,89279,1,89279,1
78546,89279,1,89279,1
78546,89279,1,89279,1
78546,89279,1,89279,1
78546,89279,1,89279,1
78546,89279,1,89279,1
78546,89279,1,89279,1
78546,89279,1,89279,1
78546,89279,1,89279,1
78546,89279,1,89279,1
78546,89279,1,89279,1
78546,89279,1,89279,1
78546,89279,1,89279,1
78546,89279,1,89279,1
78546,89279,1,89279,1
78546,89279,1,89279,1
78546,89279,1,89279,1
78546,89279,1,89279,1
78546,89279,1,89279,1
78546,89279,1,89279,1
78546,89279,1,89279,1
78546,89279,1,89279,1
78546,89279,1,89279,1
78546,89279,1,89279,1
78546,89279,1,89279,1
78546,89279,1,89279,1
78546,89279,1,89279,1
78546,89279,1,89279,1
78546,89279,1,89279,1
78546,89279,1,89279,1
78546,89279,1,89279,1
78546,89279,1,89279,1
78546,89279,1,89279,1
78546,89279,1,89279,1
78546,89279,1,89279,1
78546,89279,1,89279,1
78546,89279,1,89279,1
78546,89279,1,89279,1
78546,89279,1,89279,1
78546,89279,1,89279,1
78546,89279,1,89279,1
78546,89279,1,89279,1
78546,89279,1,89279,1
78546,89279,1,89279,1
78546,89279,1,89279,1
78546,89279,1,89279,1
78546,89279,1,89279,1
78546,89279,1,89279,1
78546,89279,1,89279,1
78546,89279,1,89279,1
78546,89279,1,89279,1
78546,89279,1,89279,1
78546,89279,1,89817,1
78546,89817,1,89817,1
78546,89817,1,89817,1
78546,89817,1,89817,1
78546,89817,1,89817,1
78546,89817,1,89817,1
78546,89817,1,89817,1
78546,89817,1,89817,1
78546,89817,1,89817,1
78546,89817,1,89817,1
78546,89817,1,89817,1
78546,89817,1,89817,1
78546,89817,1,89817,1
78546,89817,1,89817,1
78546,89817,1,89817,1
78546,89817,1,89817,1
78546,89817,1,89817,1
78546,89817,1,89817,1
78546,89817,1,89817,1
78546,89817,1,89817,1
78546,89817,1,89817,1
78546,89817,1,89817,1
78546,89817,1,89817,1
78546,89817,1,89817,1
78546,89817,1,89817,1
78546,89817,1,89817,1
78546,89817,1,89817,1
78546,89817,1,89817,1
78546,89817,1,89817,1
78546,89817,1,89817,1
78546,89817,1,89817,1
78546,89817,1,89817,1
78546,89817,1,89817,1
78546,89817,1,89817,1
78546,89817,1,89817,1
78546,89817,1,89817,1
78546,89817,1,89817,1
78546,89817,1,89817,1
78546,89817,1,89817,1
78546,89817,1,89817,1
78546,89817,1,89817,1
78546,89817,1,89817,1
78546,89817,1,89817,1
78546,89817,1,89817,1
78546,89817,1,89817,1
78546,89817,1,89817,1
78546,89817,1,89817,1
78546,89817,1,89817,1
78546,89817,1,89817,1
78546,89817,1,89817,1
78546,89817,1,89817,1
78546,89817,1,89817,1
78546,89817,1,89817,1
78546,89817,1,89817,1
78546,89817,1,89817,1
78546,89817,1,89817,1
78546,89817,1,89817,1
78546,89817,1,89817,1
78546,89817,1,89817,1
78546,89817,1,89817,1
78546,89817,1,89817,1
78546,89817,1,89817,1
78546,89817,1,89817,1
78546,89817,1,89817,1
78546,89817,1,89817,1
78546,89817,1,89817,1
78546,89817,1,89817,1
78546,89817,1,89817,1
78546,89817,1,89817,1
78546,89817,1,89817,1
78546,89817,1,89817,1
78546,89817,1,89817,1
78546,89817,1,89817,1
78546,89817,1,89817,1
78546,89817,1,89817,1
78546,89817,1,89817,1
78546,89817,1,89817,1
78546,89817,1,89817,1
78546,89817,1,89817,1
78546,89817,1,89817,1
78546,89817,1,89817,1
78546,89817,1,89817,1
78546,89817,1,89817,1
78546,89817,1,89817,1
78546,89817,1,89817,1
78546,89817,1,89817,1
78546,89817,1,89817,1
78546,89817,1,89817,1
78546,89817,1,89817,1
78546,89817,1,89817,1
78546,89817,1,89817,1
78546,89817,1,89817,1
78546,89817,1,89817,1
78546,89817,1,89799,1
78546,89799,1,89799,1
78546,89799,1,89799,1
78546,89799,1,89799,1
78546,89799,1,89799,1
78546,89799,1,89799,1
78546,89799,1,89799,1
78546,89799,1,89799,1
78546,89799,1,89799,1
78546,89799,1,89799,1
78546,89799,1,89799,1
78546,89799,1,89799,1
78546,89799,1,89799,1
78546,89799,1,89799,1
78546,89799,1,89799,1
78546,89799,1,89799,1
78546,89799,1,89799,1
78546,89799,1,89799,1
78546,89799,1,89799,1
78546,89799,1,89799,1
78546,89799,1,89799,1
78546,89799,1,89799,1
78546,89799,1,89799,1
78546,89799,1,89799,1
78546,89799,1,89799,1
78546,89799,1,89799,1
78546,89799,1,89799,1
78546,89799,1,89799,1
78546,89799,1,89799,1
78546,89799,1,89799,1
78546,89799,1,89799,1
78546,89799,1,89799,1
78546,89799,1,89799,1
78546,89799,1,89799,1
78546,89799,1,89799,1
78546,89799,1,89799,1
78546,89799,1,89799,1
78546,89799,1,89799,1
78546,89799,1,89799,1
78546,89799,1,89799,1
78546,89799,1,89799,1
78546,89799,1,89799,1
78546,89799,1,89799,1
78546,89799,1,89799,1
78546,89799,1,89799,1
78546,89799,1,89799,1
78546,89799,1,89799,1
78546,89799,1,89799,1
78546,89799,1,89799,1
78546,89799,1,89799,1
78546,89799,1,89799,1
78546,89799,1,89799,1
78546,89799,1,89799,1
78546,89799,1,89799,1
78546,89799,1,89799,1
78546,89799,1,89799,1
78546,89799,1,89799,1
78546,89799,1,89799,1
78546,89799,1,89799,1
78546,89799,1,89799,1
78546,89799,1,89799,1
78546,89799,1,89799,1
78546,89799,1,89799,1
78546,89799,1,89799,1
78546,89799,1,89799,1
78546,89799,1,89799,1
78546,89799,1,89799,1
78546,89799,1,89799,1
78546,89799,1,89799,1
78546,89799,1,89799,1
78546,89799,1,89799,1
78546,89799,1,89799,1
78546,89799,1,89799,1
78546,89799,1,89799,1
78546,89799,1,89799,1
78546,89799,1,89799,1
78546,89799,1,89799,1
78546,89799,1,89799,1
78546,89799,1,89799,1
78546,89799,1,89799,1
78546,89799,1,89799,1
78546,89799,1,89799,1
78546,89799,1,89799,1
78546,89799,1,89799,1
78546,89799,1,89799,1
78546,89799,1,89799,1
78546,89799,1,89799,1
78546,89799,1,89799,1
78546,89799,1,89799,1
78546,89799,1,89799,1
78546,89799,1,89799,1
78546,89799,1,89799,1
78546,89799,1,89799,1
78546,89799,1,89833,1
78546,89833,1,89833,1
78546,89833,1,89833,1
78546,89833,1,89833,1
78546,89833,1,89833,1
78546,89833,1,89833,1
78546,89833,1,89833,1
78546,89833,1,89833,1
78546,89833,1,89833,1
78546,89833,1,89833,1
78546,89833,1,89833,1
78546,89833,1,89833,1
78546,89833,1,89833,1
78546,89833,1,89833,1
78546,89833,1,89833,1
78546,89833,1,89833,1
78546,89833,1,89833,1
78546,89833,1,89833,1
78546,89833,1,89833,1
78546,89833,1,89833,1
78546,89833,1,89833,1
78546,89833,1,89833,1
78546,89833,1,89833,1
78546,89833,1,89833,1
78546,89833,1,89833,1
78546,89833,1,89833,1
78546,89833,1,89833,1
78546,89833,1,89833,1
78546,89833,1,89833,1
78546,89833,1,89833,1
78546,89833,1,89833,1
78546,89833,1,89833,1
78546,89833,1,89833,1
78546,89833,1,89833,1
78546,89833,1,89833,1
78546,89833,1,89833,1
78546,89833,1,89833,1
78546,89833,1,89833,1
78546,89833,1,89833,1
78546,89833,1,89833,1
78546,89833,1,89833,1
78546,89833,1,89833,1
78546,89833,1,89833,1
78546,89833,1,89833,1
78546,89833,1,173920,1
78546,173920,1,173922,1
78546,173922,1,174006,0
78546,174006,0,174019,1
78546,174019,1,173995,1
78546,173995,1,173977,0
78546,173977,0,173954,1
78546,173954,1,174003,1
78546,174003,1,173968,1
78546,173968,1,91662,1
78546,91662,1,91662,1
78546,91662,1,91662,1
78546,91662,1,91662,1
78546,91662,1,91662,1
78546,91662,1,91662,1
78546,91662,1,91662,1
78546,91662,1,91662,1
78546,91662,1,91662,1
78546,91662,1,91662,1
78546,91662,1,91662,1
78546,91662,1,91662,1
78546,91662,1,91662,1
78546,91662,1,91662,1
78546,91662,1,91662,1
78546,91662,1,91662,1
78546,91662,1,91662,1
78546,91662,1,91662,1
78546,91662,1,91662,1
78546,91662,1,91662,1
78546,91662,1,91662,1
78546,91662,1,91662,1
78546,91662,1,91662,1
78546,91662,1,91662,1
78546,91662,1,91662,1
78546,91662,1,91662,1
78546,91662,1,91662,1
78546,91662,1,91662,1
78546,91662,1,91662,1
78546,91662,1,91662,1
78546,91662,1,91662,1
78546,91662,1,91662,1
78546,91662,1,91662,1
78546,91662,1,91662,1
78546,91662,1,91662,1
78546,91662,1,91662,1
78546,91662,1,91662,1
78546,91662,1,91662,1
78546,91662,1,91662,1
78546,91662,1,91662,1
78546,91662,1,91662,1
78546,91662,1,91662,1
78546,91662,1,91662,1
78546,91662,1,91662,1
78546,91662,1,91662,1
78546,91662,1,91662,1
78547,93208,1,93208,1
78547,93208,1,93208,1
78547,93208,1,93208,1
78547,93208,1,93208,1
78547,93208,1,93208,1
78547,93208,1,93208,1
78547,93208,1,93208,1
78547,93208,1,93208,1
78547,93208,1,93208,1
78547,93208,1,93208,1
78547,93208,1,93208,1
78547,93208,1,93208,1
78547,93208,1,93208,1
78547,93208,1,93208,1
78547,93208,1,93208,1
78547,93208,1,93208,1
78547,93208,1,93208,1
78547,93208,1,93208,1
78547,93208,1,93208,1
78547,93208,1,93208,1
78547,93208,1,93208,1
78547,93208,1,93208,1
78547,93208,1,93208,1
78547,93208,1,93208,1
78547,93208,1,93208,1
78547,93208,1,93208,1
78547,93208,1,93208,1
78547,93208,1,93208,1
78547,93208,1,93208,1
78547,93208,1,93208,1
78547,93208,1,93208,1
78547,93208,1,93208,1
78547,93208,1,93208,1
78547,93208,1,93208,1
78547,93208,1,93208,1
78547,93208,1,93208,1
78547,93208,1,93208,1
78547,93208,1,93208,1
78547,93208,1,93208,1
78547,93208,1,93208,1
78547,93208,1,93208,1
78547,93208,1,93208,1
78547,93208,1,93208,1
78547,93208,1,93208,1
78547,93208,1,93208,1
78547,93208,1,93213,1
78547,93213,1,93213,1
78547,93213,1,93213,1
78547,93213,1,93213,1
78547,93213,1,93213,1
78547,93213,1,93213,1
78547,93213,1,93213,1
78547,93213,1,93213,1
78547,93213,1,93213,1
78547,93213,1,93213,1
78547,93213,1,93213,1
78547,93213,1,93213,1
78547,93213,1,93213,1
78547,93213,1,93213,1
78547,93213,1,93213,1
78547,93213,1,93213,1
78547,93213,1,93213,1
78547,93213,1,93213,1
78547,93213,1,93213,1
78547,93213,1,93213,1
78547,93213,1,93213,1
78547,93213,1,93213,1
78547,93213,1,93213,1
78547,93213,1,93213,1
78547,93213,1,93213,1
78547,93213,1,93213,1
78547,93213,1,93213,1
78547,93213,1,93213,1
78547,93213,1,93213,1
78547,93213,1,93213,1
78547,93213,1,93213,1
78547,93213,1,93213,1
78547,93213,1,93213,1
78547,93213,1,93213,1
78547,93213,1,93213,1
78547,93213,1,93213,1
78547,93213,1,93213,1
78547,93213,1,93213,1
78547,93213,1,93213,1
78547,93213,1,93213,1
78547,93213,1,93213,1
78547,93213,1,93213,1
78547,93213,1,93213,1
78547,93213,1,93213,1
78547,93213,1,93213,1
78547,93213,1,93213,1
78547,93213,1,93203,1
78547,93203,1,93203,1
78547,93203,1,93203,1
78547,93203,1,93203,1
78547,93203,1,93203,1
78547,93203,1,93203,1
78547,93203,1,93203,1
78547,93203,1,93203,1
78547,93203,1,93203,1
78547,93203,1,93203,1
78547,93203,1,93203,1
78547,93203,1,93203,1
78547,93203,1,93203,1
78547,93203,1,93203,1
78547,93203,1,93203,1
78547,93203,1,93203,1
78547,93203,1,93203,1
78547,93203,1,93203,1
78547,93203,1,93203,1
78547,93203,1,93203,1
78547,93203,1,93203,1
78547,93203,1,93203,1
78547,93203,1,93203,1
78547,93203,1,93203,1
78547,93203,1,93203,1
78547,93203,1,93203,1
78547,93203,1,93203,1
78547,93203,1,93203,1
78547,93203,1,93203,1
78547,93203,1,93203,1
78547,93203,1,93203,1
78547,93203,1,93203,1
78547,93203,1,93203,1
78547,93203,1,93203,1
78547,93203,1,93203,1
78547,93203,1,93203,1
78547,93203,1,93203,1
78547,93203,1,93203,1
78547,93203,1,93203,1
78547,93203,1,93203,1
78547,93203,1,93203,1
78547,93203,1,93203,1
78547,93203,1,93203,1
78547,93203,1,85091,1
78547,85091,1,85091,1
78547,85091,1,85091,1
78547,85091,1,85091,1
78547,85091,1,85091,1
78547,85091,1,85091,1
78547,85091,1,85091,1
78547,85091,1,85091,1
78547,85091,1,85091,1
78547,85091,1,85091,1
78547,85091,1,85091,1
78547,85091,1,85091,1
78547,85091,1,85091,1
78547,85091,1,85091,1
78547,85091,1,85091,1
78547,85091,1,85091,1
78547,85091,1,85091,1
78547,85091,1,85091,1
78547,85091,1,85091,1
78547,85091,1,85091,1
78547,85091,1,85091,1
78547,85091,1,85091,1
78547,85091,1,85091,1
78547,85091,1,85091,1
78547,85091,1,85091,1
78547,85091,1,85091,1
78547,85091,1,85091,1
78547,85091,1,85091,1
78547,85091,1,85091,1
78547,85091,1,85091,1
78547,85091,1,85091,1
78547,85091,1,85091,1
78547,85091,1,85091,1
78547,85091,1,85091,1
78547,85091,1,85091,1
78547,85091,1,85091,1
78547,85091,1,85091,1
78547,85091,1,85091,1
78547,85091,1,85091,1
78547,85091,1,85091,1
78547,85091,1,85091,1
78547,85091,1,85091,1
78547,85091,1,85091,1
78547,85091,1,85091,1
78547,85091,1,85091,1
78547,85091,1,85091,1
78547,85091,1,85659,1
78547,85659,1,85659,1
78547,85659,1,85659,1
78547,85659,1,85659,1
78547,85659,1,85659,1
78547,85659,1,85659,1
78547,85659,1,85659,1
78547,85659,1,85659,1
78547,85659,1,85659,1
78547,85659,1,85659,1
78547,85659,1,85659,1
78547,85659,1,85659,1
78547,85659,1,85659,1
78547,85659,1,85659,1
78547,85659,1,85659,1
78547,85659,1,85659,1
78547,85659,1,85659,1
78547,85659,1,85659,1
78547,85659,1,85659,1
78547,85659,1,85659,1
78547,85659,1,85659,1
78547,85659,1,85659,1
78547,85659,1,85659,1
78547,85659,1,85659,1
78547,85659,1,85659,1
78547,85659,1,85659,1
78547,85659,1,85659,1
78547,85659,1,85659,1
78547,85659,1,85659,1
78547,85659,1,85659,1
78547,85659,1,85659,1
78547,85659,1,85659,1
78547,85659,1,85659,1
78547,85659,1,85659,1
78547,85659,1,85659,1
78547,85659,1,85659,1
78547,85659,1,85659,1
78547,85659,1,85659,1
78547,85659,1,85659,1
78547,85659,1,85659,1
78547,85659,1,85659,1
78547,85659,1,85659,1
78547,85659,1,85659,1
78547,85659,1,85659,1
78547,85659,1,85659,1
78547,85659,1,85659,1
78547,85659,1,89294,1
78547,89294,1,89294,1
78547,89294,1,89294,1
78547,89294,1,89294,1
78547,89294,1,89294,1
78547,89294,1,89294,1
78547,89294,1,89294,1
78547,89294,1,89294,1
78547,89294,1,89294,1
78547,89294,1,89294,1
78547,89294,1,89294,1
78547,89294,1,89294,1
78547,89294,1,89294,1
78547,89294,1,89294,1
78547,89294,1,89294,1
78547,89294,1,89294,1
78547,89294,1,89294,1
78547,89294,1,89294,1
78547,89294,1,89294,1
78547,89294,1,89294,1
78547,89294,1,89294,1
78547,89294,1,89294,1
78547,89294,1,89294,1
78547,89294,1,89294,1
78547,89294,1,89294,1
78547,89294,1,89294,1
78547,89294,1,89294,1
78547,89294,1,89294,1
78547,89294,1,89294,1
78547,89294,1,89294,1
78547,89294,1,89294,1
78547,89294,1,89294,1
78547,89294,1,89294,1
78547,89294,1,89294,1
78547,89294,1,89294,1
78547,89294,1,89294,1
78547,89294,1,89294,1
78547,89294,1,89294,1
78547,89294,1,89294,1
78547,89294,1,89294,1
78547,89294,1,89294,1
78547,89294,1,89294,1
78547,89294,1,89294,1
78547,89294,1,89294,1
78547,89294,1,89294,1
78547,89294,1,89294,1
78547,89294,1,89294,1
78547,89294,1,91347,1
78547,91347,1,91347,1
78547,91347,1,91347,1
78547,91347,1,91347,1
78547,91347,1,91347,1
78547,91347,1,91347,1
78547,91347,1,91347,1
78547,91347,1,91347,1
78547,91347,1,91347,1
78547,91347,1,91347,1
78547,91347,1,91347,1
78547,91347,1,91347,1
78547,91347,1,91347,1
78547,91347,1,91347,1
78547,91347,1,91347,1
78547,91347,1,91347,1
78547,91347,1,91347,1
78547,91347,1,91347,1
78547,91347,1,91347,1
78547,91347,1,91347,1
78547,91347,1,91347,1
78547,91347,1,91347,1
78547,91347,1,91347,1
78547,91347,1,91347,1
78547,91347,1,91347,1
78547,91347,1,91347,1
78547,91347,1,91347,1
78547,91347,1,91347,1
78547,91347,1,91347,1
78547,91347,1,91347,1
78547,91347,1,91347,1
78547,91347,1,91347,1
78547,91347,1,91347,1
78547,91347,1,91347,1
78547,91347,1,91347,1
78547,91347,1,91347,1
78547,91347,1,91347,1
78547,91347,1,91347,1
78547,91347,1,91347,1
78547,91347,1,91347,1
78547,91347,1,91347,1
78547,91347,1,91347,1
78547,91347,1,91347,1
78547,91347,1,91347,1
78547,91347,1,91347,1
78547,91347,1,91347,1
78547,91347,1,91347,1
78547,91347,1,91347,1
78547,91347,1,91347,1
78547,91347,1,91347,1
78547,91347,1,91347,1
78547,91347,1,91347,1
78547,91347,1,91347,1
78547,91347,1,91347,1
78547,91347,1,91347,1
78547,91347,1,91347,1
78547,91347,1,91347,1
78547,91347,1,91347,1
78547,91347,1,91347,1
78547,91347,1,91347,1
78547,91347,1,91347,1
78547,91347,1,91347,1
78547,91347,1,91347,1
78547,91347,1,91347,1
78547,91347,1,91347,1
78547,91347,1,91347,1
78547,91347,1,91347,1
78547,91347,1,91347,1
78547,91347,1,91347,1
78547,91347,1,91347,1
78547,91347,1,91347,1
78547,91347,1,91347,1
78547,91347,1,91347,1
78547,91347,1,91347,1
78547,91347,1,91347,1
78547,91347,1,91347,1
78547,91347,1,91347,1
78547,91347,1,91347,1
78547,91347,1,91347,1
78547,91347,1,91347,1
78547,91347,1,91347,1
78547,91347,1,91347,1
78547,91347,1,91347,1
78547,91347,1,91347,1
78547,91347,1,91347,1
78547,91347,1,91347,1
78547,91347,1,91347,1
78547,91347,1,91347,1
78547,91347,1,91347,1
78547,91347,1,91347,1
78547,91347,1,91347,1
78547,91347,1,91347,1
78547,91347,1,91347,1
78547,91347,1,91347,1
78547,91347,1,91347,1
78547,91347,1,91347,1
78547,91347,1,91347,1
78547,91347,1,91353,1
78547,91353,1,91353,1
78547,91353,1,91353,1
78547,91353,1,91353,1
78547,91353,1,91353,1
78547,91353,1,91353,1
78547,91353,1,91353,1
78547,91353,1,91353,1
78547,91353,1,91353,1
78547,91353,1,91353,1
78547,91353,1,91353,1
78547,91353,1,91353,1
78547,91353,1,91353,1
78547,91353,1,91353,1
78547,91353,1,91353,1
78547,91353,1,91353,1
78547,91353,1,91353,1
78547,91353,1,91353,1
78547,91353,1,91353,1
78547,91353,1,91353,1
78547,91353,1,91353,1
78547,91353,1,91353,1
78547,91353,1,91353,1
78547,91353,1,91353,1
78547,91353,1,91353,1
78547,91353,1,91353,1
78547,91353,1,91353,1
78547,91353,1,91353,1
78547,91353,1,91353,1
78547,91353,1,91353,1
78547,91353,1,91353,1
78547,91353,1,91353,1
78547,91353,1,91353,1
78547,91353,1,91353,1
78547,91353,1,91353,1
78547,91353,1,91353,1
78547,91353,1,91353,1
78547,91353,1,91353,1
78547,91353,1,91353,1
78547,91353,1,91353,1
78547,91353,1,91353,1
78547,91353,1,91353,1
78547,91353,1,91353,1
78547,91353,1,91353,1
78547,91353,1,91353,1
78547,91353,1,91353,1
78547,91353,1,91353,1
78547,91353,1,89286,1
78547,89286,1,89286,1
78547,89286,1,89286,1
78547,89286,1,89286,1
78547,89286,1,89286,1
78547,89286,1,89286,1
78547,89286,1,89286,1
78547,89286,1,89286,1
78547,89286,1,89286,1
78547,89286,1,89286,1
78547,89286,1,89286,1
78547,89286,1,89286,1
78547,89286,1,89286,1
78547,89286,1,89286,1
78547,89286,1,89286,1
78547,89286,1,89286,1
78547,89286,1,89286,1
78547,89286,1,89286,1
78547,89286,1,89286,1
78547,89286,1,89286,1
78547,89286,1,89286,1
78547,89286,1,89286,1
78547,89286,1,89286,1
78547,89286,1,89286,1
78547,89286,1,89286,1
78547,89286,1,89286,1
78547,89286,1,89286,1
78547,89286,1,89286,1
78547,89286,1,89286,1
78547,89286,1,89286,1
78547,89286,1,89286,1
78547,89286,1,89286,1
78547,89286,1,89286,1
78547,89286,1,89286,1
78547,89286,1,89286,1
78547,89286,1,89286,1
78547,89286,1,89286,1
78547,89286,1,89286,1
78547,89286,1,89286,1
78547,89286,1,89286,1
78547,89286,1,89286,1
78547,89286,1,89286,1
78547,89286,1,89286,1
78547,89286,1,89286,1
78547,89286,1,89286,1
78547,89286,1,89286,1
78547,89286,1,89286,1
78547,89286,1,89286,1
78547,89286,1,89286,1
78547,89286,1,89286,1
78547,89286,1,89286,1
78547,89286,1,89286,1
78547,89286,1,89286,1
78547,89286,1,89286,1
78547,89286,1,89286,1
78547,89286,1,89286,1
78547,89286,1,89286,1
78547,89286,1,89286,1
78547,89286,1,89286,1
78547,89286,1,89286,1
78547,89286,1,89286,1
78547,89286,1,89286,1
78547,89286,1,89286,1
78547,89286,1,89286,1
78547,89286,1,89286,1
78547,89286,1,89286,1
78547,89286,1,89286,1
78547,89286,1,89286,1
78547,89286,1,89286,1
78547,89286,1,89286,1
78547,89286,1,89286,1
78547,89286,1,89286,1
78547,89286,1,89286,1
78547,89286,1,89286,1
78547,89286,1,89286,1
78547,89286,1,89286,1
78547,89286,1,89286,1
78547,89286,1,89286,1
78547,89286,1,89286,1
78547,89286,1,89286,1
78547,89286,1,89286,1
78547,89286,1,89286,1
78547,89286,1,89286,1
78547,89286,1,89286,1
78547,89286,1,89286,1
78547,89286,1,89286,1
78547,89286,1,89286,1
78547,89286,1,89286,1
78547,89286,1,89286,1
78547,89286,1,89286,1
78547,89286,1,89286,1
78547,89286,1,89286,1
78547,89286,1,89286,1
78547,89286,1,89286,1
78547,89286,1,89286,1
78547,89286,1,89286,1
78547,89286,1,89286,1
78547,89286,1,89772,0
78547,89772,0,89772,0
78547,89772,0,89772,0
78547,89772,0,89772,0
78547,89772,0,89772,0
78547,89772,0,89772,0
78547,89772,0,89772,0
78547,89772,0,89772,0
78547,89772,0,89772,0
78547,89772,0,89772,0
78547,89772,0,89772,0
78547,89772,0,89772,0
78547,89772,0,89772,0
78547,89772,0,89772,0
78547,89772,0,89772,0
78547,89772,0,89772,0
78547,89772,0,89772,0
78547,89772,0,89772,0
78547,89772,0,89772,0
78547,89772,0,89772,0
78547,89772,0,89772,0
78547,89772,0,89772,0
78547,89772,0,89772,0
78547,89772,0,89772,0
78547,89772,0,89772,0
78547,89772,0,89772,0
78547,89772,0,89772,0
78547,89772,0,89772,0
78547,89772,0,89772,0
78547,89772,0,89772,0
78547,89772,0,89772,0
78547,89772,0,89772,0
78547,89772,0,89772,0
78547,89772,0,89772,0
78547,89772,0,89772,0
78547,89772,0,89772,0
78547,89772,0,89772,0
78547,89772,0,89772,0
78547,89772,0,89772,0
78547,89772,0,89772,0
78547,89772,0,89772,0
78547,89772,0,89772,0
78547,89772,0,89772,0
78547,89772,0,89772,0
78547,89772,0,89798,1
78547,89798,1,89798,1
78547,89798,1,89798,1
78547,89798,1,89798,1
78547,89798,1,89798,1
78547,89798,1,89798,1
78547,89798,1,89798,1
78547,89798,1,89798,1
78547,89798,1,89798,1
78547,89798,1,89798,1
78547,89798,1,89798,1
78547,89798,1,89798,1
78547,89798,1,89798,1
78547,89798,1,89798,1
78547,89798,1,89798,1
78547,89798,1,89798,1
78547,89798,1,89798,1
78547,89798,1,89798,1
78547,89798,1,89798,1
78547,89798,1,89798,1
78547,89798,1,89798,1
78547,89798,1,89798,1
78547,89798,1,89798,1
78547,89798,1,89798,1
78547,89798,1,89798,1
78547,89798,1,89798,1
78547,89798,1,89798,1
78547,89798,1,89798,1
78547,89798,1,89798,1
78547,89798,1,89798,1
78547,89798,1,89798,1
78547,89798,1,89798,1
78547,89798,1,89798,1
78547,89798,1,89798,1
78547,89798,1,89798,1
78547,89798,1,89798,1
78547,89798,1,89798,1
78547,89798,1,89798,1
78547,89798,1,89798,1
78547,89798,1,89798,1
78547,89798,1,89798,1
78547,89798,1,89798,1
78547,89798,1,89798,1
78547,89798,1,89798,1
78547,89798,1,89798,1
78547,89798,1,89798,1
78547,89798,1,89798,1
78547,89798,1,89798,1
78547,89798,1,89798,1
78547,89798,1,89798,1
78547,89798,1,89798,1
78547,89798,1,89798,1
78547,89798,1,89798,1
78547,89798,1,89798,1
78547,89798,1,89798,1
78547,89798,1,89798,1
78547,89798,1,89798,1
78547,89798,1,89798,1
78547,89798,1,89798,1
78547,89798,1,89798,1
78547,89798,1,89798,1
78547,89798,1,89798,1
78547,89798,1,89798,1
78547,89798,1,89798,1
78547,89798,1,89798,1
78547,89798,1,89798,1
78547,89798,1,89798,1
78547,89798,1,89798,1
78547,89798,1,89798,1
78547,89798,1,89798,1
78547,89798,1,89798,1
78547,89798,1,89798,1
78547,89798,1,89798,1
78547,89798,1,89798,1
78547,89798,1,89798,1
78547,89798,1,89798,1
78547,89798,1,89798,1
78547,89798,1,89798,1
78547,89798,1,89798,1
78547,89798,1,89798,1
78547,89798,1,89798,1
78547,89798,1,89798,1
78547,89798,1,89798,1
78547,89798,1,89798,1
78547,89798,1,89798,1
78547,89798,1,89798,1
78547,89798,1,89798,1
78547,89798,1,89798,1
78547,89798,1,89798,1
78547,89798,1,89798,1
78547,89798,1,89798,1
78547,89798,1,89798,1
78547,89798,1,89798,1
78547,89798,1,89792,1
78547,89792,1,89792,1
78547,89792,1,89792,1
78547,89792,1,89792,1
78547,89792,1,89792,1
78547,89792,1,89792,1
78547,89792,1,89792,1
78547,89792,1,89792,1
78547,89792,1,89792,1
78547,89792,1,89792,1
78547,89792,1,89792,1
78547,89792,1,89792,1
78547,89792,1,89792,1
78547,89792,1,89792,1
78547,89792,1,89792,1
78547,89792,1,89792,1
78547,89792,1,89792,1
78547,89792,1,89792,1
78547,89792,1,89792,1
78547,89792,1,89792,1
78547,89792,1,89792,1
78547,89792,1,89792,1
78547,89792,1,89792,1
78547,89792,1,89792,1
78547,89792,1,89792,1
78547,89792,1,89792,1
78547,89792,1,89792,1
78547,89792,1,89792,1
78547,89792,1,89792,1
78547,89792,1,89792,1
78547,89792,1,89792,1
78547,89792,1,89792,1
78547,89792,1,89792,1
78547,89792,1,89792,1
78547,89792,1,89792,1
78547,89792,1,89792,1
78547,89792,1,89792,1
78547,89792,1,89792,1
78547,89792,1,89792,1
78547,89792,1,89792,1
78547,89792,1,89792,1
78547,89792,1,89792,1
78547,89792,1,89792,1
78547,89792,1,89792,1
78547,89792,1,89792,1
78547,89792,1,89792,1
78547,89792,1,89792,1
78547,89792,1,89792,1
78547,89792,1,89792,1
78547,89792,1,89792,1
78547,89792,1,89792,1
78547,89792,1,89792,1
78547,89792,1,89792,1
78547,89792,1,89792,1
78547,89792,1,89792,1
78547,89792,1,89792,1
78547,89792,1,89792,1
78547,89792,1,89792,1
78547,89792,1,89792,1
78547,89792,1,89792,1
78547,89792,1,89792,1
78547,89792,1,89792,1
78547,89792,1,89792,1
78547,89792,1,89792,1
78547,89792,1,89792,1
78547,89792,1,89792,1
78547,89792,1,89792,1
78547,89792,1,89792,1
78547,89792,1,89792,1
78547,89792,1,89792,1
78547,89792,1,89792,1
78547,89792,1,89792,1
78547,89792,1,89792,1
78547,89792,1,89792,1
78547,89792,1,89792,1
78547,89792,1,89792,1
78547,89792,1,89792,1
78547,89792,1,89792,1
78547,89792,1,89792,1
78547,89792,1,89792,1
78547,89792,1,89792,1
78547,89792,1,89792,1
78547,89792,1,89792,1
78547,89792,1,89792,1
78547,89792,1,89792,1
78547,89792,1,89792,1
78547,89792,1,89792,1
78547,89792,1,89792,1
78547,89792,1,89792,1
78547,89792,1,89792,1
78547,89792,1,89792,1
78547,89792,1,89792,1
78547,89792,1,89792,1
78547,89792,1,89799,1
78547,89799,1,89799,1
78547,89799,1,89799,1
78547,89799,1,89799,1
78547,89799,1,89799,1
78547,89799,1,89799,1
78547,89799,1,89799,1
78547,89799,1,89799,1
78547,89799,1,89799,1
78547,89799,1,89799,1
78547,89799,1,89799,1
78547,89799,1,89799,1
78547,89799,1,89799,1
78547,89799,1,89799,1
78547,89799,1,89799,1
78547,89799,1,89799,1
78547,89799,1,89799,1
78547,89799,1,89799,1
78547,89799,1,89799,1
78547,89799,1,89799,1
78547,89799,1,89799,1
78547,89799,1,89799,1
78547,89799,1,89799,1
78547,89799,1,89799,1
78547,89799,1,89799,1
78547,89799,1,89799,1
78547,89799,1,89799,1
78547,89799,1,89799,1
78547,89799,1,89799,1
78547,89799,1,89799,1
78547,89799,1,89799,1
78547,89799,1,89799,1
78547,89799,1,89799,1
78547,89799,1,89799,1
78547,89799,1,89799,1
78547,89799,1,89799,1
78547,89799,1,89799,1
78547,89799,1,89799,1
78547,89799,1,89799,1
78547,89799,1,89799,1
78547,89799,1,89799,1
78547,89799,1,89799,1
78547,89799,1,89799,1
78547,89799,1,89799,1
78547,89799,1,173943,1
78547,173943,1,173907,1
78547,173907,1,174020,0
78547,174020,0,173954,1
78547,173954,1,174013,1
78547,174013,1,173974,1
78547,173974,1,91665,1
78547,91665,1,91665,1
78547,91665,1,91665,1
78547,91665,1,91665,1
78547,91665,1,91665,1
78547,91665,1,91665,1
78547,91665,1,91665,1
78547,91665,1,91665,1
78547,91665,1,91665,1
78547,91665,1,91665,1
78547,91665,1,91665,1
78547,91665,1,91665,1
78547,91665,1,91665,1
78547,91665,1,91665,1
78547,91665,1,91665,1
78547,91665,1,91665,1
78547,91665,1,91665,1
78547,91665,1,91665,1
78547,91665,1,91665,1
78547,91665,1,91665,1
78547,91665,1,91665,1
78547,91665,1,91665,1
78547,91665,1,91665,1
78547,91665,1,91665,1
78547,91665,1,91665,1
78547,91665,1,91665,1
78547,91665,1,91665,1
78547,91665,1,91665,1
78547,91665,1,91665,1
78547,91665,1,91665,1
78547,91665,1,91665,1
78547,91665,1,91665,1
78547,91665,1,91665,1
78547,91665,1,91665,1
78547,91665,1,91665,1
78547,91665,1,91665,1
78547,91665,1,91665,1
78547,91665,1,91665,1
78547,91665,1,91665,1
78547,91665,1,91665,1
78547,91665,1,91665,1
78547,91665,1,91665,1
78547,91665,1,91665,1
78547,91665,1,91665,1
78548,93168,1,93168,1
78548,93168,1,93168,1
78548,93168,1,93168,1
78548,93168,1,93168,1
78548,93168,1,93168,1
78548,93168,1,93168,1
78548,93168,1,93168,1
78548,93168,1,93168,1
78548,93168,1,93168,1
78548,93168,1,93168,1
78548,93168,1,93168,1
78548,93168,1,93168,1
78548,93168,1,93168,1
78548,93168,1,93168,1
78548,93168,1,93168,1
78548,93168,1,93168,1
78548,93168,1,93168,1
78548,93168,1,93168,1
78548,93168,1,93168,1
78548,93168,1,93168,1
78548,93168,1,93168,1
78548,93168,1,93168,1
78548,93168,1,93168,1
78548,93168,1,93168,1
78548,93168,1,93168,1
78548,93168,1,93168,1
78548,93168,1,93168,1
78548,93168,1,93168,1
78548,93168,1,93168,1
78548,93168,1,93168,1
78548,93168,1,93168,1
78548,93168,1,93168,1
78548,93168,1,93168,1
78548,93168,1,93168,1
78548,93168,1,93168,1
78548,93168,1,93168,1
78548,93168,1,93168,1
78548,93168,1,93168,1
78548,93168,1,93168,1
78548,93168,1,93168,1
78548,93168,1,93168,1
78548,93168,1,93168,1
78548,93168,1,93168,1
78548,93168,1,93168,1
78548,93168,1,93168,1
78548,93168,1,93205,1
78548,93205,1,93205,1
78548,93205,1,93205,1
78548,93205,1,93205,1
78548,93205,1,93205,1
78548,93205,1,93205,1
78548,93205,1,93205,1
78548,93205,1,93205,1
78548,93205,1,93205,1
78548,93205,1,93205,1
78548,93205,1,93205,1
78548,93205,1,93205,1
78548,93205,1,93205,1
78548,93205,1,93205,1
78548,93205,1,93205,1
78548,93205,1,93205,1
78548,93205,1,93205,1
78548,93205,1,93205,1
78548,93205,1,93205,1
78548,93205,1,93205,1
78548,93205,1,93205,1
78548,93205,1,93205,1
78548,93205,1,93205,1
78548,93205,1,93205,1
78548,93205,1,93205,1
78548,93205,1,93205,1
78548,93205,1,93205,1
78548,93205,1,93205,1
78548,93205,1,93205,1
78548,93205,1,93205,1
78548,93205,1,93205,1
78548,93205,1,93205,1
78548,93205,1,93205,1
78548,93205,1,93205,1
78548,93205,1,93205,1
78548,93205,1,93205,1
78548,93205,1,93205,1
78548,93205,1,93205,1
78548,93205,1,93205,1
78548,93205,1,93205,1
78548,93205,1,93205,1
78548,93205,1,93205,1
78548,93205,1,93205,1
78548,93205,1,93205,1
78548,93205,1,93205,1
78548,93205,1,93205,1
78548,93205,1,93221,1
78548,93221,1,85673,1
78548,85673,1,85673,1
78548,85673,1,85673,1
78548,85673,1,85673,1
78548,85673,1,85673,1
78548,85673,1,85673,1
78548,85673,1,85673,1
78548,85673,1,85673,1
78548,85673,1,85673,1
78548,85673,1,85673,1
78548,85673,1,85673,1
78548,85673,1,85673,1
78548,85673,1,85673,1
78548,85673,1,85673,1
78548,85673,1,85673,1
78548,85673,1,85673,1
78548,85673,1,85673,1
78548,85673,1,85673,1
78548,85673,1,85673,1
78548,85673,1,85673,1
78548,85673,1,85673,1
78548,85673,1,85673,1
78548,85673,1,85673,1
78548,85673,1,85673,1
78548,85673,1,85673,1
78548,85673,1,85673,1
78548,85673,1,85673,1
78548,85673,1,85673,1
78548,85673,1,85673,1
78548,85673,1,85673,1
78548,85673,1,85673,1
78548,85673,1,85673,1
78548,85673,1,85673,1
78548,85673,1,85673,1
78548,85673,1,85673,1
78548,85673,1,85673,1
78548,85673,1,85673,1
78548,85673,1,85673,1
78548,85673,1,85673,1
78548,85673,1,85673,1
78548,85673,1,85673,1
78548,85673,1,85673,1
78548,85673,1,85673,1
78548,85673,1,85673,1
78548,85673,1,85673,1
78548,85673,1,85673,1
78548,85673,1,86096,1
78548,86096,1,86096,1
78548,86096,1,86096,1
78548,86096,1,86096,1
78548,86096,1,86096,1
78548,86096,1,86096,1
78548,86096,1,86096,1
78548,86096,1,86096,1
78548,86096,1,86096,1
78548,86096,1,86096,1
78548,86096,1,86096,1
78548,86096,1,86096,1
78548,86096,1,86096,1
78548,86096,1,86096,1
78548,86096,1,86096,1
78548,86096,1,86096,1
78548,86096,1,86096,1
78548,86096,1,86096,1
78548,86096,1,86096,1
78548,86096,1,86096,1
78548,86096,1,86096,1
78548,86096,1,86096,1
78548,86096,1,86096,1
78548,86096,1,86096,1
78548,86096,1,86096,1
78548,86096,1,86096,1
78548,86096,1,86096,1
78548,86096,1,86096,1
78548,86096,1,86096,1
78548,86096,1,86096,1
78548,86096,1,86096,1
78548,86096,1,86096,1
78548,86096,1,86096,1
78548,86096,1,86096,1
78548,86096,1,86096,1
78548,86096,1,86096,1
78548,86096,1,86096,1
78548,86096,1,86096,1
78548,86096,1,86096,1
78548,86096,1,86096,1
78548,86096,1,86096,1
78548,86096,1,86096,1
78548,86096,1,86096,1
78548,86096,1,86096,1
78548,86096,1,86096,1
78548,86096,1,86096,1
78548,86096,1,85680,0
78548,85680,0,89294,1
78548,89294,1,89278,1
78548,89278,1,89278,1
78548,89278,1,89278,1
78548,89278,1,89278,1
78548,89278,1,89278,1
78548,89278,1,89278,1
78548,89278,1,89278,1
78548,89278,1,89278,1
78548,89278,1,89278,1
78548,89278,1,89278,1
78548,89278,1,89278,1
78548,89278,1,89278,1
78548,89278,1,89278,1
78548,89278,1,89278,1
78548,89278,1,89278,1
78548,89278,1,89278,1
78548,89278,1,89278,1
78548,89278,1,89278,1
78548,89278,1,89278,1
78548,89278,1,89278,1
78548,89278,1,89278,1
78548,89278,1,89278,1
78548,89278,1,89278,1
78548,89278,1,89278,1
78548,89278,1,89278,1
78548,89278,1,89278,1
78548,89278,1,89278,1
78548,89278,1,89278,1
78548,89278,1,89278,1
78548,89278,1,89278,1
78548,89278,1,89278,1
78548,89278,1,89278,1
78548,89278,1,89278,1
78548,89278,1,89278,1
78548,89278,1,89278,1
78548,89278,1,89278,1
78548,89278,1,89278,1
78548,89278,1,89278,1
78548,89278,1,89278,1
78548,89278,1,89278,1
78548,89278,1,89278,1
78548,89278,1,89278,1
78548,89278,1,89278,1
78548,89278,1,89278,1
78548,89278,1,89278,1
78548,89278,1,89278,1
78548,89278,1,89278,1
78548,89278,1,89278,1
78548,89278,1,89278,1
78548,89278,1,89278,1
78548,89278,1,89278,1
78548,89278,1,89278,1
78548,89278,1,89278,1
78548,89278,1,89278,1
78548,89278,1,89278,1
78548,89278,1,89278,1
78548,89278,1,89278,1
78548,89278,1,89278,1
78548,89278,1,89278,1
78548,89278,1,89278,1
78548,89278,1,89278,1
78548,89278,1,89278,1
78548,89278,1,89278,1
78548,89278,1,89278,1
78548,89278,1,89278,1
78548,89278,1,89278,1
78548,89278,1,89278,1
78548,89278,1,89278,1
78548,89278,1,89278,1
78548,89278,1,89278,1
78548,89278,1,89278,1
78548,89278,1,89278,1
78548,89278,1,89278,1
78548,89278,1,89278,1
78548,89278,1,89278,1
78548,89278,1,89278,1
78548,89278,1,89278,1
78548,89278,1,89278,1
78548,89278,1,89278,1
78548,89278,1,89278,1
78548,89278,1,89278,1
78548,89278,1,89278,1
78548,89278,1,89278,1
78548,89278,1,89278,1
78548,89278,1,89278,1
78548,89278,1,89278,1
78548,89278,1,89278,1
78548,89278,1,89278,1
78548,89278,1,89278,1
78548,89278,1,89278,1
78548,89278,1,89278,1
78548,89278,1,89278,1
78548,89278,1,89278,1
78548,89278,1,89278,1
78548,89278,1,89278,1
78548,89278,1,89278,1
78548,89278,1,89278,1
78548,89278,1,89281,1
78548,89281,1,89281,1
78548,89281,1,89281,1
78548,89281,1,89281,1
78548,89281,1,89281,1
78548,89281,1,89281,1
78548,89281,1,89281,1
78548,89281,1,89281,1
78548,89281,1,89281,1
78548,89281,1,89281,1
78548,89281,1,89281,1
78548,89281,1,89281,1
78548,89281,1,89281,1
78548,89281,1,89281,1
78548,89281,1,89281,1
78548,89281,1,89281,1
78548,89281,1,89281,1
78548,89281,1,89281,1
78548,89281,1,89281,1
78548,89281,1,89281,1
78548,89281,1,89281,1
78548,89281,1,89281,1
78548,89281,1,89281,1
78548,89281,1,89281,1
78548,89281,1,89281,1
78548,89281,1,89281,1
78548,89281,1,89281,1
78548,89281,1,89281,1
78548,89281,1,89281,1
78548,89281,1,89281,1
78548,89281,1,89281,1
78548,89281,1,89281,1
78548,89281,1,89281,1
78548,89281,1,89281,1
78548,89281,1,89281,1
78548,89281,1,89281,1
78548,89281,1,89281,1
78548,89281,1,89281,1
78548,89281,1,89281,1
78548,89281,1,89281,1
78548,89281,1,89281,1
78548,89281,1,89281,1
78548,89281,1,89281,1
78548,89281,1,89281,1
78548,89281,1,89281,1
78548,89281,1,89281,1
78548,89281,1,89281,1
78548,89281,1,89281,1
78548,89281,1,89281,1
78548,89281,1,89281,1
78548,89281,1,89281,1
78548,89281,1,89281,1
78548,89281,1,89281,1
78548,89281,1,89281,1
78548,89281,1,89281,1
78548,89281,1,89281,1
78548,89281,1,89281,1
78548,89281,1,89281,1
78548,89281,1,89281,1
78548,89281,1,89281,1
78548,89281,1,89281,1
78548,89281,1,89281,1
78548,89281,1,89281,1
78548,89281,1,89281,1
78548,89281,1,89281,1
78548,89281,1,89281,1
78548,89281,1,89281,1
78548,89281,1,89281,1
78548,89281,1,89281,1
78548,89281,1,89281,1
78548,89281,1,89281,1
78548,89281,1,89281,1
78548,89281,1,89281,1
78548,89281,1,89281,1
78548,89281,1,89281,1
78548,89281,1,89281,1
78548,89281,1,89281,1
78548,89281,1,89281,1
78548,89281,1,89281,1
78548,89281,1,89281,1
78548,89281,1,89281,1
78548,89281,1,89281,1
78548,89281,1,89281,1
78548,89281,1,89281,1
78548,89281,1,89281,1
78548,89281,1,89281,1
78548,89281,1,89281,1
78548,89281,1,89281,1
78548,89281,1,89281,1
78548,89281,1,89281,1
78548,89281,1,89281,1
78548,89281,1,89281,1
78548,89281,1,89281,1
78548,89281,1,89281,1
78548,89281,1,89281,1
78548,89281,1,89281,1
78548,89281,1,89281,1
78548,89281,1,91378,1
78548,91378,1,91378,1
78548,91378,1,91378,1
78548,91378,1,91378,1
78548,91378,1,91378,1
78548,91378,1,91378,1
78548,91378,1,91378,1
78548,91378,1,91378,1
78548,91378,1,91378,1
78548,91378,1,91378,1
78548,91378,1,91378,1
78548,91378,1,91378,1
78548,91378,1,91378,1
78548,91378,1,91378,1
78548,91378,1,91378,1
78548,91378,1,91378,1
78548,91378,1,91378,1
78548,91378,1,91378,1
78548,91378,1,91378,1
78548,91378,1,91378,1
78548,91378,1,91378,1
78548,91378,1,91378,1
78548,91378,1,91378,1
78548,91378,1,91378,1
78548,91378,1,91378,1
78548,91378,1,91378,1
78548,91378,1,91378,1
78548,91378,1,91378,1
78548,91378,1,91378,1
78548,91378,1,91378,1
78548,91378,1,91378,1
78548,91378,1,91378,1
78548,91378,1,91378,1
78548,91378,1,91378,1
78548,91378,1,91378,1
78548,91378,1,91378,1
78548,91378,1,91378,1
78548,91378,1,91378,1
78548,91378,1,91378,1
78548,91378,1,91378,1
78548,91378,1,91378,1
78548,91378,1,91378,1
78548,91378,1,91378,1
78548,91378,1,91378,1
78548,91378,1,91378,1
78548,91378,1,91378,1
78548,91378,1,91378,1
78548,91378,1,91639,1
78548,91639,1,91639,1
78548,91639,1,91639,1
78548,91639,1,91639,1
78548,91639,1,91639,1
78548,91639,1,91639,1
78548,91639,1,91639,1
78548,91639,1,91639,1
78548,91639,1,91639,1
78548,91639,1,91639,1
78548,91639,1,91639,1
78548,91639,1,91639,1
78548,91639,1,91639,1
78548,91639,1,91639,1
78548,91639,1,91639,1
78548,91639,1,91639,1
78548,91639,1,91639,1
78548,91639,1,91639,1
78548,91639,1,91639,1
78548,91639,1,91639,1
78548,91639,1,91639,1
78548,91639,1,91639,1
78548,91639,1,91639,1
78548,91639,1,91639,1
78548,91639,1,91639,1
78548,91639,1,91639,1
78548,91639,1,91639,1
78548,91639,1,91639,1
78548,91639,1,91639,1
78548,91639,1,91639,1
78548,91639,1,91639,1
78548,91639,1,91639,1
78548,91639,1,91639,1
78548,91639,1,91639,1
78548,91639,1,91639,1
78548,91639,1,91639,1
78548,91639,1,91639,1
78548,91639,1,91639,1
78548,91639,1,91639,1
78548,91639,1,91639,1
78548,91639,1,91639,1
78548,91639,1,91639,1
78548,91639,1,91639,1
78548,91639,1,91639,1
78548,91639,1,89817,1
78548,89817,1,89817,1
78548,89817,1,89817,1
78548,89817,1,89817,1
78548,89817,1,89817,1
78548,89817,1,89817,1
78548,89817,1,89817,1
78548,89817,1,89817,1
78548,89817,1,89817,1
78548,89817,1,89817,1
78548,89817,1,89817,1
78548,89817,1,89817,1
78548,89817,1,89817,1
78548,89817,1,89817,1
78548,89817,1,89817,1
78548,89817,1,89817,1
78548,89817,1,89817,1
78548,89817,1,89817,1
78548,89817,1,89817,1
78548,89817,1,89817,1
78548,89817,1,89817,1
78548,89817,1,89817,1
78548,89817,1,89817,1
78548,89817,1,89817,1
78548,89817,1,89817,1
78548,89817,1,89817,1
78548,89817,1,89817,1
78548,89817,1,89817,1
78548,89817,1,89817,1
78548,89817,1,89817,1
78548,89817,1,89817,1
78548,89817,1,89817,1
78548,89817,1,89817,1
78548,89817,1,89817,1
78548,89817,1,89817,1
78548,89817,1,89817,1
78548,89817,1,89817,1
78548,89817,1,89817,1
78548,89817,1,89817,1
78548,89817,1,89817,1
78548,89817,1,89817,1
78548,89817,1,89817,1
78548,89817,1,89817,1
78548,89817,1,89817,1
78548,89817,1,89817,1
78548,89817,1,89817,1
78548,89817,1,89817,1
78548,89817,1,89817,1
78548,89817,1,89817,1
78548,89817,1,89817,1
78548,89817,1,89817,1
78548,89817,1,89817,1
78548,89817,1,89817,1
78548,89817,1,89817,1
78548,89817,1,89817,1
78548,89817,1,89817,1
78548,89817,1,89817,1
78548,89817,1,89817,1
78548,89817,1,89817,1
78548,89817,1,89817,1
78548,89817,1,89817,1
78548,89817,1,89817,1
78548,89817,1,89817,1
78548,89817,1,89817,1
78548,89817,1,89817,1
78548,89817,1,89817,1
78548,89817,1,89817,1
78548,89817,1,89817,1
78548,89817,1,89817,1
78548,89817,1,89817,1
78548,89817,1,89817,1
78548,89817,1,89817,1
78548,89817,1,89817,1
78548,89817,1,89817,1
78548,89817,1,89817,1
78548,89817,1,89817,1
78548,89817,1,89817,1
78548,89817,1,89817,1
78548,89817,1,89817,1
78548,89817,1,89817,1
78548,89817,1,89817,1
78548,89817,1,89817,1
78548,89817,1,89817,1
78548,89817,1,89817,1
78548,89817,1,89817,1
78548,89817,1,89817,1
78548,89817,1,89817,1
78548,89817,1,89817,1
78548,89817,1,89817,1
78548,89817,1,89817,1
78548,89817,1,89817,1
78548,89817,1,89817,1
78548,89817,1,89817,1
78548,89817,1,89848,1
78548,89848,1,173895,1
78548,173895,1,173917,1
78548,173917,1,173965,0
78548,173965,0,174021,1
78548,174021,1,174004,1
78548,174004,1,173974,1
78548,173974,1,173991,0
78548,173991,0,173905,1
78548,173905,1,91658,1
78548,91658,1,91658,1
78548,91658,1,91658,1
78548,91658,1,91658,1
78548,91658,1,91658,1
78548,91658,1,91658,1
78548,91658,1,91658,1
78548,91658,1,91658,1
78548,91658,1,91658,1
78548,91658,1,91658,1
78548,91658,1,91658,1
78548,91658,1,91658,1
78548,91658,1,91658,1
78548,91658,1,91658,1
78548,91658,1,91658,1
78548,91658,1,91658,1
78548,91658,1,91658,1
78548,91658,1,91658,1
78548,91658,1,91658,1
78548,91658,1,91658,1
78548,91658,1,91658,1
78548,91658,1,91658,1
78548,91658,1,91658,1
78548,91658,1,91658,1
78548,91658,1,91658,1
78548,91658,1,91658,1
78548,91658,1,91658,1
78548,91658,1,91658,1
78548,91658,1,91658,1
78548,91658,1,91658,1
78548,91658,1,91658,1
78548,91658,1,91658,1
78548,91658,1,91658,1
78548,91658,1,91658,1
78548,91658,1,91658,1
78548,91658,1,91658,1
78548,91658,1,91658,1
78548,91658,1,91658,1
78548,91658,1,91658,1
78548,91658,1,91658,1
78548,91658,1,91658,1
78548,91658,1,91658,1
78548,91658,1,91658,1
78548,91658,1,91658,1
78548,91658,1,91658,1
78548,91658,1,91658,1
78548,91658,1,91658,1
78548,91658,1,91658,1
78548,91658,1,91658,1
78548,91658,1,91658,1
78548,91658,1,91658,1
78548,91658,1,91658,1
78548,91658,1,91658,1
78548,91658,1,91658,1
78548,91658,1,91658,1
78548,91658,1,91658,1
78548,91658,1,91658,1
78548,91658,1,91658,1
78548,91658,1,91658,1
78548,91658,1,91658,1
78548,91658,1,91658,1
78548,91658,1,91658,1
78548,91658,1,91658,1
78548,91658,1,91658,1
78548,91658,1,91658,1
78548,91658,1,91658,1
78548,91658,1,91658,1
78548,91658,1,91658,1
78548,91658,1,91658,1
78548,91658,1,91658,1
78548,91658,1,91658,1
78548,91658,1,91658,1
78548,91658,1,91658,1
78548,91658,1,91658,1
78548,91658,1,91658,1
78548,91658,1,91658,1
78548,91658,1,91658,1
78548,91658,1,91658,1
78548,91658,1,91658,1
78548,91658,1,91658,1
78548,91658,1,91658,1
78548,91658,1,91658,1
78548,91658,1,91658,1
78548,91658,1,91658,1
78548,91658,1,91658,1
78548,91658,1,91658,1
78548,91658,1,91658,1
78548,91658,1,91658,1
78548,91658,1,91658,1
78548,91658,1,91658,1
78548,91658,1,91658,1
78548,91658,1,91658,1
78548,91658,1,91658,1
78549,93170,1,93170,1
78549,93170,1,93170,1
78549,93170,1,93170,1
78549,93170,1,93170,1
78549,93170,1,93170,1
78549,93170,1,93170,1
78549,93170,1,93170,1
78549,93170,1,93170,1
78549,93170,1,93170,1
78549,93170,1,93170,1
78549,93170,1,93170,1
78549,93170,1,93170,1
78549,93170,1,93170,1
78549,93170,1,93170,1
78549,93170,1,93170,1
78549,93170,1,93170,1
78549,93170,1,93170,1
78549,93170,1,93170,1
78549,93170,1,93170,1
78549,93170,1,93170,1
78549,93170,1,93170,1
78549,93170,1,93170,1
78549,93170,1,93170,1
78549,93170,1,93170,1
78549,93170,1,93170,1
78549,93170,1,93170,1
78549,93170,1,93170,1
78549,93170,1,93170,1
78549,93170,1,93170,1
78549,93170,1,93170,1
78549,93170,1,93170,1
78549,93170,1,93170,1
78549,93170,1,93170,1
78549,93170,1,93170,1
78549,93170,1,93170,1
78549,93170,1,93170,1
78549,93170,1,93170,1
78549,93170,1,93170,1
78549,93170,1,93170,1
78549,93170,1,93170,1
78549,93170,1,93170,1
78549,93170,1,93170,1
78549,93170,1,93170,1
78549,93170,1,93170,1
78549,93170,1,93170,1
78549,93170,1,93161,1
78549,93161,1,93161,1
78549,93161,1,93161,1
78549,93161,1,93161,1
78549,93161,1,93161,1
78549,93161,1,93161,1
78549,93161,1,93161,1
78549,93161,1,93161,1
78549,93161,1,93161,1
78549,93161,1,93161,1
78549,93161,1,93161,1
78549,93161,1,93161,1
78549,93161,1,93161,1
78549,93161,1,93161,1
78549,93161,1,93161,1
78549,93161,1,93161,1
78549,93161,1,93161,1
78549,93161,1,93161,1
78549,93161,1,93161,1
78549,93161,1,93161,1
78549,93161,1,93161,1
78549,93161,1,93161,1
78549,93161,1,93161,1
78549,93161,1,93161,1
78549,93161,1,93161,1
78549,93161,1,93161,1
78549,93161,1,93161,1
78549,93161,1,93161,1
78549,93161,1,93161,1
78549,93161,1,93161,1
78549,93161,1,93161,1
78549,93161,1,93161,1
78549,93161,1,93161,1
78549,93161,1,93161,1
78549,93161,1,93161,1
78549,93161,1,93161,1
78549,93161,1,93161,1
78549,93161,1,93161,1
78549,93161,1,93161,1
78549,93161,1,93161,1
78549,93161,1,93161,1
78549,93161,1,93161,1
78549,93161,1,93161,1
78549,93161,1,93161,1
78549,93161,1,93161,1
78549,93161,1,93161,1
78549,93161,1,93158,1
78549,93158,1,93158,1
78549,93158,1,93158,1
78549,93158,1,93158,1
78549,93158,1,93158,1
78549,93158,1,93158,1
78549,93158,1,93158,1
78549,93158,1,93158,1
78549,93158,1,93158,1
78549,93158,1,93158,1
78549,93158,1,93158,1
78549,93158,1,93158,1
78549,93158,1,93158,1
78549,93158,1,93158,1
78549,93158,1,93158,1
78549,93158,1,93158,1
78549,93158,1,93158,1
78549,93158,1,93158,1
78549,93158,1,93158,1
78549,93158,1,93158,1
78549,93158,1,93158,1
78549,93158,1,93158,1
78549,93158,1,93158,1
78549,93158,1,93158,1
78549,93158,1,93158,1
78549,93158,1,93158,1
78549,93158,1,93158,1
78549,93158,1,93158,1
78549,93158,1,93158,1
78549,93158,1,93158,1
78549,93158,1,93158,1
78549,93158,1,93158,1
78549,93158,1,93158,1
78549,93158,1,93158,1
78549,93158,1,93158,1
78549,93158,1,93158,1
78549,93158,1,93158,1
78549,93158,1,93158,1
78549,93158,1,93158,1
78549,93158,1,93158,1
78549,93158,1,93158,1
78549,93158,1,93158,1
78549,93158,1,93158,1
78549,93158,1,85105,1
78549,85105,1,85105,1
78549,85105,1,85105,1
78549,85105,1,85105,1
78549,85105,1,85105,1
78549,85105,1,85105,1
78549,85105,1,85105,1
78549,85105,1,85105,1
78549,85105,1,85105,1
78549,85105,1,85105,1
78549,85105,1,85105,1
78549,85105,1,85105,1
78549,85105,1,85105,1
78549,85105,1,85105,1
78549,85105,1,85105,1
78549,85105,1,85105,1
78549,85105,1,85105,1
78549,85105,1,85105,1
78549,85105,1,85105,1
78549,85105,1,85105,1
78549,85105,1,85105,1
78549,85105,1,85105,1
78549,85105,1,85105,1
78549,85105,1,85105,1
78549,85105,1,85105,1
78549,85105,1,85105,1
78549,85105,1,85105,1
78549,85105,1,85105,1
78549,85105,1,85105,1
78549,85105,1,85105,1
78549,85105,1,85105,1
78549,85105,1,85105,1
78549,85105,1,85105,1
78549,85105,1,85105,1
78549,85105,1,85105,1
78549,85105,1,85105,1
78549,85105,1,85105,1
78549,85105,1,85105,1
78549,85105,1,85105,1
78549,85105,1,85105,1
78549,85105,1,85105,1
78549,85105,1,85105,1
78549,85105,1,85105,1
78549,85105,1,85105,1
78549,85105,1,85105,1
78549,85105,1,85105,1
78549,85105,1,85652,1
78549,85652,1,85652,1
78549,85652,1,85652,1
78549,85652,1,85652,1
78549,85652,1,85652,1
78549,85652,1,85652,1
78549,85652,1,85652,1
78549,85652,1,85652,1
78549,85652,1,85652,1
78549,85652,1,85652,1
78549,85652,1,85652,1
78549,85652,1,85652,1
78549,85652,1,85652,1
78549,85652,1,85652,1
78549,85652,1,85652,1
78549,85652,1,85652,1
78549,85652,1,85652,1
78549,85652,1,85652,1
78549,85652,1,85652,1
78549,85652,1,85652,1
78549,85652,1,85652,1
78549,85652,1,85652,1
78549,85652,1,85652,1
78549,85652,1,85652,1
78549,85652,1,85652,1
78549,85652,1,85652,1
78549,85652,1,85652,1
78549,85652,1,85652,1
78549,85652,1,85652,1
78549,85652,1,85652,1
78549,85652,1,85652,1
78549,85652,1,85652,1
78549,85652,1,85652,1
78549,85652,1,85652,1
78549,85652,1,85652,1
78549,85652,1,85652,1
78549,85652,1,85652,1
78549,85652,1,85652,1
78549,85652,1,85652,1
78549,85652,1,85652,1
78549,85652,1,85652,1
78549,85652,1,85652,1
78549,85652,1,85652,1
78549,85652,1,85652,1
78549,85652,1,85652,1
78549,85652,1,85652,1
78549,85652,1,85653,1
78549,85653,1,85653,1
78549,85653,1,85653,1
78549,85653,1,85653,1
78549,85653,1,85653,1
78549,85653,1,85653,1
78549,85653,1,85653,1
78549,85653,1,85653,1
78549,85653,1,85653,1
78549,85653,1,85653,1
78549,85653,1,85653,1
78549,85653,1,85653,1
78549,85653,1,85653,1
78549,85653,1,85653,1
78549,85653,1,85653,1
78549,85653,1,85653,1
78549,85653,1,85653,1
78549,85653,1,85653,1
78549,85653,1,85653,1
78549,85653,1,85653,1
78549,85653,1,85653,1
78549,85653,1,85653,1
78549,85653,1,85653,1
78549,85653,1,85653,1
78549,85653,1,85653,1
78549,85653,1,85653,1
78549,85653,1,85653,1
78549,85653,1,85653,1
78549,85653,1,85653,1
78549,85653,1,85653,1
78549,85653,1,85653,1
78549,85653,1,85653,1
78549,85653,1,85653,1
78549,85653,1,85653,1
78549,85653,1,85653,1
78549,85653,1,85653,1
78549,85653,1,85653,1
78549,85653,1,85653,1
78549,85653,1,85653,1
78549,85653,1,85653,1
78549,85653,1,85653,1
78549,85653,1,85653,1
78549,85653,1,85653,1
78549,85653,1,89298,1
78549,89298,1,89298,1
78549,89298,1,89298,1
78549,89298,1,89298,1
78549,89298,1,89298,1
78549,89298,1,89298,1
78549,89298,1,89298,1
78549,89298,1,89298,1
78549,89298,1,89298,1
78549,89298,1,89298,1
78549,89298,1,89298,1
78549,89298,1,89298,1
78549,89298,1,89298,1
78549,89298,1,89298,1
78549,89298,1,89298,1
78549,89298,1,89298,1
78549,89298,1,89298,1
78549,89298,1,89298,1
78549,89298,1,89298,1
78549,89298,1,89298,1
78549,89298,1,89298,1
78549,89298,1,89298,1
78549,89298,1,89298,1
78549,89298,1,89298,1
78549,89298,1,89298,1
78549,89298,1,89298,1
78549,89298,1,89298,1
78549,89298,1,89298,1
78549,89298,1,89298,1
78549,89298,1,89298,1
78549,89298,1,89298,1
78549,89298,1,89298,1
78549,89298,1,89298,1
78549,89298,1,89298,1
78549,89298,1,89298,1
78549,89298,1,89298,1
78549,89298,1,89298,1
78549,89298,1,89298,1
78549,89298,1,89298,1
78549,89298,1,89298,1
78549,89298,1,89298,1
78549,89298,1,89298,1
78549,89298,1,89298,1
78549,89298,1,89298,1
78549,89298,1,89298,1
78549,89298,1,89298,1
78549,89298,1,89298,1
78549,89298,1,91402,1
78549,91402,1,91402,1
78549,91402,1,91402,1
78549,91402,1,91402,1
78549,91402,1,91402,1
78549,91402,1,91402,1
78549,91402,1,91402,1
78549,91402,1,91402,1
78549,91402,1,91402,1
78549,91402,1,91402,1
78549,91402,1,91402,1
78549,91402,1,91402,1
78549,91402,1,91402,1
78549,91402,1,91402,1
78549,91402,1,91402,1
78549,91402,1,91402,1
78549,91402,1,91402,1
78549,91402,1,91402,1
78549,91402,1,91402,1
78549,91402,1,91402,1
78549,91402,1,91402,1
78549,91402,1,91402,1
78549,91402,1,91402,1
78549,91402,1,91402,1
78549,91402,1,91402,1
78549,91402,1,91402,1
78549,91402,1,91402,1
78549,91402,1,91402,1
78549,91402,1,91402,1
78549,91402,1,91402,1
78549,91402,1,91402,1
78549,91402,1,91402,1
78549,91402,1,91402,1
78549,91402,1,91402,1
78549,91402,1,91402,1
78549,91402,1,91402,1
78549,91402,1,91402,1
78549,91402,1,91402,1
78549,91402,1,91402,1
78549,91402,1,91402,1
78549,91402,1,91402,1
78549,91402,1,91402,1
78549,91402,1,91402,1
78549,91402,1,91402,1
78549,91402,1,91402,1
78549,91402,1,91402,1
78549,91402,1,91402,1
78549,91402,1,91402,1
78549,91402,1,91402,1
78549,91402,1,91402,1
78549,91402,1,91402,1
78549,91402,1,91402,1
78549,91402,1,91402,1
78549,91402,1,91402,1
78549,91402,1,91402,1
78549,91402,1,91402,1
78549,91402,1,91402,1
78549,91402,1,91402,1
78549,91402,1,91402,1
78549,91402,1,91402,1
78549,91402,1,91402,1
78549,91402,1,91402,1
78549,91402,1,91402,1
78549,91402,1,91402,1
78549,91402,1,91402,1
78549,91402,1,91402,1
78549,91402,1,91402,1
78549,91402,1,91402,1
78549,91402,1,91402,1
78549,91402,1,91402,1
78549,91402,1,91402,1
78549,91402,1,91402,1
78549,91402,1,91402,1
78549,91402,1,91402,1
78549,91402,1,91402,1
78549,91402,1,91402,1
78549,91402,1,91402,1
78549,91402,1,91402,1
78549,91402,1,91402,1
78549,91402,1,91402,1
78549,91402,1,91402,1
78549,91402,1,91402,1
78549,91402,1,91402,1
78549,91402,1,91402,1
78549,91402,1,91402,1
78549,91402,1,91402,1
78549,91402,1,91402,1
78549,91402,1,91402,1
78549,91402,1,91402,1
78549,91402,1,91402,1
78549,91402,1,91402,1
78549,91402,1,91402,1
78549,91402,1,91402,1
78549,91402,1,91402,1
78549,91402,1,91402,1
78549,91402,1,91402,1
78549,91402,1,91402,1
78549,91402,1,89277,1
78549,89277,1,89277,1
78549,89277,1,89277,1
78549,89277,1,89277,1
78549,89277,1,89277,1
78549,89277,1,89277,1
78549,89277,1,89277,1
78549,89277,1,89277,1
78549,89277,1,89277,1
78549,89277,1,89277,1
78549,89277,1,89277,1
78549,89277,1,89277,1
78549,89277,1,89277,1
78549,89277,1,89277,1
78549,89277,1,89277,1
78549,89277,1,89277,1
78549,89277,1,89277,1
78549,89277,1,89277,1
78549,89277,1,89277,1
78549,89277,1,89277,1
78549,89277,1,89277,1
78549,89277,1,89277,1
78549,89277,1,89277,1
78549,89277,1,89277,1
78549,89277,1,89277,1
78549,89277,1,89277,1
78549,89277,1,89277,1
78549,89277,1,89277,1
78549,89277,1,89277,1
78549,89277,1,89277,1
78549,89277,1,89277,1
78549,89277,1,89277,1
78549,89277,1,89277,1
78549,89277,1,89277,1
78549,89277,1,89277,1
78549,89277,1,89277,1
78549,89277,1,89277,1
78549,89277,1,89277,1
78549,89277,1,89277,1
78549,89277,1,89277,1
78549,89277,1,89277,1
78549,89277,1,89277,1
78549,89277,1,89277,1
78549,89277,1,89277,1
78549,89277,1,89277,1
78549,89277,1,89277,1
78549,89277,1,89277,1
78549,89277,1,89277,1
78549,89277,1,89277,1
78549,89277,1,89277,1
78549,89277,1,89277,1
78549,89277,1,89277,1
78549,89277,1,89277,1
78549,89277,1,89277,1
78549,89277,1,89277,1
78549,89277,1,89277,1
78549,89277,1,89277,1
78549,89277,1,89277,1
78549,89277,1,89277,1
78549,89277,1,89277,1
78549,89277,1,89277,1
78549,89277,1,89277,1
78549,89277,1,89277,1
78549,89277,1,89277,1
78549,89277,1,89277,1
78549,89277,1,89277,1
78549,89277,1,89277,1
78549,89277,1,89277,1
78549,89277,1,89277,1
78549,89277,1,89277,1
78549,89277,1,89277,1
78549,89277,1,89277,1
78549,89277,1,89277,1
78549,89277,1,89277,1
78549,89277,1,89277,1
78549,89277,1,89277,1
78549,89277,1,89277,1
78549,89277,1,89277,1
78549,89277,1,89277,1
78549,89277,1,89277,1
78549,89277,1,89277,1
78549,89277,1,89277,1
78549,89277,1,89277,1
78549,89277,1,89277,1
78549,89277,1,89277,1
78549,89277,1,89277,1
78549,89277,1,89277,1
78549,89277,1,89277,1
78549,89277,1,89277,1
78549,89277,1,89277,1
78549,89277,1,89277,1
78549,89277,1,89277,1
78549,89277,1,89277,1
78549,89277,1,89277,1
78549,89277,1,89277,1
78549,89277,1,89277,1
78549,89277,1,89277,1
78549,89277,1,89276,1
78549,89276,1,89276,1
78549,89276,1,89276,1
78549,89276,1,89276,1
78549,89276,1,89276,1
78549,89276,1,89276,1
78549,89276,1,89276,1
78549,89276,1,89276,1
78549,89276,1,89276,1
78549,89276,1,89276,1
78549,89276,1,89276,1
78549,89276,1,89276,1
78549,89276,1,89276,1
78549,89276,1,89276,1
78549,89276,1,89276,1
78549,89276,1,89276,1
78549,89276,1,89276,1
78549,89276,1,89276,1
78549,89276,1,89276,1
78549,89276,1,89276,1
78549,89276,1,89276,1
78549,89276,1,89276,1
78549,89276,1,89276,1
78549,89276,1,89276,1
78549,89276,1,89276,1
78549,89276,1,89276,1
78549,89276,1,89276,1
78549,89276,1,89276,1
78549,89276,1,89276,1
78549,89276,1,89276,1
78549,89276,1,89276,1
78549,89276,1,89276,1
78549,89276,1,89276,1
78549,89276,1,89276,1
78549,89276,1,89276,1
78549,89276,1,89276,1
78549,89276,1,89276,1
78549,89276,1,89276,1
78549,89276,1,89276,1
78549,89276,1,89276,1
78549,89276,1,89276,1
78549,89276,1,89276,1
78549,89276,1,89276,1
78549,89276,1,89276,1
78549,89276,1,89276,1
78549,89276,1,89276,1
78549,89276,1,89276,1
78549,89276,1,89771,1
78549,89771,1,89771,1
78549,89771,1,89771,1
78549,89771,1,89771,1
78549,89771,1,89771,1
78549,89771,1,89771,1
78549,89771,1,89771,1
78549,89771,1,89771,1
78549,89771,1,89771,1
78549,89771,1,89771,1
78549,89771,1,89771,1
78549,89771,1,89771,1
78549,89771,1,89771,1
78549,89771,1,89771,1
78549,89771,1,89771,1
78549,89771,1,89771,1
78549,89771,1,89771,1
78549,89771,1,89771,1
78549,89771,1,89771,1
78549,89771,1,89771,1
78549,89771,1,89771,1
78549,89771,1,89771,1
78549,89771,1,89771,1
78549,89771,1,89771,1
78549,89771,1,89771,1
78549,89771,1,89771,1
78549,89771,1,89771,1
78549,89771,1,89771,1
78549,89771,1,89771,1
78549,89771,1,89771,1
78549,89771,1,89771,1
78549,89771,1,89771,1
78549,89771,1,89771,1
78549,89771,1,89771,1
78549,89771,1,89771,1
78549,89771,1,89771,1
78549,89771,1,89771,1
78549,89771,1,89771,1
78549,89771,1,89771,1
78549,89771,1,89771,1
78549,89771,1,89771,1
78549,89771,1,89771,1
78549,89771,1,89771,1
78549,89771,1,89771,1
78549,89771,1,89771,1
78549,89771,1,89771,1
78549,89771,1,89771,1
78549,89771,1,89771,1
78549,89771,1,89771,1
78549,89771,1,89771,1
78549,89771,1,89771,1
78549,89771,1,89771,1
78549,89771,1,89771,1
78549,89771,1,89771,1
78549,89771,1,89771,1
78549,89771,1,89771,1
78549,89771,1,89771,1
78549,89771,1,89771,1
78549,89771,1,89771,1
78549,89771,1,89771,1
78549,89771,1,89771,1
78549,89771,1,89771,1
78549,89771,1,89771,1
78549,89771,1,89771,1
78549,89771,1,89771,1
78549,89771,1,89771,1
78549,89771,1,89771,1
78549,89771,1,89771,1
78549,89771,1,89771,1
78549,89771,1,89771,1
78549,89771,1,89771,1
78549,89771,1,89771,1
78549,89771,1,89771,1
78549,89771,1,89771,1
78549,89771,1,89771,1
78549,89771,1,89771,1
78549,89771,1,89771,1
78549,89771,1,89771,1
78549,89771,1,89771,1
78549,89771,1,89771,1
78549,89771,1,89771,1
78549,89771,1,89771,1
78549,89771,1,89771,1
78549,89771,1,89771,1
78549,89771,1,89771,1
78549,89771,1,89771,1
78549,89771,1,89771,1
78549,89771,1,89771,1
78549,89771,1,89771,1
78549,89771,1,89771,1
78549,89771,1,89771,1
78549,89771,1,89771,1
78549,89771,1,89771,1
78549,89771,1,91639,1
78549,91639,1,91639,1
78549,91639,1,91639,1
78549,91639,1,91639,1
78549,91639,1,91639,1
78549,91639,1,91639,1
78549,91639,1,91639,1
78549,91639,1,91639,1
78549,91639,1,91639,1
78549,91639,1,91639,1
78549,91639,1,91639,1
78549,91639,1,91639,1
78549,91639,1,91639,1
78549,91639,1,91639,1
78549,91639,1,91639,1
78549,91639,1,91639,1
78549,91639,1,91639,1
78549,91639,1,91639,1
78549,91639,1,91639,1
78549,91639,1,91639,1
78549,91639,1,91639,1
78549,91639,1,91639,1
78549,91639,1,91639,1
78549,91639,1,91639,1
78549,91639,1,91639,1
78549,91639,1,91639,1
78549,91639,1,91639,1
78549,91639,1,91639,1
78549,91639,1,91639,1
78549,91639,1,91639,1
78549,91639,1,91639,1
78549,91639,1,91639,1
78549,91639,1,91639,1
78549,91639,1,91639,1
78549,91639,1,91639,1
78549,91639,1,91639,1
78549,91639,1,91639,1
78549,91639,1,91639,1
78549,91639,1,91639,1
78549,91639,1,91639,1
78549,91639,1,91639,1
78549,91639,1,91639,1
78549,91639,1,91639,1
78549,91639,1,91639,1
78549,91639,1,89846,1
78549,89846,1,89846,1
78549,89846,1,89846,1
78549,89846,1,89846,1
78549,89846,1,89846,1
78549,89846,1,89846,1
78549,89846,1,89846,1
78549,89846,1,89846,1
78549,89846,1,89846,1
78549,89846,1,89846,1
78549,89846,1,89846,1
78549,89846,1,89846,1
78549,89846,1,89846,1
78549,89846,1,89846,1
78549,89846,1,89846,1
78549,89846,1,89846,1
78549,89846,1,89846,1
78549,89846,1,89846,1
78549,89846,1,89846,1
78549,89846,1,89846,1
78549,89846,1,89846,1
78549,89846,1,89846,1
78549,89846,1,89846,1
78549,89846,1,89846,1
78549,89846,1,89846,1
78549,89846,1,89846,1
78549,89846,1,89846,1
78549,89846,1,89846,1
78549,89846,1,89846,1
78549,89846,1,89846,1
78549,89846,1,89846,1
78549,89846,1,89846,1
78549,89846,1,89846,1
78549,89846,1,89846,1
78549,89846,1,89846,1
78549,89846,1,89846,1
78549,89846,1,89846,1
78549,89846,1,89846,1
78549,89846,1,89846,1
78549,89846,1,89846,1
78549,89846,1,89846,1
78549,89846,1,89846,1
78549,89846,1,89846,1
78549,89846,1,89846,1
78549,89846,1,89846,1
78549,89846,1,89846,1
78549,89846,1,89846,1
78549,89846,1,89846,1
78549,89846,1,89846,1
78549,89846,1,89846,1
78549,89846,1,89846,1
78549,89846,1,89846,1
78549,89846,1,89846,1
78549,89846,1,89846,1
78549,89846,1,89846,1
78549,89846,1,89846,1
78549,89846,1,89846,1
78549,89846,1,89846,1
78549,89846,1,89846,1
78549,89846,1,89846,1
78549,89846,1,89846,1
78549,89846,1,89846,1
78549,89846,1,89846,1
78549,89846,1,89846,1
78549,89846,1,89846,1
78549,89846,1,89846,1
78549,89846,1,89846,1
78549,89846,1,89846,1
78549,89846,1,89846,1
78549,89846,1,89846,1
78549,89846,1,89846,1
78549,89846,1,89846,1
78549,89846,1,89846,1
78549,89846,1,89846,1
78549,89846,1,89846,1
78549,89846,1,89846,1
78549,89846,1,89846,1
78549,89846,1,89846,1
78549,89846,1,89846,1
78549,89846,1,89846,1
78549,89846,1,89846,1
78549,89846,1,89846,1
78549,89846,1,89846,1
78549,89846,1,89846,1
78549,89846,1,89846,1
78549,89846,1,89846,1
78549,89846,1,89846,1
78549,89846,1,89846,1
78549,89846,1,89846,1
78549,89846,1,89846,1
78549,89846,1,89846,1
78549,89846,1,89846,1
78549,89846,1,89846,1
78549,89846,1,89848,1
78549,89848,1,89848,1
78549,89848,1,89848,1
78549,89848,1,89848,1
78549,89848,1,89848,1
78549,89848,1,89848,1
78549,89848,1,89848,1
78549,89848,1,89848,1
78549,89848,1,89848,1
78549,89848,1,89848,1
78549,89848,1,89848,1
78549,89848,1,89848,1
78549,89848,1,89848,1
78549,89848,1,89848,1
78549,89848,1,89848,1
78549,89848,1,89848,1
78549,89848,1,89848,1
78549,89848,1,89848,1
78549,89848,1,89848,1
78549,89848,1,89848,1
78549,89848,1,89848,1
78549,89848,1,89848,1
78549,89848,1,89848,1
78549,89848,1,89848,1
78549,89848,1,89848,1
78549,89848,1,89848,1
78549,89848,1,89848,1
78549,89848,1,89848,1
78549,89848,1,89848,1
78549,89848,1,89848,1
78549,89848,1,89848,1
78549,89848,1,89848,1
78549,89848,1,89848,1
78549,89848,1,89848,1
78549,89848,1,89848,1
78549,89848,1,89848,1
78549,89848,1,89848,1
78549,89848,1,89848,1
78549,89848,1,89848,1
78549,89848,1,89848,1
78549,89848,1,89848,1
78549,89848,1,89848,1
78549,89848,1,89848,1
78549,89848,1,89848,1
78549,89848,1,89848,1
78549,89848,1,89848,1
78549,89848,1,173907,1
78549,173907,1,173918,1
78549,173918,1,173986,1
78549,173986,1,174007,1
78550,93177,1,93177,1
78550,93177,1,93177,1
78550,93177,1,93177,1
78550,93177,1,93177,1
78550,93177,1,93177,1
78550,93177,1,93177,1
78550,93177,1,93177,1
78550,93177,1,93177,1
78550,93177,1,93177,1
78550,93177,1,93177,1
78550,93177,1,93177,1
78550,93177,1,93177,1
78550,93177,1,93177,1
78550,93177,1,93177,1
78550,93177,1,93177,1
78550,93177,1,93177,1
78550,93177,1,93177,1
78550,93177,1,93177,1
78550,93177,1,93177,1
78550,93177,1,93177,1
78550,93177,1,93177,1
78550,93177,1,93177,1
78550,93177,1,93177,1
78550,93177,1,93177,1
78550,93177,1,93177,1
78550,93177,1,93177,1
78550,93177,1,93177,1
78550,93177,1,93177,1
78550,93177,1,93177,1
78550,93177,1,93177,1
78550,93177,1,93177,1
78550,93177,1,93177,1
78550,93177,1,93177,1
78550,93177,1,93177,1
78550,93177,1,93177,1
78550,93177,1,93177,1
78550,93177,1,93177,1
78550,93177,1,93177,1
78550,93177,1,93177,1
78550,93177,1,93177,1
78550,93177,1,93177,1
78550,93177,1,93177,1
78550,93177,1,93177,1
78550,93177,1,93177,1
78550,93177,1,93177,1
78550,93177,1,93226,1
78550,93226,1,93226,1
78550,93226,1,93226,1
78550,93226,1,93226,1
78550,93226,1,93226,1
78550,93226,1,93226,1
78550,93226,1,93226,1
78550,93226,1,93226,1
78550,93226,1,93226,1
78550,93226,1,93226,1
78550,93226,1,93226,1
78550,93226,1,93226,1
78550,93226,1,93226,1
78550,93226,1,93226,1
78550,93226,1,93226,1
78550,93226,1,93226,1
78550,93226,1,93226,1
78550,93226,1,93226,1
78550,93226,1,93226,1
78550,93226,1,93226,1
78550,93226,1,93226,1
78550,93226,1,93226,1
78550,93226,1,93226,1
78550,93226,1,93226,1
78550,93226,1,93226,1
78550,93226,1,93226,1
78550,93226,1,93226,1
78550,93226,1,93226,1
78550,93226,1,93226,1
78550,93226,1,93226,1
78550,93226,1,93226,1
78550,93226,1,93226,1
78550,93226,1,93226,1
78550,93226,1,93226,1
78550,93226,1,93226,1
78550,93226,1,93226,1
78550,93226,1,93226,1
78550,93226,1,93226,1
78550,93226,1,93226,1
78550,93226,1,93226,1
78550,93226,1,93226,1
78550,93226,1,93226,1
78550,93226,1,93226,1
78550,93226,1,93226,1
78550,93226,1,93226,1
78550,93226,1,93226,1
78550,93226,1,93175,1
78550,93175,1,93175,1
78550,93175,1,93175,1
78550,93175,1,93175,1
78550,93175,1,93175,1
78550,93175,1,93175,1
78550,93175,1,93175,1
78550,93175,1,93175,1
78550,93175,1,93175,1
78550,93175,1,93175,1
78550,93175,1,93175,1
78550,93175,1,93175,1
78550,93175,1,93175,1
78550,93175,1,93175,1
78550,93175,1,93175,1
78550,93175,1,93175,1
78550,93175,1,93175,1
78550,93175,1,93175,1
78550,93175,1,93175,1
78550,93175,1,93175,1
78550,93175,1,93175,1
78550,93175,1,93175,1
78550,93175,1,93175,1
78550,93175,1,93175,1
78550,93175,1,93175,1
78550,93175,1,93175,1
78550,93175,1,93175,1
78550,93175,1,93175,1
78550,93175,1,93175,1
78550,93175,1,93175,1
78550,93175,1,93175,1
78550,93175,1,93175,1
78550,93175,1,93175,1
78550,93175,1,93175,1
78550,93175,1,93175,1
78550,93175,1,93175,1
78550,93175,1,93175,1
78550,93175,1,93175,1
78550,93175,1,93175,1
78550,93175,1,93175,1
78550,93175,1,93175,1
78550,93175,1,93175,1
78550,93175,1,93175,1
78550,93175,1,85093,1
78550,85093,1,85093,1
78550,85093,1,85093,1
78550,85093,1,85093,1
78550,85093,1,85093,1
78550,85093,1,85093,1
78550,85093,1,85093,1
78550,85093,1,85093,1
78550,85093,1,85093,1
78550,85093,1,85093,1
78550,85093,1,85093,1
78550,85093,1,85093,1
78550,85093,1,85093,1
78550,85093,1,85093,1
78550,85093,1,85093,1
78550,85093,1,85093,1
78550,85093,1,85093,1
78550,85093,1,85093,1
78550,85093,1,85093,1
78550,85093,1,85093,1
78550,85093,1,85093,1
78550,85093,1,85093,1
78550,85093,1,85093,1
78550,85093,1,85093,1
78550,85093,1,85093,1
78550,85093,1,85093,1
78550,85093,1,85093,1
78550,85093,1,85093,1
78550,85093,1,85093,1
78550,85093,1,85093,1
78550,85093,1,85093,1
78550,85093,1,85093,1
78550,85093,1,85093,1
78550,85093,1,85093,1
78550,85093,1,85093,1
78550,85093,1,85093,1
78550,85093,1,85093,1
78550,85093,1,85093,1
78550,85093,1,85093,1
78550,85093,1,85093,1
78550,85093,1,85093,1
78550,85093,1,85093,1
78550,85093,1,85093,1
78550,85093,1,85093,1
78550,85093,1,85093,1
78550,85093,1,85093,1
78550,85093,1,84704,1
78550,84704,1,84704,1
78550,84704,1,84704,1
78550,84704,1,84704,1
78550,84704,1,84704,1
78550,84704,1,84704,1
78550,84704,1,84704,1
78550,84704,1,84704,1
78550,84704,1,84704,1
78550,84704,1,84704,1
78550,84704,1,84704,1
78550,84704,1,84704,1
78550,84704,1,84704,1
78550,84704,1,84704,1
78550,84704,1,84704,1
78550,84704,1,84704,1
78550,84704,1,84704,1
78550,84704,1,84704,1
78550,84704,1,84704,1
78550,84704,1,84704,1
78550,84704,1,84704,1
78550,84704,1,84704,1
78550,84704,1,84704,1
78550,84704,1,84704,1
78550,84704,1,84704,1
78550,84704,1,84704,1
78550,84704,1,84704,1
78550,84704,1,84704,1
78550,84704,1,84704,1
78550,84704,1,84704,1
78550,84704,1,84704,1
78550,84704,1,84704,1
78550,84704,1,84704,1
78550,84704,1,84704,1
78550,84704,1,84704,1
78550,84704,1,84704,1
78550,84704,1,84704,1
78550,84704,1,84704,1
78550,84704,1,84704,1
78550,84704,1,84704,1
78550,84704,1,84704,1
78550,84704,1,84704,1
78550,84704,1,84704,1
78550,84704,1,84704,1
78550,84704,1,84704,1
78550,84704,1,84704,1
78550,84704,1,85096,1
78550,85096,1,85096,1
78550,85096,1,85096,1
78550,85096,1,85096,1
78550,85096,1,85096,1
78550,85096,1,85096,1
78550,85096,1,85096,1
78550,85096,1,85096,1
78550,85096,1,85096,1
78550,85096,1,85096,1
78550,85096,1,85096,1
78550,85096,1,85096,1
78550,85096,1,85096,1
78550,85096,1,85096,1
78550,85096,1,85096,1
78550,85096,1,85096,1
78550,85096,1,85096,1
78550,85096,1,85096,1
78550,85096,1,85096,1
78550,85096,1,85096,1
78550,85096,1,85096,1
78550,85096,1,85096,1
78550,85096,1,85096,1
78550,85096,1,85096,1
78550,85096,1,85096,1
78550,85096,1,85096,1
78550,85096,1,85096,1
78550,85096,1,85096,1
78550,85096,1,85096,1
78550,85096,1,85096,1
78550,85096,1,85096,1
78550,85096,1,85096,1
78550,85096,1,85096,1
78550,85096,1,85096,1
78550,85096,1,85096,1
78550,85096,1,85096,1
78550,85096,1,85096,1
78550,85096,1,85096,1
78550,85096,1,85096,1
78550,85096,1,85096,1
78550,85096,1,85096,1
78550,85096,1,85096,1
78550,85096,1,85096,1
78550,85096,1,89238,1
78550,89238,1,89238,1
78550,89238,1,89238,1
78550,89238,1,89238,1
78550,89238,1,89238,1
78550,89238,1,89238,1
78550,89238,1,89238,1
78550,89238,1,89238,1
78550,89238,1,89238,1
78550,89238,1,89238,1
78550,89238,1,89238,1
78550,89238,1,89238,1
78550,89238,1,89238,1
78550,89238,1,89238,1
78550,89238,1,89238,1
78550,89238,1,89238,1
78550,89238,1,89238,1
78550,89238,1,89238,1
78550,89238,1,89238,1
78550,89238,1,89238,1
78550,89238,1,89238,1
78550,89238,1,89238,1
78550,89238,1,89238,1
78550,89238,1,89238,1
78550,89238,1,89238,1
78550,89238,1,89238,1
78550,89238,1,89238,1
78550,89238,1,89238,1
78550,89238,1,89238,1
78550,89238,1,89238,1
78550,89238,1,89238,1
78550,89238,1,89238,1
78550,89238,1,89238,1
78550,89238,1,89238,1
78550,89238,1,89238,1
78550,89238,1,89238,1
78550,89238,1,89238,1
78550,89238,1,89238,1
78550,89238,1,89238,1
78550,89238,1,89238,1
78550,89238,1,89238,1
78550,89238,1,89238,1
78550,89238,1,89238,1
78550,89238,1,89238,1
78550,89238,1,89238,1
78550,89238,1,89238,1
78550,89238,1,89238,1
78550,89238,1,89238,1
78550,89238,1,89238,1
78550,89238,1,89238,1
78550,89238,1,89238,1
78550,89238,1,89238,1
78550,89238,1,89238,1
78550,89238,1,89238,1
78550,89238,1,89238,1
78550,89238,1,89238,1
78550,89238,1,89238,1
78550,89238,1,89238,1
78550,89238,1,89238,1
78550,89238,1,89238,1
78550,89238,1,89238,1
78550,89238,1,89238,1
78550,89238,1,89238,1
78550,89238,1,89238,1
78550,89238,1,89238,1
78550,89238,1,89238,1
78550,89238,1,89238,1
78550,89238,1,89238,1
78550,89238,1,89238,1
78550,89238,1,89238,1
78550,89238,1,89238,1
78550,89238,1,89238,1
78550,89238,1,89238,1
78550,89238,1,89238,1
78550,89238,1,89238,1
78550,89238,1,89238,1
78550,89238,1,89238,1
78550,89238,1,89238,1
78550,89238,1,89238,1
78550,89238,1,89238,1
78550,89238,1,89238,1
78550,89238,1,89238,1
78550,89238,1,89238,1
78550,89238,1,89238,1
78550,89238,1,89238,1
78550,89238,1,89238,1
78550,89238,1,89238,1
78550,89238,1,89238,1
78550,89238,1,89238,1
78550,89238,1,89238,1
78550,89238,1,89238,1
78550,89238,1,89238,1
78550,89238,1,89238,1
78550,89238,1,89238,1
78550,89238,1,89238,1
78550,89238,1,89238,1
78550,89238,1,89238,1
78550,89238,1,89236,1
78550,89236,1,89236,1
78550,89236,1,89236,1
78550,89236,1,89236,1
78550,89236,1,89236,1
78550,89236,1,89236,1
78550,89236,1,89236,1
78550,89236,1,89236,1
78550,89236,1,89236,1
78550,89236,1,89236,1
78550,89236,1,89236,1
78550,89236,1,89236,1
78550,89236,1,89236,1
78550,89236,1,89236,1
78550,89236,1,89236,1
78550,89236,1,89236,1
78550,89236,1,89236,1
78550,89236,1,89236,1
78550,89236,1,89236,1
78550,89236,1,89236,1
78550,89236,1,89236,1
78550,89236,1,89236,1
78550,89236,1,89236,1
78550,89236,1,89236,1
78550,89236,1,89236,1
78550,89236,1,89236,1
78550,89236,1,89236,1
78550,89236,1,89236,1
78550,89236,1,89236,1
78550,89236,1,89236,1
78550,89236,1,89236,1
78550,89236,1,89236,1
78550,89236,1,89236,1
78550,89236,1,89236,1
78550,89236,1,89236,1
78550,89236,1,89236,1
78550,89236,1,89236,1
78550,89236,1,89236,1
78550,89236,1,89236,1
78550,89236,1,89236,1
78550,89236,1,89236,1
78550,89236,1,89236,1
78550,89236,1,89236,1
78550,89236,1,89236,1
78550,89236,1,89236,1
78550,89236,1,89236,1
78550,89236,1,89236,1
78550,89236,1,89236,1
78550,89236,1,89236,1
78550,89236,1,89236,1
78550,89236,1,89236,1
78550,89236,1,89236,1
78550,89236,1,89236,1
78550,89236,1,89236,1
78550,89236,1,89236,1
78550,89236,1,89236,1
78550,89236,1,89236,1
78550,89236,1,89236,1
78550,89236,1,89236,1
78550,89236,1,89236,1
78550,89236,1,89236,1
78550,89236,1,89236,1
78550,89236,1,89236,1
78550,89236,1,89236,1
78550,89236,1,89236,1
78550,89236,1,89236,1
78550,89236,1,89236,1
78550,89236,1,89236,1
78550,89236,1,89236,1
78550,89236,1,89236,1
78550,89236,1,89236,1
78550,89236,1,89236,1
78550,89236,1,89236,1
78550,89236,1,89236,1
78550,89236,1,89236,1
78550,89236,1,89236,1
78550,89236,1,89236,1
78550,89236,1,89236,1
78550,89236,1,89236,1
78550,89236,1,89236,1
78550,89236,1,89236,1
78550,89236,1,89236,1
78550,89236,1,89236,1
78550,89236,1,89236,1
78550,89236,1,89236,1
78550,89236,1,89236,1
78550,89236,1,89236,1
78550,89236,1,89236,1
78550,89236,1,89236,1
78550,89236,1,89236,1
78550,89236,1,89236,1
78550,89236,1,89236,1
78550,89236,1,89236,1
78550,89236,1,89236,1
78550,89236,1,89236,1
78550,89236,1,89236,1
78550,89236,1,89236,1
78550,89236,1,89288,1
78550,89288,1,89288,1
78550,89288,1,89288,1
78550,89288,1,89288,1
78550,89288,1,89288,1
78550,89288,1,89288,1
78550,89288,1,89288,1
78550,89288,1,89288,1
78550,89288,1,89288,1
78550,89288,1,89288,1
78550,89288,1,89288,1
78550,89288,1,89288,1
78550,89288,1,89288,1
78550,89288,1,89288,1
78550,89288,1,89288,1
78550,89288,1,89288,1
78550,89288,1,89288,1
78550,89288,1,89288,1
78550,89288,1,89288,1
78550,89288,1,89288,1
78550,89288,1,89288,1
78550,89288,1,89288,1
78550,89288,1,89288,1
78550,89288,1,89288,1
78550,89288,1,89288,1
78550,89288,1,89288,1
78550,89288,1,89288,1
78550,89288,1,89288,1
78550,89288,1,89288,1
78550,89288,1,89288,1
78550,89288,1,89288,1
78550,89288,1,89288,1
78550,89288,1,89288,1
78550,89288,1,89288,1
78550,89288,1,89288,1
78550,89288,1,89288,1
78550,89288,1,89288,1
78550,89288,1,89288,1
78550,89288,1,89288,1
78550,89288,1,89288,1
78550,89288,1,89288,1
78550,89288,1,89288,1
78550,89288,1,89288,1
78550,89288,1,89288,1
78550,89288,1,89288,1
78550,89288,1,89288,1
78550,89288,1,89288,1
78550,89288,1,89275,1
78550,89275,1,89275,1
78550,89275,1,89275,1
78550,89275,1,89275,1
78550,89275,1,89275,1
78550,89275,1,89275,1
78550,89275,1,89275,1
78550,89275,1,89275,1
78550,89275,1,89275,1
78550,89275,1,89275,1
78550,89275,1,89275,1
78550,89275,1,89275,1
78550,89275,1,89275,1
78550,89275,1,89275,1
78550,89275,1,89275,1
78550,89275,1,89275,1
78550,89275,1,89275,1
78550,89275,1,89275,1
78550,89275,1,89275,1
78550,89275,1,89275,1
78550,89275,1,89275,1
78550,89275,1,89275,1
78550,89275,1,89275,1
78550,89275,1,89275,1
78550,89275,1,89275,1
78550,89275,1,89275,1
78550,89275,1,89275,1
78550,89275,1,89275,1
78550,89275,1,89275,1
78550,89275,1,89275,1
78550,89275,1,89275,1
78550,89275,1,89275,1
78550,89275,1,89275,1
78550,89275,1,89275,1
78550,89275,1,89275,1
78550,89275,1,89275,1
78550,89275,1,89275,1
78550,89275,1,89275,1
78550,89275,1,89275,1
78550,89275,1,89275,1
78550,89275,1,89275,1
78550,89275,1,89275,1
78550,89275,1,89275,1
78550,89275,1,89275,1
78550,89275,1,89275,1
78550,89275,1,89275,1
78550,89275,1,89275,1
78550,89275,1,89769,1
78550,89769,1,89769,1
78550,89769,1,89769,1
78550,89769,1,89769,1
78550,89769,1,89769,1
78550,89769,1,89769,1
78550,89769,1,89769,1
78550,89769,1,89769,1
78550,89769,1,89769,1
78550,89769,1,89769,1
78550,89769,1,89769,1
78550,89769,1,89769,1
78550,89769,1,89769,1
78550,89769,1,89769,1
78550,89769,1,89769,1
78550,89769,1,89769,1
78550,89769,1,89769,1
78550,89769,1,89769,1
78550,89769,1,89769,1
78550,89769,1,89769,1
78550,89769,1,89769,1
78550,89769,1,89769,1
78550,89769,1,89769,1
78550,89769,1,89769,1
78550,89769,1,89769,1
78550,89769,1,89769,1
78550,89769,1,89769,1
78550,89769,1,89769,1
78550,89769,1,89769,1
78550,89769,1,89769,1
78550,89769,1,89769,1
78550,89769,1,89769,1
78550,89769,1,89769,1
78550,89769,1,89769,1
78550,89769,1,89769,1
78550,89769,1,89769,1
78550,89769,1,89769,1
78550,89769,1,89769,1
78550,89769,1,89769,1
78550,89769,1,89769,1
78550,89769,1,89769,1
78550,89769,1,89769,1
78550,89769,1,89769,1
78550,89769,1,89769,1
78550,89769,1,89769,1
78550,89769,1,89769,1
78550,89769,1,89769,1
78550,89769,1,89769,1
78550,89769,1,89769,1
78550,89769,1,89769,1
78550,89769,1,89769,1
78550,89769,1,89769,1
78550,89769,1,89769,1
78550,89769,1,89769,1
78550,89769,1,89769,1
78550,89769,1,89769,1
78550,89769,1,89769,1
78550,89769,1,89769,1
78550,89769,1,89769,1
78550,89769,1,89769,1
78550,89769,1,89769,1
78550,89769,1,89769,1
78550,89769,1,89769,1
78550,89769,1,89769,1
78550,89769,1,89769,1
78550,89769,1,89769,1
78550,89769,1,89769,1
78550,89769,1,89769,1
78550,89769,1,89769,1
78550,89769,1,89769,1
78550,89769,1,89769,1
78550,89769,1,89769,1
78550,89769,1,89769,1
78550,89769,1,89769,1
78550,89769,1,89769,1
78550,89769,1,89769,1
78550,89769,1,89769,1
78550,89769,1,89769,1
78550,89769,1,89769,1
78550,89769,1,89769,1
78550,89769,1,89769,1
78550,89769,1,89769,1
78550,89769,1,89769,1
78550,89769,1,89769,1
78550,89769,1,89769,1
78550,89769,1,89769,1
78550,89769,1,89769,1
78550,89769,1,89769,1
78550,89769,1,89769,1
78550,89769,1,89769,1
78550,89769,1,89769,1
78550,89769,1,89769,1
78550,89769,1,89769,1
78550,89769,1,89800,1
78550,89800,1,89800,1
78550,89800,1,89800,1
78550,89800,1,89800,1
78550,89800,1,89800,1
78550,89800,1,89800,1
78550,89800,1,89800,1
78550,89800,1,89800,1
78550,89800,1,89800,1
78550,89800,1,89800,1
78550,89800,1,89800,1
78550,89800,1,89800,1
78550,89800,1,89800,1
78550,89800,1,89800,1
78550,89800,1,89800,1
78550,89800,1,89800,1
78550,89800,1,89800,1
78550,89800,1,89800,1
78550,89800,1,89800,1
78550,89800,1,89800,1
78550,89800,1,89800,1
78550,89800,1,89800,1
78550,89800,1,89800,1
78550,89800,1,89800,1
78550,89800,1,89800,1
78550,89800,1,89800,1
78550,89800,1,89800,1
78550,89800,1,89800,1
78550,89800,1,89800,1
78550,89800,1,89800,1
78550,89800,1,89800,1
78550,89800,1,89800,1
78550,89800,1,89800,1
78550,89800,1,89800,1
78550,89800,1,89800,1
78550,89800,1,89800,1
78550,89800,1,89800,1
78550,89800,1,89800,1
78550,89800,1,89800,1
78550,89800,1,89800,1
78550,89800,1,89800,1
78550,89800,1,89800,1
78550,89800,1,89800,1
78550,89800,1,89800,1
78550,89800,1,89800,1
78550,89800,1,89800,1
78550,89800,1,89800,1
78550,89800,1,89800,1
78550,89800,1,89800,1
78550,89800,1,89800,1
78550,89800,1,89800,1
78550,89800,1,89800,1
78550,89800,1,89800,1
78550,89800,1,89800,1
78550,89800,1,89800,1
78550,89800,1,89800,1
78550,89800,1,89800,1
78550,89800,1,89800,1
78550,89800,1,89800,1
78550,89800,1,89800,1
78550,89800,1,89800,1
78550,89800,1,89800,1
78550,89800,1,89800,1
78550,89800,1,89800,1
78550,89800,1,89800,1
78550,89800,1,89800,1
78550,89800,1,89800,1
78550,89800,1,89800,1
78550,89800,1,89800,1
78550,89800,1,89800,1
78550,89800,1,89800,1
78550,89800,1,89800,1
78550,89800,1,89800,1
78550,89800,1,89800,1
78550,89800,1,89800,1
78550,89800,1,89800,1
78550,89800,1,89800,1
78550,89800,1,89800,1
78550,89800,1,89800,1
78550,89800,1,89800,1
78550,89800,1,89800,1
78550,89800,1,89800,1
78550,89800,1,89800,1
78550,89800,1,89800,1
78550,89800,1,89800,1
78550,89800,1,89800,1
78550,89800,1,89800,1
78550,89800,1,89800,1
78550,89800,1,89800,1
78550,89800,1,89800,1
78550,89800,1,89800,1
78550,89800,1,89800,1
78550,89800,1,89800,1
78550,89800,1,89878,1
78550,89878,1,89878,1
78550,89878,1,89878,1
78550,89878,1,89878,1
78550,89878,1,89878,1
78550,89878,1,89878,1
78550,89878,1,89878,1
78550,89878,1,89878,1
78550,89878,1,89878,1
78550,89878,1,89878,1
78550,89878,1,89878,1
78550,89878,1,89878,1
78550,89878,1,89878,1
78550,89878,1,89878,1
78550,89878,1,89878,1
78550,89878,1,89878,1
78550,89878,1,89878,1
78550,89878,1,89878,1
78550,89878,1,89878,1
78550,89878,1,89878,1
78550,89878,1,89878,1
78550,89878,1,89878,1
78550,89878,1,89878,1
78550,89878,1,89878,1
78550,89878,1,89878,1
78550,89878,1,89878,1
78550,89878,1,89878,1
78550,89878,1,89878,1
78550,89878,1,89878,1
78550,89878,1,89878,1
78550,89878,1,89878,1
78550,89878,1,89878,1
78550,89878,1,89878,1
78550,89878,1,89878,1
78550,89878,1,89878,1
78550,89878,1,89878,1
78550,89878,1,89878,1
78550,89878,1,89878,1
78550,89878,1,89878,1
78550,89878,1,89878,1
78550,89878,1,89878,1
78550,89878,1,89878,1
78550,89878,1,89878,1
78550,89878,1,89878,1
78550,89878,1,89877,1
78550,89877,1,89877,1
78550,89877,1,89877,1
78550,89877,1,89877,1
78550,89877,1,89877,1
78550,89877,1,89877,1
78550,89877,1,89877,1
78550,89877,1,89877,1
78550,89877,1,89877,1
78550,89877,1,89877,1
78550,89877,1,89877,1
78550,89877,1,89877,1
78550,89877,1,89877,1
78550,89877,1,89877,1
78550,89877,1,89877,1
78550,89877,1,89877,1
78550,89877,1,89877,1
78550,89877,1,89877,1
78550,89877,1,89877,1
78550,89877,1,89877,1
78550,89877,1,89877,1
78550,89877,1,89877,1
78550,89877,1,89877,1
78550,89877,1,89877,1
78550,89877,1,89877,1
78550,89877,1,89877,1
78550,89877,1,89877,1
78550,89877,1,89877,1
78550,89877,1,89877,1
78550,89877,1,89877,1
78550,89877,1,89877,1
78550,89877,1,89877,1
78550,89877,1,89877,1
78550,89877,1,89877,1
78550,89877,1,89877,1
78550,89877,1,89877,1
78550,89877,1,89877,1
78550,89877,1,89877,1
78550,89877,1,89877,1
78550,89877,1,89877,1
78550,89877,1,89877,1
78550,89877,1,89877,1
78550,89877,1,89877,1
78550,89877,1,89877,1
78550,89877,1,89877,1
78550,89877,1,89877,1
78550,89877,1,173936,0
78550,173936,0,173918,1
78550,173918,1,173884,1
78550,173884,1,173908,1
78550,173908,1,173972,0
78550,173972,0,174005,1
78550,174005,1,173954,1
78550,173954,1,173991,0
78550,173991,0,173967,1
78550,173967,1,173977,1
78550,173977,1,174008,1
78551,93160,1,93160,1
78551,93160,1,93160,1
78551,93160,1,93160,1
78551,93160,1,93160,1
78551,93160,1,93160,1
78551,93160,1,93160,1
78551,93160,1,93160,1
78551,93160,1,93160,1
78551,93160,1,93160,1
78551,93160,1,93160,1
78551,93160,1,93160,1
78551,93160,1,93160,1
78551,93160,1,93160,1
78551,93160,1,93160,1
78551,93160,1,93160,1
78551,93160,1,93160,1
78551,93160,1,93160,1
78551,93160,1,93160,1
78551,93160,1,93160,1
78551,93160,1,93160,1
78551,93160,1,93160,1
78551,93160,1,93160,1
78551,93160,1,93160,1
78551,93160,1,93160,1
78551,93160,1,93160,1
78551,93160,1,93160,1
78551,93160,1,93160,1
78551,93160,1,93160,1
78551,93160,1,93160,1
78551,93160,1,93160,1
78551,93160,1,93160,1
78551,93160,1,93160,1
78551,93160,1,93160,1
78551,93160,1,93160,1
78551,93160,1,93160,1
78551,93160,1,93160,1
78551,93160,1,93160,1
78551,93160,1,93160,1
78551,93160,1,93160,1
78551,93160,1,93160,1
78551,93160,1,93160,1
78551,93160,1,93160,1
78551,93160,1,93160,1
78551,93160,1,93160,1
78551,93160,1,93160,1
78551,93160,1,93159,1
78551,93159,1,93159,1
78551,93159,1,93159,1
78551,93159,1,93159,1
78551,93159,1,93159,1
78551,93159,1,93159,1
78551,93159,1,93159,1
78551,93159,1,93159,1
78551,93159,1,93159,1
78551,93159,1,93159,1
78551,93159,1,93159,1
78551,93159,1,93159,1
78551,93159,1,93159,1
78551,93159,1,93159,1
78551,93159,1,93159,1
78551,93159,1,93159,1
78551,93159,1,93159,1
78551,93159,1,93159,1
78551,93159,1,93159,1
78551,93159,1,93159,1
78551,93159,1,93159,1
78551,93159,1,93159,1
78551,93159,1,93159,1
78551,93159,1,93159,1
78551,93159,1,93159,1
78551,93159,1,93159,1
78551,93159,1,93159,1
78551,93159,1,93159,1
78551,93159,1,93159,1
78551,93159,1,93159,1
78551,93159,1,93159,1
78551,93159,1,93159,1
78551,93159,1,93159,1
78551,93159,1,93159,1
78551,93159,1,93159,1
78551,93159,1,93159,1
78551,93159,1,93159,1
78551,93159,1,93159,1
78551,93159,1,93159,1
78551,93159,1,93159,1
78551,93159,1,93159,1
78551,93159,1,93159,1
78551,93159,1,93159,1
78551,93159,1,93159,1
78551,93159,1,93159,1
78551,93159,1,93159,1
78551,93159,1,93161,1
78551,93161,1,93161,1
78551,93161,1,93161,1
78551,93161,1,93161,1
78551,93161,1,93161,1
78551,93161,1,93161,1
78551,93161,1,93161,1
78551,93161,1,93161,1
78551,93161,1,93161,1
78551,93161,1,93161,1
78551,93161,1,93161,1
78551,93161,1,93161,1
78551,93161,1,93161,1
78551,93161,1,93161,1
78551,93161,1,93161,1
78551,93161,1,93161,1
78551,93161,1,93161,1
78551,93161,1,93161,1
78551,93161,1,93161,1
78551,93161,1,93161,1
78551,93161,1,93161,1
78551,93161,1,93161,1
78551,93161,1,93161,1
78551,93161,1,93161,1
78551,93161,1,93161,1
78551,93161,1,93161,1
78551,93161,1,93161,1
78551,93161,1,93161,1
78551,93161,1,93161,1
78551,93161,1,93161,1
78551,93161,1,93161,1
78551,93161,1,93161,1
78551,93161,1,93161,1
78551,93161,1,93161,1
78551,93161,1,93161,1
78551,93161,1,93161,1
78551,93161,1,93161,1
78551,93161,1,93161,1
78551,93161,1,93161,1
78551,93161,1,93161,1
78551,93161,1,93161,1
78551,93161,1,93161,1
78551,93161,1,93161,1
78551,93161,1,85673,1
78551,85673,1,85673,1
78551,85673,1,85673,1
78551,85673,1,85673,1
78551,85673,1,85673,1
78551,85673,1,85673,1
78551,85673,1,85673,1
78551,85673,1,85673,1
78551,85673,1,85673,1
78551,85673,1,85673,1
78551,85673,1,85673,1
78551,85673,1,85673,1
78551,85673,1,85673,1
78551,85673,1,85673,1
78551,85673,1,85673,1
78551,85673,1,85673,1
78551,85673,1,85673,1
78551,85673,1,85673,1
78551,85673,1,85673,1
78551,85673,1,85673,1
78551,85673,1,85673,1
78551,85673,1,85673,1
78551,85673,1,85673,1
78551,85673,1,85673,1
78551,85673,1,85673,1
78551,85673,1,85673,1
78551,85673,1,85673,1
78551,85673,1,85673,1
78551,85673,1,85673,1
78551,85673,1,85673,1
78551,85673,1,85673,1
78551,85673,1,85673,1
78551,85673,1,85673,1
78551,85673,1,85673,1
78551,85673,1,85673,1
78551,85673,1,85673,1
78551,85673,1,85673,1
78551,85673,1,85673,1
78551,85673,1,85673,1
78551,85673,1,85673,1
78551,85673,1,85673,1
78551,85673,1,85673,1
78551,85673,1,85673,1
78551,85673,1,85673,1
78551,85673,1,85673,1
78551,85673,1,85673,1
78551,85673,1,85090,0
78551,85090,0,85090,0
78551,85090,0,85090,0
78551,85090,0,85090,0
78551,85090,0,85090,0
78551,85090,0,85090,0
78551,85090,0,85090,0
78551,85090,0,85090,0
78551,85090,0,85090,0
78551,85090,0,85090,0
78551,85090,0,85090,0
78551,85090,0,85090,0
78551,85090,0,85090,0
78551,85090,0,85090,0
78551,85090,0,85090,0
78551,85090,0,85090,0
78551,85090,0,85090,0
78551,85090,0,85090,0
78551,85090,0,85090,0
78551,85090,0,85090,0
78551,85090,0,85090,0
78551,85090,0,85090,0
78551,85090,0,85090,0
78551,85090,0,85090,0
78551,85090,0,85090,0
78551,85090,0,85090,0
78551,85090,0,85090,0
78551,85090,0,85090,0
78551,85090,0,85090,0
78551,85090,0,85090,0
78551,85090,0,85090,0
78551,85090,0,85090,0
78551,85090,0,85090,0
78551,85090,0,85090,0
78551,85090,0,85090,0
78551,85090,0,85090,0
78551,85090,0,85090,0
78551,85090,0,85090,0
78551,85090,0,85090,0
78551,85090,0,85090,0
78551,85090,0,85090,0
78551,85090,0,85090,0
78551,85090,0,85090,0
78551,85090,0,85090,0
78551,85090,0,85090,0
78551,85090,0,85090,0
78551,85090,0,84701,1
78551,84701,1,84701,1
78551,84701,1,84701,1
78551,84701,1,84701,1
78551,84701,1,84701,1
78551,84701,1,84701,1
78551,84701,1,84701,1
78551,84701,1,84701,1
78551,84701,1,84701,1
78551,84701,1,84701,1
78551,84701,1,84701,1
78551,84701,1,84701,1
78551,84701,1,84701,1
78551,84701,1,84701,1
78551,84701,1,84701,1
78551,84701,1,84701,1
78551,84701,1,84701,1
78551,84701,1,84701,1
78551,84701,1,84701,1
78551,84701,1,84701,1
78551,84701,1,84701,1
78551,84701,1,84701,1
78551,84701,1,84701,1
78551,84701,1,84701,1
78551,84701,1,84701,1
78551,84701,1,84701,1
78551,84701,1,84701,1
78551,84701,1,84701,1
78551,84701,1,84701,1
78551,84701,1,84701,1
78551,84701,1,84701,1
78551,84701,1,84701,1
78551,84701,1,84701,1
78551,84701,1,84701,1
78551,84701,1,84701,1
78551,84701,1,84701,1
78551,84701,1,84701,1
78551,84701,1,84701,1
78551,84701,1,84701,1
78551,84701,1,84701,1
78551,84701,1,84701,1
78551,84701,1,84701,1
78551,84701,1,84701,1
78551,84701,1,84701,1
78551,84701,1,84701,1
78551,84701,1,84701,1
78551,84701,1,85680,1
78551,85680,1,85680,1
78551,85680,1,85680,1
78551,85680,1,85680,1
78551,85680,1,85680,1
78551,85680,1,85680,1
78551,85680,1,85680,1
78551,85680,1,85680,1
78551,85680,1,85680,1
78551,85680,1,85680,1
78551,85680,1,85680,1
78551,85680,1,85680,1
78551,85680,1,85680,1
78551,85680,1,85680,1
78551,85680,1,85680,1
78551,85680,1,85680,1
78551,85680,1,85680,1
78551,85680,1,85680,1
78551,85680,1,85680,1
78551,85680,1,85680,1
78551,85680,1,85680,1
78551,85680,1,85680,1
78551,85680,1,85680,1
78551,85680,1,85680,1
78551,85680,1,85680,1
78551,85680,1,85680,1
78551,85680,1,85680,1
78551,85680,1,85680,1
78551,85680,1,85680,1
78551,85680,1,85680,1
78551,85680,1,85680,1
78551,85680,1,85680,1
78551,85680,1,85680,1
78551,85680,1,85680,1
78551,85680,1,85680,1
78551,85680,1,85680,1
78551,85680,1,85680,1
78551,85680,1,85680,1
78551,85680,1,85680,1
78551,85680,1,85680,1
78551,85680,1,85680,1
78551,85680,1,85680,1
78551,85680,1,85680,1
78551,85680,1,85680,1
78551,85680,1,85680,1
78551,85680,1,85680,1
78551,85680,1,85650,1
78551,85650,1,85650,1
78551,85650,1,85650,1
78551,85650,1,85650,1
78551,85650,1,85650,1
78551,85650,1,85650,1
78551,85650,1,85650,1
78551,85650,1,85650,1
78551,85650,1,85650,1
78551,85650,1,85650,1
78551,85650,1,85650,1
78551,85650,1,85650,1
78551,85650,1,85650,1
78551,85650,1,85650,1
78551,85650,1,85650,1
78551,85650,1,85650,1
78551,85650,1,85650,1
78551,85650,1,85650,1
78551,85650,1,85650,1
78551,85650,1,85650,1
78551,85650,1,85650,1
78551,85650,1,85650,1
78551,85650,1,85650,1
78551,85650,1,85650,1
78551,85650,1,85650,1
78551,85650,1,85650,1
78551,85650,1,85650,1
78551,85650,1,85650,1
78551,85650,1,85650,1
78551,85650,1,85650,1
78551,85650,1,85650,1
78551,85650,1,85650,1
78551,85650,1,85650,1
78551,85650,1,85650,1
78551,85650,1,85650,1
78551,85650,1,85650,1
78551,85650,1,85650,1
78551,85650,1,85650,1
78551,85650,1,85650,1
78551,85650,1,85650,1
78551,85650,1,85650,1
78551,85650,1,85650,1
78551,85650,1,85650,1
78551,85650,1,85650,1
78551,85650,1,85650,1
78551,85650,1,85650,1
78551,85650,1,85104,1
78551,85104,1,85104,1
78551,85104,1,85104,1
78551,85104,1,85104,1
78551,85104,1,85104,1
78551,85104,1,85104,1
78551,85104,1,85104,1
78551,85104,1,85104,1
78551,85104,1,85104,1
78551,85104,1,85104,1
78551,85104,1,85104,1
78551,85104,1,85104,1
78551,85104,1,85104,1
78551,85104,1,85104,1
78551,85104,1,85104,1
78551,85104,1,85104,1
78551,85104,1,85104,1
78551,85104,1,85104,1
78551,85104,1,85104,1
78551,85104,1,85104,1
78551,85104,1,85104,1
78551,85104,1,85104,1
78551,85104,1,85104,1
78551,85104,1,85104,1
78551,85104,1,85104,1
78551,85104,1,85104,1
78551,85104,1,85104,1
78551,85104,1,85104,1
78551,85104,1,85104,1
78551,85104,1,85104,1
78551,85104,1,85104,1
78551,85104,1,85104,1
78551,85104,1,85104,1
78551,85104,1,85104,1
78551,85104,1,85104,1
78551,85104,1,85104,1
78551,85104,1,85104,1
78551,85104,1,85104,1
78551,85104,1,85104,1
78551,85104,1,85104,1
78551,85104,1,85104,1
78551,85104,1,85104,1
78551,85104,1,85104,1
78551,85104,1,89240,0
78551,89240,0,89240,0
78551,89240,0,89240,0
78551,89240,0,89240,0
78551,89240,0,89240,0
78551,89240,0,89240,0
78551,89240,0,89240,0
78551,89240,0,89240,0
78551,89240,0,89240,0
78551,89240,0,89240,0
78551,89240,0,89240,0
78551,89240,0,89240,0
78551,89240,0,89240,0
78551,89240,0,89240,0
78551,89240,0,89240,0
78551,89240,0,89240,0
78551,89240,0,89240,0
78551,89240,0,89240,0
78551,89240,0,89240,0
78551,89240,0,89240,0
78551,89240,0,89240,0
78551,89240,0,89240,0
78551,89240,0,89240,0
78551,89240,0,89240,0
78551,89240,0,89240,0
78551,89240,0,89240,0
78551,89240,0,89240,0
78551,89240,0,89240,0
78551,89240,0,89240,0
78551,89240,0,89240,0
78551,89240,0,89240,0
78551,89240,0,89240,0
78551,89240,0,89240,0
78551,89240,0,89240,0
78551,89240,0,89240,0
78551,89240,0,89240,0
78551,89240,0,89240,0
78551,89240,0,89240,0
78551,89240,0,89240,0
78551,89240,0,89240,0
78551,89240,0,89240,0
78551,89240,0,89240,0
78551,89240,0,89240,0
78551,89240,0,89240,0
78551,89240,0,89240,0
78551,89240,0,89240,0
78551,89240,0,89240,0
78551,89240,0,91354,1
78551,91354,1,91354,1
78551,91354,1,91354,1
78551,91354,1,91354,1
78551,91354,1,91354,1
78551,91354,1,91354,1
78551,91354,1,91354,1
78551,91354,1,91354,1
78551,91354,1,91354,1
78551,91354,1,91354,1
78551,91354,1,91354,1
78551,91354,1,91354,1
78551,91354,1,91354,1
78551,91354,1,91354,1
78551,91354,1,91354,1
78551,91354,1,91354,1
78551,91354,1,91354,1
78551,91354,1,91354,1
78551,91354,1,91354,1
78551,91354,1,91354,1
78551,91354,1,91354,1
78551,91354,1,91354,1
78551,91354,1,91354,1
78551,91354,1,91354,1
78551,91354,1,91354,1
78551,91354,1,91354,1
78551,91354,1,91354,1
78551,91354,1,91354,1
78551,91354,1,91354,1
78551,91354,1,91354,1
78551,91354,1,91354,1
78551,91354,1,91354,1
78551,91354,1,91354,1
78551,91354,1,91354,1
78551,91354,1,91354,1
78551,91354,1,91354,1
78551,91354,1,91354,1
78551,91354,1,91354,1
78551,91354,1,91354,1
78551,91354,1,91354,1
78551,91354,1,91354,1
78551,91354,1,91354,1
78551,91354,1,91354,1
78551,91354,1,91354,1
78551,91354,1,91354,1
78551,91354,1,91354,1
78551,91354,1,91354,1
78551,91354,1,91400,1
78551,91400,1,91400,1
78551,91400,1,91400,1
78551,91400,1,91400,1
78551,91400,1,91400,1
78551,91400,1,91400,1
78551,91400,1,91400,1
78551,91400,1,91400,1
78551,91400,1,91400,1
78551,91400,1,91400,1
78551,91400,1,91400,1
78551,91400,1,91400,1
78551,91400,1,91400,1
78551,91400,1,91400,1
78551,91400,1,91400,1
78551,91400,1,91400,1
78551,91400,1,91400,1
78551,91400,1,91400,1
78551,91400,1,91400,1
78551,91400,1,91400,1
78551,91400,1,91400,1
78551,91400,1,91400,1
78551,91400,1,91400,1
78551,91400,1,91400,1
78551,91400,1,91400,1
78551,91400,1,91400,1
78551,91400,1,91400,1
78551,91400,1,91400,1
78551,91400,1,91400,1
78551,91400,1,91400,1
78551,91400,1,91400,1
78551,91400,1,91400,1
78551,91400,1,91400,1
78551,91400,1,91400,1
78551,91400,1,91400,1
78551,91400,1,91400,1
78551,91400,1,91400,1
78551,91400,1,91400,1
78551,91400,1,91400,1
78551,91400,1,91400,1
78551,91400,1,91400,1
78551,91400,1,91400,1
78551,91400,1,91400,1
78551,91400,1,91400,1
78551,91400,1,91400,1
78551,91400,1,91400,1
78551,91400,1,91400,1
78551,91400,1,91400,1
78551,91400,1,91400,1
78551,91400,1,91400,1
78551,91400,1,91400,1
78551,91400,1,91400,1
78551,91400,1,91400,1
78551,91400,1,91400,1
78551,91400,1,91400,1
78551,91400,1,91400,1
78551,91400,1,91400,1
78551,91400,1,91400,1
78551,91400,1,91400,1
78551,91400,1,91400,1
78551,91400,1,91400,1
78551,91400,1,91400,1
78551,91400,1,91400,1
78551,91400,1,91400,1
78551,91400,1,91400,1
78551,91400,1,91400,1
78551,91400,1,91400,1
78551,91400,1,91400,1
78551,91400,1,91400,1
78551,91400,1,91400,1
78551,91400,1,91400,1
78551,91400,1,91400,1
78551,91400,1,91400,1
78551,91400,1,91400,1
78551,91400,1,91400,1
78551,91400,1,91400,1
78551,91400,1,91400,1
78551,91400,1,91400,1
78551,91400,1,91400,1
78551,91400,1,91400,1
78551,91400,1,91400,1
78551,91400,1,91400,1
78551,91400,1,91400,1
78551,91400,1,91400,1
78551,91400,1,91400,1
78551,91400,1,91400,1
78551,91400,1,91400,1
78551,91400,1,91400,1
78551,91400,1,91400,1
78551,91400,1,91400,1
78551,91400,1,91400,1
78551,91400,1,91400,1
78551,91400,1,91400,1
78551,91400,1,91400,1
78551,91400,1,91400,1
78551,91400,1,91400,1
78551,91400,1,91400,1
78551,91400,1,91393,1
78551,91393,1,91393,1
78551,91393,1,91393,1
78551,91393,1,91393,1
78551,91393,1,91393,1
78551,91393,1,91393,1
78551,91393,1,91393,1
78551,91393,1,91393,1
78551,91393,1,91393,1
78551,91393,1,91393,1
78551,91393,1,91393,1
78551,91393,1,91393,1
78551,91393,1,91393,1
78551,91393,1,91393,1
78551,91393,1,91393,1
78551,91393,1,91393,1
78551,91393,1,91393,1
78551,91393,1,91393,1
78551,91393,1,91393,1
78551,91393,1,91393,1
78551,91393,1,91393,1
78551,91393,1,91393,1
78551,91393,1,91393,1
78551,91393,1,91393,1
78551,91393,1,91393,1
78551,91393,1,91393,1
78551,91393,1,91393,1
78551,91393,1,91393,1
78551,91393,1,91393,1
78551,91393,1,91393,1
78551,91393,1,91393,1
78551,91393,1,91393,1
78551,91393,1,91393,1
78551,91393,1,91393,1
78551,91393,1,91393,1
78551,91393,1,91393,1
78551,91393,1,91393,1
78551,91393,1,91393,1
78551,91393,1,91393,1
78551,91393,1,91393,1
78551,91393,1,91393,1
78551,91393,1,91393,1
78551,91393,1,91393,1
78551,91393,1,91393,1
78551,91393,1,91393,1
78551,91393,1,91393,1
78551,91393,1,91393,1
78551,91393,1,91393,1
78551,91393,1,91393,1
78551,91393,1,91393,1
78551,91393,1,91393,1
78551,91393,1,91393,1
78551,91393,1,91393,1
78551,91393,1,91393,1
78551,91393,1,91393,1
78551,91393,1,91393,1
78551,91393,1,91393,1
78551,91393,1,91393,1
78551,91393,1,91393,1
78551,91393,1,91393,1
78551,91393,1,91393,1
78551,91393,1,91393,1
78551,91393,1,91393,1
78551,91393,1,91393,1
78551,91393,1,91393,1
78551,91393,1,91393,1
78551,91393,1,91393,1
78551,91393,1,91393,1
78551,91393,1,91393,1
78551,91393,1,91393,1
78551,91393,1,91393,1
78551,91393,1,91393,1
78551,91393,1,91393,1
78551,91393,1,91393,1
78551,91393,1,91393,1
78551,91393,1,91393,1
78551,91393,1,91393,1
78551,91393,1,91393,1
78551,91393,1,91393,1
78551,91393,1,91393,1
78551,91393,1,91393,1
78551,91393,1,91393,1
78551,91393,1,91393,1
78551,91393,1,91393,1
78551,91393,1,91393,1
78551,91393,1,91393,1
78551,91393,1,91393,1
78551,91393,1,91393,1
78551,91393,1,91393,1
78551,91393,1,91393,1
78551,91393,1,91393,1
78551,91393,1,91393,1
78551,91393,1,91393,1
78551,91393,1,91393,1
78551,91393,1,91393,1
78551,91393,1,91393,1
78551,91393,1,91393,1
78551,91393,1,91388,1
78551,91388,1,91388,1
78551,91388,1,91388,1
78551,91388,1,91388,1
78551,91388,1,91388,1
78551,91388,1,91388,1
78551,91388,1,91388,1
78551,91388,1,91388,1
78551,91388,1,91388,1
78551,91388,1,91388,1
78551,91388,1,91388,1
78551,91388,1,91388,1
78551,91388,1,91388,1
78551,91388,1,91388,1
78551,91388,1,91388,1
78551,91388,1,91388,1
78551,91388,1,91388,1
78551,91388,1,91388,1
78551,91388,1,91388,1
78551,91388,1,91388,1
78551,91388,1,91388,1
78551,91388,1,91388,1
78551,91388,1,91388,1
78551,91388,1,91388,1
78551,91388,1,91388,1
78551,91388,1,91388,1
78551,91388,1,91388,1
78551,91388,1,91388,1
78551,91388,1,91388,1
78551,91388,1,91388,1
78551,91388,1,91388,1
78551,91388,1,91388,1
78551,91388,1,91388,1
78551,91388,1,91388,1
78551,91388,1,91388,1
78551,91388,1,91388,1
78551,91388,1,91388,1
78551,91388,1,91388,1
78551,91388,1,91388,1
78551,91388,1,91388,1
78551,91388,1,91388,1
78551,91388,1,91388,1
78551,91388,1,91388,1
78551,91388,1,91388,1
78551,91388,1,91388,1
78551,91388,1,91388,1
78551,91388,1,91388,1
78551,91388,1,89278,1
78551,89278,1,89278,1
78551,89278,1,89278,1
78551,89278,1,89278,1
78551,89278,1,89278,1
78551,89278,1,89278,1
78551,89278,1,89278,1
78551,89278,1,89278,1
78551,89278,1,89278,1
78551,89278,1,89278,1
78551,89278,1,89278,1
78551,89278,1,89278,1
78551,89278,1,89278,1
78551,89278,1,89278,1
78551,89278,1,89278,1
78551,89278,1,89278,1
78551,89278,1,89278,1
78551,89278,1,89278,1
78551,89278,1,89278,1
78551,89278,1,89278,1
78551,89278,1,89278,1
78551,89278,1,89278,1
78551,89278,1,89278,1
78551,89278,1,89278,1
78551,89278,1,89278,1
78551,89278,1,89278,1
78551,89278,1,89278,1
78551,89278,1,89278,1
78551,89278,1,89278,1
78551,89278,1,89278,1
78551,89278,1,89278,1
78551,89278,1,89278,1
78551,89278,1,89278,1
78551,89278,1,89278,1
78551,89278,1,89278,1
78551,89278,1,89278,1
78551,89278,1,89278,1
78551,89278,1,89278,1
78551,89278,1,89278,1
78551,89278,1,89278,1
78551,89278,1,89278,1
78551,89278,1,89278,1
78551,89278,1,89278,1
78551,89278,1,89278,1
78551,89278,1,89278,1
78551,89278,1,89278,1
78551,89278,1,89278,1
78551,89278,1,91389,1
78551,91389,1,91389,1
78551,91389,1,91389,1
78551,91389,1,91389,1
78551,91389,1,91389,1
78551,91389,1,91389,1
78551,91389,1,91389,1
78551,91389,1,91389,1
78551,91389,1,91389,1
78551,91389,1,91389,1
78551,91389,1,91389,1
78551,91389,1,91389,1
78551,91389,1,91389,1
78551,91389,1,91389,1
78551,91389,1,91389,1
78551,91389,1,91389,1
78551,91389,1,91389,1
78551,91389,1,91389,1
78551,91389,1,91389,1
78551,91389,1,91389,1
78551,91389,1,91389,1
78551,91389,1,91389,1
78551,91389,1,91389,1
78551,91389,1,91389,1
78551,91389,1,91389,1
78551,91389,1,91389,1
78551,91389,1,91389,1
78551,91389,1,91389,1
78551,91389,1,91389,1
78551,91389,1,91389,1
78551,91389,1,91389,1
78551,91389,1,91389,1
78551,91389,1,91389,1
78551,91389,1,91389,1
78551,91389,1,91389,1
78551,91389,1,91389,1
78551,91389,1,91389,1
78551,91389,1,91389,1
78551,91389,1,91389,1
78551,91389,1,91389,1
78551,91389,1,91389,1
78551,91389,1,91389,1
78551,91389,1,91389,1
78551,91389,1,91389,1
78551,91389,1,91389,1
78551,91389,1,91389,1
78551,91389,1,91389,1
78551,91389,1,91642,1
78551,91642,1,91642,1
78551,91642,1,91642,1
78551,91642,1,91642,1
78551,91642,1,91642,1
78551,91642,1,91642,1
78551,91642,1,91642,1
78551,91642,1,91642,1
78551,91642,1,91642,1
78551,91642,1,91642,1
78551,91642,1,91642,1
78551,91642,1,91642,1
78551,91642,1,91642,1
78551,91642,1,91642,1
78551,91642,1,91642,1
78551,91642,1,91642,1
78551,91642,1,91642,1
78551,91642,1,91642,1
78551,91642,1,91642,1
78551,91642,1,91642,1
78551,91642,1,91642,1
78551,91642,1,91642,1
78551,91642,1,91642,1
78551,91642,1,91642,1
78551,91642,1,91642,1
78551,91642,1,91642,1
78551,91642,1,91642,1
78551,91642,1,91642,1
78551,91642,1,91642,1
78551,91642,1,91642,1
78551,91642,1,91642,1
78551,91642,1,91642,1
78551,91642,1,91642,1
78551,91642,1,91642,1
78551,91642,1,91642,1
78551,91642,1,91642,1
78551,91642,1,91642,1
78551,91642,1,91642,1
78551,91642,1,91642,1
78551,91642,1,91642,1
78551,91642,1,91642,1
78551,91642,1,91642,1
78551,91642,1,91642,1
78551,91642,1,91642,1
78551,91642,1,91642,1
78551,91642,1,91642,1
78551,91642,1,91642,1
78551,91642,1,91642,1
78551,91642,1,91642,1
78551,91642,1,91642,1
78551,91642,1,91642,1
78551,91642,1,91642,1
78551,91642,1,91642,1
78551,91642,1,91642,1
78551,91642,1,91642,1
78551,91642,1,91642,1
78551,91642,1,91642,1
78551,91642,1,91642,1
78551,91642,1,91642,1
78551,91642,1,91642,1
78551,91642,1,91642,1
78551,91642,1,91642,1
78551,91642,1,91642,1
78551,91642,1,91642,1
78551,91642,1,91642,1
78551,91642,1,91642,1
78551,91642,1,91642,1
78551,91642,1,91642,1
78551,91642,1,91642,1
78551,91642,1,91642,1
78551,91642,1,91642,1
78551,91642,1,91642,1
78551,91642,1,91642,1
78551,91642,1,91642,1
78551,91642,1,91642,1
78551,91642,1,91642,1
78551,91642,1,91642,1
78551,91642,1,91642,1
78551,91642,1,91642,1
78551,91642,1,91642,1
78551,91642,1,91642,1
78551,91642,1,91642,1
78551,91642,1,91642,1
78551,91642,1,91642,1
78551,91642,1,91642,1
78551,91642,1,91642,1
78551,91642,1,91642,1
78551,91642,1,91642,1
78551,91642,1,91642,1
78551,91642,1,91642,1
78551,91642,1,91642,1
78551,91642,1,91642,1
78551,91642,1,91642,1
78551,91642,1,89764,1
78551,89764,1,89764,1
78551,89764,1,89764,1
78551,89764,1,89764,1
78551,89764,1,89764,1
78551,89764,1,89764,1
78551,89764,1,89764,1
78551,89764,1,89764,1
78551,89764,1,89764,1
78551,89764,1,89764,1
78551,89764,1,89764,1
78551,89764,1,89764,1
78551,89764,1,89764,1
78551,89764,1,89764,1
78551,89764,1,89764,1
78551,89764,1,89764,1
78551,89764,1,89764,1
78551,89764,1,89764,1
78551,89764,1,89764,1
78551,89764,1,89764,1
78551,89764,1,89764,1
78551,89764,1,89764,1
78551,89764,1,89764,1
78551,89764,1,89764,1
78551,89764,1,89764,1
78551,89764,1,89764,1
78551,89764,1,89764,1
78551,89764,1,89764,1
78551,89764,1,89764,1
78551,89764,1,89764,1
78551,89764,1,89764,1
78551,89764,1,89764,1
78551,89764,1,89764,1
78551,89764,1,89764,1
78551,89764,1,89764,1
78551,89764,1,89764,1
78551,89764,1,89764,1
78551,89764,1,89764,1
78551,89764,1,89764,1
78551,89764,1,89764,1
78551,89764,1,89764,1
78551,89764,1,89764,1
78551,89764,1,89764,1
78551,89764,1,89764,1
78551,89764,1,89764,1
78551,89764,1,89764,1
78551,89764,1,89764,1
78551,89764,1,89764,1
78551,89764,1,89764,1
78551,89764,1,89764,1
78551,89764,1,89764,1
78551,89764,1,89764,1
78551,89764,1,89764,1
78551,89764,1,89764,1
78551,89764,1,89764,1
78551,89764,1,89764,1
78551,89764,1,89764,1
78551,89764,1,89764,1
78551,89764,1,89764,1
78551,89764,1,89764,1
78551,89764,1,89764,1
78551,89764,1,89764,1
78551,89764,1,89764,1
78551,89764,1,89764,1
78551,89764,1,89764,1
78551,89764,1,89764,1
78551,89764,1,89764,1
78551,89764,1,89764,1
78551,89764,1,89764,1
78551,89764,1,89764,1
78551,89764,1,89764,1
78551,89764,1,89764,1
78551,89764,1,89764,1
78551,89764,1,89764,1
78551,89764,1,89764,1
78551,89764,1,89764,1
78551,89764,1,89764,1
78551,89764,1,89764,1
78551,89764,1,89764,1
78551,89764,1,89764,1
78551,89764,1,89764,1
78551,89764,1,89764,1
78551,89764,1,89764,1
78551,89764,1,89764,1
78551,89764,1,89764,1
78551,89764,1,89764,1
78551,89764,1,89764,1
78551,89764,1,89764,1
78551,89764,1,89764,1
78551,89764,1,89764,1
78551,89764,1,89764,1
78551,89764,1,89764,1
78551,89764,1,89764,1
78551,89764,1,89774,0
78551,89774,0,89774,0
78551,89774,0,89774,0
78551,89774,0,89774,0
78551,89774,0,89774,0
78551,89774,0,89774,0
78551,89774,0,89774,0
78551,89774,0,89774,0
78551,89774,0,89774,0
78551,89774,0,89774,0
78551,89774,0,89774,0
78551,89774,0,89774,0
78551,89774,0,89774,0
78551,89774,0,89774,0
78551,89774,0,89774,0
78551,89774,0,89774,0
78551,89774,0,89774,0
78551,89774,0,89774,0
78551,89774,0,89774,0
78551,89774,0,89774,0
78551,89774,0,89774,0
78551,89774,0,89774,0
78551,89774,0,89774,0
78551,89774,0,89774,0
78551,89774,0,89774,0
78551,89774,0,89774,0
78551,89774,0,89774,0
78551,89774,0,89774,0
78551,89774,0,89774,0
78551,89774,0,89774,0
78551,89774,0,89774,0
78551,89774,0,89774,0
78551,89774,0,89774,0
78551,89774,0,89774,0
78551,89774,0,89774,0
78551,89774,0,89774,0
78551,89774,0,89774,0
78551,89774,0,89774,0
78551,89774,0,89774,0
78551,89774,0,89774,0
78551,89774,0,89774,0
78551,89774,0,89774,0
78551,89774,0,89774,0
78551,89774,0,89774,0
78551,89774,0,89781,0
78551,89781,0,89781,0
78551,89781,0,89781,0
78551,89781,0,89781,0
78551,89781,0,89781,0
78551,89781,0,89781,0
78551,89781,0,89781,0
78551,89781,0,89781,0
78551,89781,0,89781,0
78551,89781,0,89781,0
78551,89781,0,89781,0
78551,89781,0,89781,0
78551,89781,0,89781,0
78551,89781,0,89781,0
78551,89781,0,89781,0
78551,89781,0,89781,0
78551,89781,0,89781,0
78551,89781,0,89781,0
78551,89781,0,89781,0
78551,89781,0,89781,0
78551,89781,0,89781,0
78551,89781,0,89781,0
78551,89781,0,89781,0
78551,89781,0,89781,0
78551,89781,0,89781,0
78551,89781,0,89781,0
78551,89781,0,89781,0
78551,89781,0,89781,0
78551,89781,0,89781,0
78551,89781,0,89781,0
78551,89781,0,89781,0
78551,89781,0,89781,0
78551,89781,0,89781,0
78551,89781,0,89781,0
78551,89781,0,89781,0
78551,89781,0,89781,0
78551,89781,0,89781,0
78551,89781,0,89781,0
78551,89781,0,89781,0
78551,89781,0,89781,0
78551,89781,0,89781,0
78551,89781,0,89781,0
78551,89781,0,89781,0
78551,89781,0,89781,0
78551,89781,0,91643,1
78551,91643,1,91643,1
78551,91643,1,91643,1
78551,91643,1,91643,1
78551,91643,1,91643,1
78551,91643,1,91643,1
78551,91643,1,91643,1
78551,91643,1,91643,1
78551,91643,1,91643,1
78551,91643,1,91643,1
78551,91643,1,91643,1
78551,91643,1,91643,1
78551,91643,1,91643,1
78551,91643,1,91643,1
78551,91643,1,91643,1
78551,91643,1,91643,1
78551,91643,1,91643,1
78551,91643,1,91643,1
78551,91643,1,91643,1
78551,91643,1,91643,1
78551,91643,1,91643,1
78551,91643,1,91643,1
78551,91643,1,91643,1
78551,91643,1,91643,1
78551,91643,1,91643,1
78551,91643,1,91643,1
78551,91643,1,91643,1
78551,91643,1,91643,1
78551,91643,1,91643,1
78551,91643,1,91643,1
78551,91643,1,91643,1
78551,91643,1,91643,1
78551,91643,1,91643,1
78551,91643,1,91643,1
78551,91643,1,91643,1
78551,91643,1,91643,1
78551,91643,1,91643,1
78551,91643,1,91643,1
78551,91643,1,91643,1
78551,91643,1,91643,1
78551,91643,1,91643,1
78551,91643,1,91643,1
78551,91643,1,91643,1
78551,91643,1,91643,1
78551,91643,1,91643,1
78551,91643,1,91643,1
78551,91643,1,89840,0
78551,89840,0,89840,0
78551,89840,0,89840,0
78551,89840,0,89840,0
78551,89840,0,89840,0
78551,89840,0,89840,0
78551,89840,0,89840,0
78551,89840,0,89840,0
78551,89840,0,89840,0
78551,89840,0,89840,0
78551,89840,0,89840,0
78551,89840,0,89840,0
78551,89840,0,89840,0
78551,89840,0,89840,0
78551,89840,0,89840,0
78551,89840,0,89840,0
78551,89840,0,89840,0
78551,89840,0,89840,0
78551,89840,0,89840,0
78551,89840,0,89840,0
78551,89840,0,89840,0
78551,89840,0,89840,0
78551,89840,0,89840,0
78551,89840,0,89840,0
78551,89840,0,89840,0
78551,89840,0,89840,0
78551,89840,0,89840,0
78551,89840,0,89840,0
78551,89840,0,89840,0
78551,89840,0,89840,0
78551,89840,0,89840,0
78551,89840,0,89840,0
78551,89840,0,89840,0
78551,89840,0,89840,0
78551,89840,0,89840,0
78551,89840,0,89840,0
78551,89840,0,89840,0
78551,89840,0,89840,0
78551,89840,0,89840,0
78551,89840,0,89840,0
78551,89840,0,89840,0
78551,89840,0,89840,0
78551,89840,0,89840,0
78551,89840,0,89840,0
78551,89840,0,89840,0
78551,89840,0,89840,0
78551,89840,0,89840,0
78551,89840,0,89840,0
78551,89840,0,89840,0
78551,89840,0,89840,0
78551,89840,0,89840,0
78551,89840,0,89840,0
78551,89840,0,89840,0
78551,89840,0,89840,0
78551,89840,0,89840,0
78551,89840,0,89840,0
78551,89840,0,89840,0
78551,89840,0,89840,0
78551,89840,0,89840,0
78551,89840,0,89840,0
78551,89840,0,89840,0
78551,89840,0,89840,0
78551,89840,0,89840,0
78551,89840,0,89840,0
78551,89840,0,89840,0
78551,89840,0,89840,0
78551,89840,0,89840,0
78551,89840,0,89840,0
78551,89840,0,89840,0
78551,89840,0,89840,0
78551,89840,0,89840,0
78551,89840,0,89840,0
78551,89840,0,89840,0
78551,89840,0,89840,0
78551,89840,0,89840,0
78551,89840,0,89840,0
78551,89840,0,89840,0
78551,89840,0,89840,0
78551,89840,0,89840,0
78551,89840,0,89840,0
78551,89840,0,89840,0
78551,89840,0,89840,0
78551,89840,0,89840,0
78551,89840,0,89840,0
78551,89840,0,89840,0
78551,89840,0,89840,0
78551,89840,0,89840,0
78551,89840,0,89840,0
78551,89840,0,89840,0
78551,89840,0,89840,0
78551,89840,0,89840,0
78551,89840,0,89840,0
78551,89840,0,89840,0
78551,89840,0,89815,1
78551,89815,1,89815,1
78551,89815,1,89815,1
78551,89815,1,89815,1
78551,89815,1,89815,1
78551,89815,1,89815,1
78551,89815,1,89815,1
78551,89815,1,89815,1
78551,89815,1,89815,1
78551,89815,1,89815,1
78551,89815,1,89815,1
78551,89815,1,89815,1
78551,89815,1,89815,1
78551,89815,1,89815,1
78551,89815,1,89815,1
78551,89815,1,89815,1
78551,89815,1,89815,1
78551,89815,1,89815,1
78551,89815,1,89815,1
78551,89815,1,89815,1
78551,89815,1,89815,1
78551,89815,1,89815,1
78551,89815,1,89815,1
78551,89815,1,89815,1
78551,89815,1,89815,1
78551,89815,1,89815,1
78551,89815,1,89815,1
78551,89815,1,89815,1
78551,89815,1,89815,1
78551,89815,1,89815,1
78551,89815,1,89815,1
78551,89815,1,89815,1
78551,89815,1,89815,1
78551,89815,1,89815,1
78551,89815,1,89815,1
78551,89815,1,89815,1
78551,89815,1,89815,1
78551,89815,1,89815,1
78551,89815,1,89815,1
78551,89815,1,89815,1
78551,89815,1,89815,1
78551,89815,1,89815,1
78551,89815,1,89815,1
78551,89815,1,89815,1
78551,89815,1,89815,1
78551,89815,1,89815,1
78551,89815,1,89815,1
78551,89815,1,89815,1
78551,89815,1,89815,1
78551,89815,1,89815,1
78551,89815,1,89815,1
78551,89815,1,89815,1
78551,89815,1,89815,1
78551,89815,1,89815,1
78551,89815,1,89815,1
78551,89815,1,89815,1
78551,89815,1,89815,1
78551,89815,1,89815,1
78551,89815,1,89815,1
78551,89815,1,89815,1
78551,89815,1,89815,1
78551,89815,1,89815,1
78551,89815,1,89815,1
78551,89815,1,89815,1
78551,89815,1,89815,1
78551,89815,1,89815,1
78551,89815,1,89815,1
78551,89815,1,89815,1
78551,89815,1,89815,1
78551,89815,1,89815,1
78551,89815,1,89815,1
78551,89815,1,89815,1
78551,89815,1,89815,1
78551,89815,1,89815,1
78551,89815,1,89815,1
78551,89815,1,89815,1
78551,89815,1,89815,1
78551,89815,1,89815,1
78551,89815,1,89815,1
78551,89815,1,89815,1
78551,89815,1,89815,1
78551,89815,1,89815,1
78551,89815,1,89815,1
78551,89815,1,89815,1
78551,89815,1,89815,1
78551,89815,1,89815,1
78551,89815,1,89815,1
78551,89815,1,89815,1
78551,89815,1,89815,1
78551,89815,1,89815,1
78551,89815,1,89815,1
78551,89815,1,89815,1
78551,89815,1,89815,1
78551,89815,1,89837,1
78551,89837,1,89837,1
78551,89837,1,89837,1
78551,89837,1,89837,1
78551,89837,1,89837,1
78551,89837,1,89837,1
78551,89837,1,89837,1
78551,89837,1,89837,1
78551,89837,1,89837,1
78551,89837,1,89837,1
78551,89837,1,89837,1
78551,89837,1,89837,1
78551,89837,1,89837,1
78551,89837,1,89837,1
78551,89837,1,89837,1
78551,89837,1,89837,1
78551,89837,1,89837,1
78551,89837,1,89837,1
78551,89837,1,89837,1
78551,89837,1,89837,1
78551,89837,1,89837,1
78551,89837,1,89837,1
78551,89837,1,89837,1
78551,89837,1,89837,1
78551,89837,1,89837,1
78551,89837,1,89837,1
78551,89837,1,89837,1
78551,89837,1,89837,1
78551,89837,1,89837,1
78551,89837,1,89837,1
78551,89837,1,89837,1
78551,89837,1,89837,1
78551,89837,1,89837,1
78551,89837,1,89837,1
78551,89837,1,89837,1
78551,89837,1,89837,1
78551,89837,1,89837,1
78551,89837,1,89837,1
78551,89837,1,89837,1
78551,89837,1,89837,1
78551,89837,1,89837,1
78551,89837,1,89837,1
78551,89837,1,89837,1
78551,89837,1,89837,1
78551,89837,1,89793,0
78551,89793,0,89793,0
78551,89793,0,89793,0
78551,89793,0,89793,0
78551,89793,0,89793,0
78551,89793,0,89793,0
78551,89793,0,89793,0
78551,89793,0,89793,0
78551,89793,0,89793,0
78551,89793,0,89793,0
78551,89793,0,89793,0
78551,89793,0,89793,0
78551,89793,0,89793,0
78551,89793,0,89793,0
78551,89793,0,89793,0
78551,89793,0,89793,0
78551,89793,0,89793,0
78551,89793,0,89793,0
78551,89793,0,89793,0
78551,89793,0,89793,0
78551,89793,0,89793,0
78551,89793,0,89793,0
78551,89793,0,89793,0
78551,89793,0,89793,0
78551,89793,0,89793,0
78551,89793,0,89793,0
78551,89793,0,89793,0
78551,89793,0,89793,0
78551,89793,0,89793,0
78551,89793,0,89793,0
78551,89793,0,89793,0
78551,89793,0,89793,0
78551,89793,0,89793,0
78551,89793,0,89793,0
78551,89793,0,89793,0
78551,89793,0,89793,0
78551,89793,0,89793,0
78551,89793,0,89793,0
78551,89793,0,89793,0
78551,89793,0,89793,0
78551,89793,0,89793,0
78551,89793,0,89793,0
78551,89793,0,89793,0
78551,89793,0,89793,0
78551,89793,0,173946,1
78551,173946,1,173894,1
78551,173894,1,173977,1
78551,173977,1,173954,1
78551,173954,1,91666,1
78551,91666,1,91666,1
78551,91666,1,91666,1
78551,91666,1,91666,1
78551,91666,1,91666,1
78551,91666,1,91666,1
78551,91666,1,91666,1
78551,91666,1,91666,1
78551,91666,1,91666,1
78551,91666,1,91666,1
78551,91666,1,91666,1
78551,91666,1,91666,1
78551,91666,1,91666,1
78551,91666,1,91666,1
78551,91666,1,91666,1
78551,91666,1,91666,1
78551,91666,1,91666,1
78551,91666,1,91666,1
78551,91666,1,91666,1
78551,91666,1,91666,1
78551,91666,1,91666,1
78551,91666,1,91666,1
78551,91666,1,91666,1
78551,91666,1,91666,1
78551,91666,1,91666,1
78551,91666,1,91666,1
78551,91666,1,91666,1
78551,91666,1,91666,1
78551,91666,1,91666,1
78551,91666,1,91666,1
78551,91666,1,91666,1
78551,91666,1,91666,1
78551,91666,1,91666,1
78551,91666,1,91666,1
78551,91666,1,91666,1
78551,91666,1,91666,1
78551,91666,1,91666,1
78551,91666,1,91666,1
78551,91666,1,91666,1
78551,91666,1,91666,1
78551,91666,1,91666,1
78551,91666,1,91666,1
78551,91666,1,91666,1
78551,91666,1,91666,1
78551,91666,1,91665,1
78551,91665,1,91665,1
78551,91665,1,91665,1
78551,91665,1,91665,1
78551,91665,1,91665,1
78551,91665,1,91665,1
78551,91665,1,91665,1
78551,91665,1,91665,1
78551,91665,1,91665,1
78551,91665,1,91665,1
78551,91665,1,91665,1
78551,91665,1,91665,1
78551,91665,1,91665,1
78551,91665,1,91665,1
78551,91665,1,91665,1
78551,91665,1,91665,1
78551,91665,1,91665,1
78551,91665,1,91665,1
78551,91665,1,91665,1
78551,91665,1,91665,1
78551,91665,1,91665,1
78551,91665,1,91665,1
78551,91665,1,91665,1
78551,91665,1,91665,1
78551,91665,1,91665,1
78551,91665,1,91665,1
78551,91665,1,91665,1
78551,91665,1,91665,1
78551,91665,1,91665,1
78551,91665,1,91665,1
78551,91665,1,91665,1
78551,91665,1,91665,1
78551,91665,1,91665,1
78551,91665,1,91665,1
78551,91665,1,91665,1
78551,91665,1,91665,1
78551,91665,1,91665,1
78551,91665,1,91665,1
78551,91665,1,91665,1
78551,91665,1,91665,1
78551,91665,1,91665,1
78551,91665,1,91665,1
78551,91665,1,91665,1
78551,91665,1,91665,1
78551,91665,1,91662,1
78551,91662,1,91662,1
78551,91662,1,91662,1
78551,91662,1,91662,1
78551,91662,1,91662,1
78551,91662,1,91662,1
78551,91662,1,91662,1
78551,91662,1,91662,1
78551,91662,1,91662,1
78551,91662,1,91662,1
78551,91662,1,91662,1
78551,91662,1,91662,1
78551,91662,1,91662,1
78551,91662,1,91662,1
78551,91662,1,91662,1
78551,91662,1,91662,1
78551,91662,1,91662,1
78551,91662,1,91662,1
78551,91662,1,91662,1
78551,91662,1,91662,1
78551,91662,1,91662,1
78551,91662,1,91662,1
78551,91662,1,91662,1
78551,91662,1,91662,1
78551,91662,1,91662,1
78551,91662,1,91662,1
78551,91662,1,91662,1
78551,91662,1,91662,1
78551,91662,1,91662,1
78551,91662,1,91662,1
78551,91662,1,91662,1
78551,91662,1,91662,1
78551,91662,1,91662,1
78551,91662,1,91662,1
78551,91662,1,91662,1
78551,91662,1,91662,1
78551,91662,1,91662,1
78551,91662,1,91662,1
78551,91662,1,91662,1
78551,91662,1,91662,1
78551,91662,1,91662,1
78551,91662,1,91662,1
78551,91662,1,91662,1
78551,91662,1,91662,1
78551,91662,1,91651,1
78551,91651,1,91651,1
78551,91651,1,91651,1
78551,91651,1,91651,1
78551,91651,1,91651,1
78551,91651,1,91651,1
78551,91651,1,91651,1
78551,91651,1,91651,1
78551,91651,1,91651,1
78551,91651,1,91651,1
78551,91651,1,91651,1
78551,91651,1,91651,1
78551,91651,1,91651,1
78551,91651,1,91651,1
78551,91651,1,91651,1
78551,91651,1,91651,1
78551,91651,1,91651,1
78551,91651,1,91651,1
78551,91651,1,91651,1
78551,91651,1,91651,1
78551,91651,1,91651,1
78551,91651,1,91651,1
78551,91651,1,91651,1
78551,91651,1,91651,1
78551,91651,1,91651,1
78551,91651,1,91651,1
78551,91651,1,91651,1
78551,91651,1,91651,1
78551,91651,1,91651,1
78551,91651,1,91651,1
78551,91651,1,91651,1
78551,91651,1,91651,1
78551,91651,1,91651,1
78551,91651,1,91651,1
78551,91651,1,91651,1
78551,91651,1,91651,1
78551,91651,1,91651,1
78551,91651,1,91651,1
78551,91651,1,91651,1
78551,91651,1,91651,1
78551,91651,1,91651,1
78551,91651,1,91651,1
78551,91651,1,91651,1
78551,91651,1,91651,1
78552,93232,1,93232,1
78552,93232,1,93232,1
78552,93232,1,93232,1
78552,93232,1,93232,1
78552,93232,1,93232,1
78552,93232,1,93232,1
78552,93232,1,93232,1
78552,93232,1,93232,1
78552,93232,1,93232,1
78552,93232,1,93232,1
78552,93232,1,93232,1
78552,93232,1,93232,1
78552,93232,1,93232,1
78552,93232,1,93232,1
78552,93232,1,93232,1
78552,93232,1,93232,1
78552,93232,1,93232,1
78552,93232,1,93232,1
78552,93232,1,93232,1
78552,93232,1,93232,1
78552,93232,1,93232,1
78552,93232,1,93232,1
78552,93232,1,93232,1
78552,93232,1,93232,1
78552,93232,1,93232,1
78552,93232,1,93232,1
78552,93232,1,93232,1
78552,93232,1,93232,1
78552,93232,1,93232,1
78552,93232,1,93232,1
78552,93232,1,93232,1
78552,93232,1,93232,1
78552,93232,1,93232,1
78552,93232,1,93232,1
78552,93232,1,93232,1
78552,93232,1,93232,1
78552,93232,1,93232,1
78552,93232,1,93232,1
78552,93232,1,93232,1
78552,93232,1,93232,1
78552,93232,1,93232,1
78552,93232,1,93232,1
78552,93232,1,93232,1
78552,93232,1,93232,1
78552,93232,1,93232,1
78552,93232,1,93181,0
78552,93181,0,93181,0
78552,93181,0,93181,0
78552,93181,0,93181,0
78552,93181,0,93181,0
78552,93181,0,93181,0
78552,93181,0,93181,0
78552,93181,0,93181,0
78552,93181,0,93181,0
78552,93181,0,93181,0
78552,93181,0,93181,0
78552,93181,0,93181,0
78552,93181,0,93181,0
78552,93181,0,93181,0
78552,93181,0,93181,0
78552,93181,0,93181,0
78552,93181,0,93181,0
78552,93181,0,93181,0
78552,93181,0,93181,0
78552,93181,0,93181,0
78552,93181,0,93181,0
78552,93181,0,93181,0
78552,93181,0,93181,0
78552,93181,0,93181,0
78552,93181,0,93181,0
78552,93181,0,93181,0
78552,93181,0,93181,0
78552,93181,0,93181,0
78552,93181,0,93181,0
78552,93181,0,93181,0
78552,93181,0,93181,0
78552,93181,0,93181,0
78552,93181,0,93181,0
78552,93181,0,93181,0
78552,93181,0,93181,0
78552,93181,0,93181,0
78552,93181,0,93181,0
78552,93181,0,93181,0
78552,93181,0,93181,0
78552,93181,0,93181,0
78552,93181,0,93181,0
78552,93181,0,93181,0
78552,93181,0,93181,0
78552,93181,0,93181,0
78552,93181,0,93181,0
78552,93181,0,93181,0
78552,93181,0,93207,1
78552,93207,1,93207,1
78552,93207,1,93207,1
78552,93207,1,93207,1
78552,93207,1,93207,1
78552,93207,1,93207,1
78552,93207,1,93207,1
78552,93207,1,93207,1
78552,93207,1,93207,1
78552,93207,1,93207,1
78552,93207,1,93207,1
78552,93207,1,93207,1
78552,93207,1,93207,1
78552,93207,1,93207,1
78552,93207,1,93207,1
78552,93207,1,93207,1
78552,93207,1,93207,1
78552,93207,1,93207,1
78552,93207,1,93207,1
78552,93207,1,93207,1
78552,93207,1,93207,1
78552,93207,1,93207,1
78552,93207,1,93207,1
78552,93207,1,93207,1
78552,93207,1,93207,1
78552,93207,1,93207,1
78552,93207,1,93207,1
78552,93207,1,93207,1
78552,93207,1,93207,1
78552,93207,1,93207,1
78552,93207,1,93207,1
78552,93207,1,93207,1
78552,93207,1,93207,1
78552,93207,1,93207,1
78552,93207,1,93207,1
78552,93207,1,93207,1
78552,93207,1,93207,1
78552,93207,1,93207,1
78552,93207,1,93207,1
78552,93207,1,93207,1
78552,93207,1,93207,1
78552,93207,1,93207,1
78552,93207,1,93207,1
78552,93207,1,93207,1
78552,93207,1,93207,1
78552,93207,1,93207,1
78552,93207,1,93228,1
78552,93228,1,93228,1
78552,93228,1,93228,1
78552,93228,1,93228,1
78552,93228,1,93228,1
78552,93228,1,93228,1
78552,93228,1,93228,1
78552,93228,1,93228,1
78552,93228,1,93228,1
78552,93228,1,93228,1
78552,93228,1,93228,1
78552,93228,1,93228,1
78552,93228,1,93228,1
78552,93228,1,93228,1
78552,93228,1,93228,1
78552,93228,1,93228,1
78552,93228,1,93228,1
78552,93228,1,93228,1
78552,93228,1,93228,1
78552,93228,1,93228,1
78552,93228,1,93228,1
78552,93228,1,93228,1
78552,93228,1,93228,1
78552,93228,1,93228,1
78552,93228,1,93228,1
78552,93228,1,93228,1
78552,93228,1,93228,1
78552,93228,1,93228,1
78552,93228,1,93228,1
78552,93228,1,93228,1
78552,93228,1,93228,1
78552,93228,1,93228,1
78552,93228,1,93228,1
78552,93228,1,93228,1
78552,93228,1,93228,1
78552,93228,1,93228,1
78552,93228,1,93228,1
78552,93228,1,93228,1
78552,93228,1,93228,1
78552,93228,1,93228,1
78552,93228,1,93228,1
78552,93228,1,93228,1
78552,93228,1,93228,1
78552,93228,1,93228,1
78552,93228,1,93228,1
78552,93228,1,93228,1
78552,93228,1,93209,1
78552,93209,1,93209,1
78552,93209,1,93209,1
78552,93209,1,93209,1
78552,93209,1,93209,1
78552,93209,1,93209,1
78552,93209,1,93209,1
78552,93209,1,93209,1
78552,93209,1,93209,1
78552,93209,1,93209,1
78552,93209,1,93209,1
78552,93209,1,93209,1
78552,93209,1,93209,1
78552,93209,1,93209,1
78552,93209,1,93209,1
78552,93209,1,93209,1
78552,93209,1,93209,1
78552,93209,1,93209,1
78552,93209,1,93209,1
78552,93209,1,93209,1
78552,93209,1,93209,1
78552,93209,1,93209,1
78552,93209,1,93209,1
78552,93209,1,93209,1
78552,93209,1,93209,1
78552,93209,1,93209,1
78552,93209,1,93209,1
78552,93209,1,93209,1
78552,93209,1,93209,1
78552,93209,1,93209,1
78552,93209,1,93209,1
78552,93209,1,93209,1
78552,93209,1,93209,1
78552,93209,1,93209,1
78552,93209,1,93209,1
78552,93209,1,93209,1
78552,93209,1,93209,1
78552,93209,1,93209,1
78552,93209,1,93209,1
78552,93209,1,93209,1
78552,93209,1,93209,1
78552,93209,1,93209,1
78552,93209,1,93209,1
78552,93209,1,93209,1
78552,93209,1,93209,1
78552,93209,1,93209,1
78552,93209,1,93210,1
78552,93210,1,93210,1
78552,93210,1,93210,1
78552,93210,1,93210,1
78552,93210,1,93210,1
78552,93210,1,93210,1
78552,93210,1,93210,1
78552,93210,1,93210,1
78552,93210,1,93210,1
78552,93210,1,93210,1
78552,93210,1,93210,1
78552,93210,1,93210,1
78552,93210,1,93210,1
78552,93210,1,93210,1
78552,93210,1,93210,1
78552,93210,1,93210,1
78552,93210,1,93210,1
78552,93210,1,93210,1
78552,93210,1,93210,1
78552,93210,1,93210,1
78552,93210,1,93210,1
78552,93210,1,93210,1
78552,93210,1,93210,1
78552,93210,1,93210,1
78552,93210,1,93210,1
78552,93210,1,93210,1
78552,93210,1,93210,1
78552,93210,1,93210,1
78552,93210,1,93210,1
78552,93210,1,93210,1
78552,93210,1,93210,1
78552,93210,1,93210,1
78552,93210,1,93210,1
78552,93210,1,93210,1
78552,93210,1,93210,1
78552,93210,1,93210,1
78552,93210,1,93210,1
78552,93210,1,93210,1
78552,93210,1,93210,1
78552,93210,1,93210,1
78552,93210,1,93210,1
78552,93210,1,93210,1
78552,93210,1,93210,1
78552,93210,1,84705,0
78552,84705,0,84705,0
78552,84705,0,84705,0
78552,84705,0,84705,0
78552,84705,0,84705,0
78552,84705,0,84705,0
78552,84705,0,84705,0
78552,84705,0,84705,0
78552,84705,0,84705,0
78552,84705,0,84705,0
78552,84705,0,84705,0
78552,84705,0,84705,0
78552,84705,0,84705,0
78552,84705,0,84705,0
78552,84705,0,84705,0
78552,84705,0,84705,0
78552,84705,0,84705,0
78552,84705,0,84705,0
78552,84705,0,84705,0
78552,84705,0,84705,0
78552,84705,0,84705,0
78552,84705,0,84705,0
78552,84705,0,84705,0
78552,84705,0,84705,0
78552,84705,0,84705,0
78552,84705,0,84705,0
78552,84705,0,84705,0
78552,84705,0,84705,0
78552,84705,0,84705,0
78552,84705,0,84705,0
78552,84705,0,84705,0
78552,84705,0,84705,0
78552,84705,0,84705,0
78552,84705,0,84705,0
78552,84705,0,84705,0
78552,84705,0,84705,0
78552,84705,0,84705,0
78552,84705,0,84705,0
78552,84705,0,84705,0
78552,84705,0,84705,0
78552,84705,0,84705,0
78552,84705,0,84705,0
78552,84705,0,84705,0
78552,84705,0,84705,0
78552,84705,0,84705,0
78552,84705,0,84705,0
78552,84705,0,84620,1
78552,84620,1,84620,1
78552,84620,1,84620,1
78552,84620,1,84620,1
78552,84620,1,84620,1
78552,84620,1,84620,1
78552,84620,1,84620,1
78552,84620,1,84620,1
78552,84620,1,84620,1
78552,84620,1,84620,1
78552,84620,1,84620,1
78552,84620,1,84620,1
78552,84620,1,84620,1
78552,84620,1,84620,1
78552,84620,1,84620,1
78552,84620,1,84620,1
78552,84620,1,84620,1
78552,84620,1,84620,1
78552,84620,1,84620,1
78552,84620,1,84620,1
78552,84620,1,84620,1
78552,84620,1,84620,1
78552,84620,1,84620,1
78552,84620,1,84620,1
78552,84620,1,84620,1
78552,84620,1,84620,1
78552,84620,1,84620,1
78552,84620,1,84620,1
78552,84620,1,84620,1
78552,84620,1,84620,1
78552,84620,1,84620,1
78552,84620,1,84620,1
78552,84620,1,84620,1
78552,84620,1,84620,1
78552,84620,1,84620,1
78552,84620,1,84620,1
78552,84620,1,84620,1
78552,84620,1,84620,1
78552,84620,1,84620,1
78552,84620,1,84620,1
78552,84620,1,84620,1
78552,84620,1,84620,1
78552,84620,1,84620,1
78552,84620,1,84620,1
78552,84620,1,84620,1
78552,84620,1,84620,1
78552,84620,1,85675,1
78552,85675,1,85675,1
78552,85675,1,85675,1
78552,85675,1,85675,1
78552,85675,1,85675,1
78552,85675,1,85675,1
78552,85675,1,85675,1
78552,85675,1,85675,1
78552,85675,1,85675,1
78552,85675,1,85675,1
78552,85675,1,85675,1
78552,85675,1,85675,1
78552,85675,1,85675,1
78552,85675,1,85675,1
78552,85675,1,85675,1
78552,85675,1,85675,1
78552,85675,1,85675,1
78552,85675,1,85675,1
78552,85675,1,85675,1
78552,85675,1,85675,1
78552,85675,1,85675,1
78552,85675,1,85675,1
78552,85675,1,85675,1
78552,85675,1,85675,1
78552,85675,1,85675,1
78552,85675,1,85675,1
78552,85675,1,85675,1
78552,85675,1,85675,1
78552,85675,1,85675,1
78552,85675,1,85675,1
78552,85675,1,85675,1
78552,85675,1,85675,1
78552,85675,1,85675,1
78552,85675,1,85675,1
78552,85675,1,85675,1
78552,85675,1,85675,1
78552,85675,1,85675,1
78552,85675,1,85675,1
78552,85675,1,85675,1
78552,85675,1,85675,1
78552,85675,1,85675,1
78552,85675,1,85675,1
78552,85675,1,85675,1
78552,85675,1,85675,1
78552,85675,1,85675,1
78552,85675,1,85675,1
78552,85675,1,85677,1
78552,85677,1,85677,1
78552,85677,1,85677,1
78552,85677,1,85677,1
78552,85677,1,85677,1
78552,85677,1,85677,1
78552,85677,1,85677,1
78552,85677,1,85677,1
78552,85677,1,85677,1
78552,85677,1,85677,1
78552,85677,1,85677,1
78552,85677,1,85677,1
78552,85677,1,85677,1
78552,85677,1,85677,1
78552,85677,1,85677,1
78552,85677,1,85677,1
78552,85677,1,85677,1
78552,85677,1,85677,1
78552,85677,1,85677,1
78552,85677,1,85677,1
78552,85677,1,85677,1
78552,85677,1,85677,1
78552,85677,1,85677,1
78552,85677,1,85677,1
78552,85677,1,85677,1
78552,85677,1,85677,1
78552,85677,1,85677,1
78552,85677,1,85677,1
78552,85677,1,85677,1
78552,85677,1,85677,1
78552,85677,1,85677,1
78552,85677,1,85677,1
78552,85677,1,85677,1
78552,85677,1,85677,1
78552,85677,1,85677,1
78552,85677,1,85677,1
78552,85677,1,85677,1
78552,85677,1,85677,1
78552,85677,1,85677,1
78552,85677,1,85677,1
78552,85677,1,85677,1
78552,85677,1,85677,1
78552,85677,1,85677,1
78552,85677,1,85677,1
78552,85677,1,85677,1
78552,85677,1,85677,1
78552,85677,1,86096,1
78552,86096,1,86096,1
78552,86096,1,86096,1
78552,86096,1,86096,1
78552,86096,1,86096,1
78552,86096,1,86096,1
78552,86096,1,86096,1
78552,86096,1,86096,1
78552,86096,1,86096,1
78552,86096,1,86096,1
78552,86096,1,86096,1
78552,86096,1,86096,1
78552,86096,1,86096,1
78552,86096,1,86096,1
78552,86096,1,86096,1
78552,86096,1,86096,1
78552,86096,1,86096,1
78552,86096,1,86096,1
78552,86096,1,86096,1
78552,86096,1,86096,1
78552,86096,1,86096,1
78552,86096,1,86096,1
78552,86096,1,86096,1
78552,86096,1,86096,1
78552,86096,1,86096,1
78552,86096,1,86096,1
78552,86096,1,86096,1
78552,86096,1,86096,1
78552,86096,1,86096,1
78552,86096,1,86096,1
78552,86096,1,86096,1
78552,86096,1,86096,1
78552,86096,1,86096,1
78552,86096,1,86096,1
78552,86096,1,86096,1
78552,86096,1,86096,1
78552,86096,1,86096,1
78552,86096,1,86096,1
78552,86096,1,86096,1
78552,86096,1,86096,1
78552,86096,1,86096,1
78552,86096,1,86096,1
78552,86096,1,86096,1
78552,86096,1,89235,1
78552,89235,1,89235,1
78552,89235,1,89235,1
78552,89235,1,89235,1
78552,89235,1,89235,1
78552,89235,1,89235,1
78552,89235,1,89235,1
78552,89235,1,89235,1
78552,89235,1,89235,1
78552,89235,1,89235,1
78552,89235,1,89235,1
78552,89235,1,89235,1
78552,89235,1,89235,1
78552,89235,1,89235,1
78552,89235,1,89235,1
78552,89235,1,89235,1
78552,89235,1,89235,1
78552,89235,1,89235,1
78552,89235,1,89235,1
78552,89235,1,89235,1
78552,89235,1,89235,1
78552,89235,1,89235,1
78552,89235,1,89235,1
78552,89235,1,89235,1
78552,89235,1,89235,1
78552,89235,1,89235,1
78552,89235,1,89235,1
78552,89235,1,89235,1
78552,89235,1,89235,1
78552,89235,1,89235,1
78552,89235,1,89235,1
78552,89235,1,89235,1
78552,89235,1,89235,1
78552,89235,1,89235,1
78552,89235,1,89235,1
78552,89235,1,89235,1
78552,89235,1,89235,1
78552,89235,1,89235,1
78552,89235,1,89235,1
78552,89235,1,89235,1
78552,89235,1,89235,1
78552,89235,1,89235,1
78552,89235,1,89235,1
78552,89235,1,89235,1
78552,89235,1,89235,1
78552,89235,1,89235,1
78552,89235,1,89235,1
78552,89235,1,89235,1
78552,89235,1,89235,1
78552,89235,1,89235,1
78552,89235,1,89235,1
78552,89235,1,89235,1
78552,89235,1,89235,1
78552,89235,1,89235,1
78552,89235,1,89235,1
78552,89235,1,89235,1
78552,89235,1,89235,1
78552,89235,1,89235,1
78552,89235,1,89235,1
78552,89235,1,89235,1
78552,89235,1,89235,1
78552,89235,1,89235,1
78552,89235,1,89235,1
78552,89235,1,89235,1
78552,89235,1,89235,1
78552,89235,1,89235,1
78552,89235,1,89235,1
78552,89235,1,89235,1
78552,89235,1,89235,1
78552,89235,1,89235,1
78552,89235,1,89235,1
78552,89235,1,89235,1
78552,89235,1,89235,1
78552,89235,1,89235,1
78552,89235,1,89235,1
78552,89235,1,89235,1
78552,89235,1,89235,1
78552,89235,1,89235,1
78552,89235,1,89235,1
78552,89235,1,89235,1
78552,89235,1,89235,1
78552,89235,1,89235,1
78552,89235,1,89235,1
78552,89235,1,89235,1
78552,89235,1,89235,1
78552,89235,1,89235,1
78552,89235,1,89235,1
78552,89235,1,89235,1
78552,89235,1,89235,1
78552,89235,1,89235,1
78552,89235,1,89235,1
78552,89235,1,89235,1
78552,89235,1,89235,1
78552,89235,1,89235,1
78552,89235,1,89235,1
78552,89235,1,89235,1
78552,89235,1,89235,1
78552,89235,1,91362,1
78552,91362,1,91362,1
78552,91362,1,91362,1
78552,91362,1,91362,1
78552,91362,1,91362,1
78552,91362,1,91362,1
78552,91362,1,91362,1
78552,91362,1,91362,1
78552,91362,1,91362,1
78552,91362,1,91362,1
78552,91362,1,91362,1
78552,91362,1,91362,1
78552,91362,1,91362,1
78552,91362,1,91362,1
78552,91362,1,91362,1
78552,91362,1,91362,1
78552,91362,1,91362,1
78552,91362,1,91362,1
78552,91362,1,91362,1
78552,91362,1,91362,1
78552,91362,1,91362,1
78552,91362,1,91362,1
78552,91362,1,91362,1
78552,91362,1,91362,1
78552,91362,1,91362,1
78552,91362,1,91362,1
78552,91362,1,91362,1
78552,91362,1,91362,1
78552,91362,1,91362,1
78552,91362,1,91362,1
78552,91362,1,91362,1
78552,91362,1,91362,1
78552,91362,1,91362,1
78552,91362,1,91362,1
78552,91362,1,91362,1
78552,91362,1,91362,1
78552,91362,1,91362,1
78552,91362,1,91362,1
78552,91362,1,91362,1
78552,91362,1,91362,1
78552,91362,1,91362,1
78552,91362,1,91362,1
78552,91362,1,91362,1
78552,91362,1,91362,1
78552,91362,1,91362,1
78552,91362,1,91362,1
78552,91362,1,91362,1
78552,91362,1,89271,1
78552,89271,1,89271,1
78552,89271,1,89271,1
78552,89271,1,89271,1
78552,89271,1,89271,1
78552,89271,1,89271,1
78552,89271,1,89271,1
78552,89271,1,89271,1
78552,89271,1,89271,1
78552,89271,1,89271,1
78552,89271,1,89271,1
78552,89271,1,89271,1
78552,89271,1,89271,1
78552,89271,1,89271,1
78552,89271,1,89271,1
78552,89271,1,89271,1
78552,89271,1,89271,1
78552,89271,1,89271,1
78552,89271,1,89271,1
78552,89271,1,89271,1
78552,89271,1,89271,1
78552,89271,1,89271,1
78552,89271,1,89271,1
78552,89271,1,89271,1
78552,89271,1,89271,1
78552,89271,1,89271,1
78552,89271,1,89271,1
78552,89271,1,89271,1
78552,89271,1,89271,1
78552,89271,1,89271,1
78552,89271,1,89271,1
78552,89271,1,89271,1
78552,89271,1,89271,1
78552,89271,1,89271,1
78552,89271,1,89271,1
78552,89271,1,89271,1
78552,89271,1,89271,1
78552,89271,1,89271,1
78552,89271,1,89271,1
78552,89271,1,89271,1
78552,89271,1,89271,1
78552,89271,1,89271,1
78552,89271,1,89271,1
78552,89271,1,89271,1
78552,89271,1,89271,1
78552,89271,1,89271,1
78552,89271,1,89271,1
78552,89271,1,91386,1
78552,91386,1,91386,1
78552,91386,1,91386,1
78552,91386,1,91386,1
78552,91386,1,91386,1
78552,91386,1,91386,1
78552,91386,1,91386,1
78552,91386,1,91386,1
78552,91386,1,91386,1
78552,91386,1,91386,1
78552,91386,1,91386,1
78552,91386,1,91386,1
78552,91386,1,91386,1
78552,91386,1,91386,1
78552,91386,1,91386,1
78552,91386,1,91386,1
78552,91386,1,91386,1
78552,91386,1,91386,1
78552,91386,1,91386,1
78552,91386,1,91386,1
78552,91386,1,91386,1
78552,91386,1,91386,1
78552,91386,1,91386,1
78552,91386,1,91386,1
78552,91386,1,91386,1
78552,91386,1,91386,1
78552,91386,1,91386,1
78552,91386,1,91386,1
78552,91386,1,91386,1
78552,91386,1,91386,1
78552,91386,1,91386,1
78552,91386,1,91386,1
78552,91386,1,91386,1
78552,91386,1,91386,1
78552,91386,1,91386,1
78552,91386,1,91386,1
78552,91386,1,91386,1
78552,91386,1,91386,1
78552,91386,1,91386,1
78552,91386,1,91386,1
78552,91386,1,91386,1
78552,91386,1,91386,1
78552,91386,1,91386,1
78552,91386,1,91386,1
78552,91386,1,91386,1
78552,91386,1,91386,1
78552,91386,1,91386,1
78552,91386,1,91386,1
78552,91386,1,91386,1
78552,91386,1,91386,1
78552,91386,1,91386,1
78552,91386,1,91386,1
78552,91386,1,91386,1
78552,91386,1,91386,1
78552,91386,1,91386,1
78552,91386,1,91386,1
78552,91386,1,91386,1
78552,91386,1,91386,1
78552,91386,1,91386,1
78552,91386,1,91386,1
78552,91386,1,91386,1
78552,91386,1,91386,1
78552,91386,1,91386,1
78552,91386,1,91386,1
78552,91386,1,91386,1
78552,91386,1,91386,1
78552,91386,1,91386,1
78552,91386,1,91386,1
78552,91386,1,91386,1
78552,91386,1,91386,1
78552,91386,1,91386,1
78552,91386,1,91386,1
78552,91386,1,91386,1
78552,91386,1,91386,1
78552,91386,1,91386,1
78552,91386,1,91386,1
78552,91386,1,91386,1
78552,91386,1,91386,1
78552,91386,1,91386,1
78552,91386,1,91386,1
78552,91386,1,91386,1
78552,91386,1,91386,1
78552,91386,1,91386,1
78552,91386,1,91386,1
78552,91386,1,91386,1
78552,91386,1,91386,1
78552,91386,1,91386,1
78552,91386,1,91386,1
78552,91386,1,91386,1
78552,91386,1,91386,1
78552,91386,1,91386,1
78552,91386,1,91386,1
78552,91386,1,91386,1
78552,91386,1,91386,1
78552,91386,1,91386,1
78552,91386,1,91386,1
78552,91386,1,91386,1
78552,91386,1,89778,0
78552,89778,0,89778,0
78552,89778,0,89778,0
78552,89778,0,89778,0
78552,89778,0,89778,0
78552,89778,0,89778,0
78552,89778,0,89778,0
78552,89778,0,89778,0
78552,89778,0,89778,0
78552,89778,0,89778,0
78552,89778,0,89778,0
78552,89778,0,89778,0
78552,89778,0,89778,0
78552,89778,0,89778,0
78552,89778,0,89778,0
78552,89778,0,89778,0
78552,89778,0,89778,0
78552,89778,0,89778,0
78552,89778,0,89778,0
78552,89778,0,89778,0
78552,89778,0,89778,0
78552,89778,0,89778,0
78552,89778,0,89778,0
78552,89778,0,89778,0
78552,89778,0,89778,0
78552,89778,0,89778,0
78552,89778,0,89778,0
78552,89778,0,89778,0
78552,89778,0,89778,0
78552,89778,0,89778,0
78552,89778,0,89778,0
78552,89778,0,89778,0
78552,89778,0,89778,0
78552,89778,0,89778,0
78552,89778,0,89778,0
78552,89778,0,89778,0
78552,89778,0,89778,0
78552,89778,0,89778,0
78552,89778,0,89778,0
78552,89778,0,89778,0
78552,89778,0,89778,0
78552,89778,0,89778,0
78552,89778,0,89778,0
78552,89778,0,89778,0
78552,89778,0,89778,0
78552,89778,0,89778,0
78552,89778,0,89778,0
78552,89778,0,89778,0
78552,89778,0,89778,0
78552,89778,0,89778,0
78552,89778,0,89778,0
78552,89778,0,89778,0
78552,89778,0,89778,0
78552,89778,0,89778,0
78552,89778,0,89778,0
78552,89778,0,89778,0
78552,89778,0,89778,0
78552,89778,0,89778,0
78552,89778,0,89778,0
78552,89778,0,89778,0
78552,89778,0,89778,0
78552,89778,0,89778,0
78552,89778,0,89778,0
78552,89778,0,89778,0
78552,89778,0,89778,0
78552,89778,0,89778,0
78552,89778,0,89778,0
78552,89778,0,89778,0
78552,89778,0,89778,0
78552,89778,0,89778,0
78552,89778,0,89778,0
78552,89778,0,89778,0
78552,89778,0,89778,0
78552,89778,0,89778,0
78552,89778,0,89778,0
78552,89778,0,89778,0
78552,89778,0,89778,0
78552,89778,0,89778,0
78552,89778,0,89778,0
78552,89778,0,89778,0
78552,89778,0,89778,0
78552,89778,0,89778,0
78552,89778,0,89778,0
78552,89778,0,89778,0
78552,89778,0,89778,0
78552,89778,0,89778,0
78552,89778,0,89778,0
78552,89778,0,89778,0
78552,89778,0,89778,0
78552,89778,0,89778,0
78552,89778,0,89778,0
78552,89778,0,89778,0
78552,89778,0,89778,0
78552,89778,0,91638,1
78552,91638,1,91638,1
78552,91638,1,91638,1
78552,91638,1,91638,1
78552,91638,1,91638,1
78552,91638,1,91638,1
78552,91638,1,91638,1
78552,91638,1,91638,1
78552,91638,1,91638,1
78552,91638,1,91638,1
78552,91638,1,91638,1
78552,91638,1,91638,1
78552,91638,1,91638,1
78552,91638,1,91638,1
78552,91638,1,91638,1
78552,91638,1,91638,1
78552,91638,1,91638,1
78552,91638,1,91638,1
78552,91638,1,91638,1
78552,91638,1,91638,1
78552,91638,1,91638,1
78552,91638,1,91638,1
78552,91638,1,91638,1
78552,91638,1,91638,1
78552,91638,1,91638,1
78552,91638,1,91638,1
78552,91638,1,91638,1
78552,91638,1,91638,1
78552,91638,1,91638,1
78552,91638,1,91638,1
78552,91638,1,91638,1
78552,91638,1,91638,1
78552,91638,1,91638,1
78552,91638,1,91638,1
78552,91638,1,91638,1
78552,91638,1,91638,1
78552,91638,1,91638,1
78552,91638,1,91638,1
78552,91638,1,91638,1
78552,91638,1,91638,1
78552,91638,1,91638,1
78552,91638,1,91638,1
78552,91638,1,91638,1
78552,91638,1,91638,1
78552,91638,1,91638,1
78552,91638,1,91638,1
78552,91638,1,91638,1
78552,91638,1,91638,1
78552,91638,1,91638,1
78552,91638,1,91638,1
78552,91638,1,91638,1
78552,91638,1,91638,1
78552,91638,1,91638,1
78552,91638,1,91638,1
78552,91638,1,91638,1
78552,91638,1,91638,1
78552,91638,1,91638,1
78552,91638,1,91638,1
78552,91638,1,91638,1
78552,91638,1,91638,1
78552,91638,1,91638,1
78552,91638,1,91638,1
78552,91638,1,91638,1
78552,91638,1,91638,1
78552,91638,1,91638,1
78552,91638,1,91638,1
78552,91638,1,91638,1
78552,91638,1,91638,1
78552,91638,1,91638,1
78552,91638,1,91638,1
78552,91638,1,91638,1
78552,91638,1,91638,1
78552,91638,1,91638,1
78552,91638,1,91638,1
78552,91638,1,91638,1
78552,91638,1,91638,1
78552,91638,1,91638,1
78552,91638,1,91638,1
78552,91638,1,91638,1
78552,91638,1,91638,1
78552,91638,1,91638,1
78552,91638,1,91638,1
78552,91638,1,91638,1
78552,91638,1,91638,1
78552,91638,1,91638,1
78552,91638,1,91638,1
78552,91638,1,91638,1
78552,91638,1,91638,1
78552,91638,1,91638,1
78552,91638,1,91638,1
78552,91638,1,91638,1
78552,91638,1,91638,1
78552,91638,1,91638,1
78552,91638,1,89788,1
78552,89788,1,89788,1
78552,89788,1,89788,1
78552,89788,1,89788,1
78552,89788,1,89788,1
78552,89788,1,89788,1
78552,89788,1,89788,1
78552,89788,1,89788,1
78552,89788,1,89788,1
78552,89788,1,89788,1
78552,89788,1,89788,1
78552,89788,1,89788,1
78552,89788,1,89788,1
78552,89788,1,89788,1
78552,89788,1,89788,1
78552,89788,1,89788,1
78552,89788,1,89788,1
78552,89788,1,89788,1
78552,89788,1,89788,1
78552,89788,1,89788,1
78552,89788,1,89788,1
78552,89788,1,89788,1
78552,89788,1,89788,1
78552,89788,1,89788,1
78552,89788,1,89788,1
78552,89788,1,89788,1
78552,89788,1,89788,1
78552,89788,1,89788,1
78552,89788,1,89788,1
78552,89788,1,89788,1
78552,89788,1,89788,1
78552,89788,1,89788,1
78552,89788,1,89788,1
78552,89788,1,89788,1
78552,89788,1,89788,1
78552,89788,1,89788,1
78552,89788,1,89788,1
78552,89788,1,89788,1
78552,89788,1,89788,1
78552,89788,1,89788,1
78552,89788,1,89788,1
78552,89788,1,89788,1
78552,89788,1,89788,1
78552,89788,1,89788,1
78552,89788,1,89788,1
78552,89788,1,89788,1
78552,89788,1,89788,1
78552,89788,1,89788,1
78552,89788,1,89788,1
78552,89788,1,89788,1
78552,89788,1,89788,1
78552,89788,1,89788,1
78552,89788,1,89788,1
78552,89788,1,89788,1
78552,89788,1,89788,1
78552,89788,1,89788,1
78552,89788,1,89788,1
78552,89788,1,89788,1
78552,89788,1,89788,1
78552,89788,1,89788,1
78552,89788,1,89788,1
78552,89788,1,89788,1
78552,89788,1,89788,1
78552,89788,1,89788,1
78552,89788,1,89788,1
78552,89788,1,89788,1
78552,89788,1,89788,1
78552,89788,1,89788,1
78552,89788,1,89788,1
78552,89788,1,89788,1
78552,89788,1,89788,1
78552,89788,1,89788,1
78552,89788,1,89788,1
78552,89788,1,89788,1
78552,89788,1,89788,1
78552,89788,1,89788,1
78552,89788,1,89788,1
78552,89788,1,89788,1
78552,89788,1,89788,1
78552,89788,1,89788,1
78552,89788,1,89788,1
78552,89788,1,89788,1
78552,89788,1,89788,1
78552,89788,1,89788,1
78552,89788,1,89788,1
78552,89788,1,89788,1
78552,89788,1,89788,1
78552,89788,1,89788,1
78552,89788,1,89788,1
78552,89788,1,89788,1
78552,89788,1,89788,1
78552,89788,1,89788,1
78552,89788,1,89788,1
78552,89788,1,91640,1
78552,91640,1,91640,1
78552,91640,1,91640,1
78552,91640,1,91640,1
78552,91640,1,91640,1
78552,91640,1,91640,1
78552,91640,1,91640,1
78552,91640,1,91640,1
78552,91640,1,91640,1
78552,91640,1,91640,1
78552,91640,1,91640,1
78552,91640,1,91640,1
78552,91640,1,91640,1
78552,91640,1,91640,1
78552,91640,1,91640,1
78552,91640,1,91640,1
78552,91640,1,91640,1
78552,91640,1,91640,1
78552,91640,1,91640,1
78552,91640,1,91640,1
78552,91640,1,91640,1
78552,91640,1,91640,1
78552,91640,1,91640,1
78552,91640,1,91640,1
78552,91640,1,91640,1
78552,91640,1,91640,1
78552,91640,1,91640,1
78552,91640,1,91640,1
78552,91640,1,91640,1
78552,91640,1,91640,1
78552,91640,1,91640,1
78552,91640,1,91640,1
78552,91640,1,91640,1
78552,91640,1,91640,1
78552,91640,1,91640,1
78552,91640,1,91640,1
78552,91640,1,91640,1
78552,91640,1,91640,1
78552,91640,1,91640,1
78552,91640,1,91640,1
78552,91640,1,91640,1
78552,91640,1,91640,1
78552,91640,1,91640,1
78552,91640,1,91640,1
78552,91640,1,89841,1
78552,89841,1,89841,1
78552,89841,1,89841,1
78552,89841,1,89841,1
78552,89841,1,89841,1
78552,89841,1,89841,1
78552,89841,1,89841,1
78552,89841,1,89841,1
78552,89841,1,89841,1
78552,89841,1,89841,1
78552,89841,1,89841,1
78552,89841,1,89841,1
78552,89841,1,89841,1
78552,89841,1,89841,1
78552,89841,1,89841,1
78552,89841,1,89841,1
78552,89841,1,89841,1
78552,89841,1,89841,1
78552,89841,1,89841,1
78552,89841,1,89841,1
78552,89841,1,89841,1
78552,89841,1,89841,1
78552,89841,1,89841,1
78552,89841,1,89841,1
78552,89841,1,89841,1
78552,89841,1,89841,1
78552,89841,1,89841,1
78552,89841,1,89841,1
78552,89841,1,89841,1
78552,89841,1,89841,1
78552,89841,1,89841,1
78552,89841,1,89841,1
78552,89841,1,89841,1
78552,89841,1,89841,1
78552,89841,1,89841,1
78552,89841,1,89841,1
78552,89841,1,89841,1
78552,89841,1,89841,1
78552,89841,1,89841,1
78552,89841,1,89841,1
78552,89841,1,89841,1
78552,89841,1,89841,1
78552,89841,1,89841,1
78552,89841,1,89841,1
78552,89841,1,89841,1
78552,89841,1,89841,1
78552,89841,1,173907,1
78552,173907,1,173924,0
78552,173924,0,173911,1
78552,173911,1,173943,1
78552,173943,1,173923,1
78552,173923,1,173997,1
78552,173997,1,173995,0
78552,173995,0,174012,1
78552,174012,1,173972,1
78552,173972,1,173981,1
78552,173981,1,91650,1
78552,91650,1,91650,1
78552,91650,1,91650,1
78552,91650,1,91650,1
78552,91650,1,91650,1
78552,91650,1,91650,1
78552,91650,1,91650,1
78552,91650,1,91650,1
78552,91650,1,91650,1
78552,91650,1,91650,1
78552,91650,1,91650,1
78552,91650,1,91650,1
78552,91650,1,91650,1
78552,91650,1,91650,1
78552,91650,1,91650,1
78552,91650,1,91650,1
78552,91650,1,91650,1
78552,91650,1,91650,1
78552,91650,1,91650,1
78552,91650,1,91650,1
78552,91650,1,91650,1
78552,91650,1,91650,1
78552,91650,1,91650,1
78552,91650,1,91650,1
78552,91650,1,91650,1
78552,91650,1,91650,1
78552,91650,1,91650,1
78552,91650,1,91650,1
78552,91650,1,91650,1
78552,91650,1,91650,1
78552,91650,1,91650,1
78552,91650,1,91650,1
78552,91650,1,91650,1
78552,91650,1,91650,1
78552,91650,1,91650,1
78552,91650,1,91650,1
78552,91650,1,91650,1
78552,91650,1,91650,1
78552,91650,1,91650,1
78552,91650,1,91650,1
78552,91650,1,91650,1
78552,91650,1,91650,1
78552,91650,1,91650,1
78552,91650,1,91650,1
78552,91650,1,91650,1
78552,91650,1,91650,1
78552,91650,1,91650,1
78552,91650,1,91650,1
78552,91650,1,91650,1
78552,91650,1,91650,1
78552,91650,1,91650,1
78552,91650,1,91650,1
78552,91650,1,91650,1
78552,91650,1,91650,1
78552,91650,1,91650,1
78552,91650,1,91650,1
78552,91650,1,91650,1
78552,91650,1,91650,1
78552,91650,1,91650,1
78552,91650,1,91650,1
78552,91650,1,91650,1
78552,91650,1,91650,1
78552,91650,1,91650,1
78552,91650,1,91650,1
78552,91650,1,91650,1
78552,91650,1,91650,1
78552,91650,1,91650,1
78552,91650,1,91650,1
78552,91650,1,91650,1
78552,91650,1,91650,1
78552,91650,1,91650,1
78552,91650,1,91650,1
78552,91650,1,91650,1
78552,91650,1,91650,1
78552,91650,1,91650,1
78552,91650,1,91650,1
78552,91650,1,91650,1
78552,91650,1,91650,1
78552,91650,1,91650,1
78552,91650,1,91650,1
78552,91650,1,91650,1
78552,91650,1,91650,1
78552,91650,1,91650,1
78552,91650,1,91650,1
78552,91650,1,91650,1
78552,91650,1,91650,1
78552,91650,1,91650,1
78552,91650,1,91650,1
78552,91650,1,91650,1
78552,91650,1,91650,1
78552,91650,1,91650,1
78552,91650,1,91650,1
78552,91650,1,91650,1
78552,91650,1,91658,1
78552,91658,1,91658,1
78552,91658,1,91658,1
78552,91658,1,91658,1
78552,91658,1,91658,1
78552,91658,1,91658,1
78552,91658,1,91658,1
78552,91658,1,91658,1
78552,91658,1,91658,1
78552,91658,1,91658,1
78552,91658,1,91658,1
78552,91658,1,91658,1
78552,91658,1,91658,1
78552,91658,1,91658,1
78552,91658,1,91658,1
78552,91658,1,91658,1
78552,91658,1,91658,1
78552,91658,1,91658,1
78552,91658,1,91658,1
78552,91658,1,91658,1
78552,91658,1,91658,1
78552,91658,1,91658,1
78552,91658,1,91658,1
78552,91658,1,91658,1
78552,91658,1,91658,1
78552,91658,1,91658,1
78552,91658,1,91658,1
78552,91658,1,91658,1
78552,91658,1,91658,1
78552,91658,1,91658,1
78552,91658,1,91658,1
78552,91658,1,91658,1
78552,91658,1,91658,1
78552,91658,1,91658,1
78552,91658,1,91658,1
78552,91658,1,91658,1
78552,91658,1,91658,1
78552,91658,1,91658,1
78552,91658,1,91658,1
78552,91658,1,91658,1
78552,91658,1,91658,1
78552,91658,1,91658,1
78552,91658,1,91658,1
78552,91658,1,91658,1
78552,91658,1,91658,1
78552,91658,1,91658,1
78552,91658,1,91658,1
78552,91658,1,91658,1
78552,91658,1,91658,1
78552,91658,1,91658,1
78552,91658,1,91658,1
78552,91658,1,91658,1
78552,91658,1,91658,1
78552,91658,1,91658,1
78552,91658,1,91658,1
78552,91658,1,91658,1
78552,91658,1,91658,1
78552,91658,1,91658,1
78552,91658,1,91658,1
78552,91658,1,91658,1
78552,91658,1,91658,1
78552,91658,1,91658,1
78552,91658,1,91658,1
78552,91658,1,91658,1
78552,91658,1,91658,1
78552,91658,1,91658,1
78552,91658,1,91658,1
78552,91658,1,91658,1
78552,91658,1,91658,1
78552,91658,1,91658,1
78552,91658,1,91658,1
78552,91658,1,91658,1
78552,91658,1,91658,1
78552,91658,1,91658,1
78552,91658,1,91658,1
78552,91658,1,91658,1
78552,91658,1,91658,1
78552,91658,1,91658,1
78552,91658,1,91658,1
78552,91658,1,91658,1
78552,91658,1,91658,1
78552,91658,1,91658,1
78552,91658,1,91658,1
78552,91658,1,91658,1
78552,91658,1,91658,1
78552,91658,1,91658,1
78552,91658,1,91658,1
78552,91658,1,91658,1
78552,91658,1,91658,1
78552,91658,1,91658,1
78552,91658,1,91658,1
78552,91658,1,91658,1
78552,91658,1,91658,1
78553,93226,1,93226,1
78553,93226,1,93226,1
78553,93226,1,93226,1
78553,93226,1,93226,1
78553,93226,1,93226,1
78553,93226,1,93226,1
78553,93226,1,93226,1
78553,93226,1,93226,1
78553,93226,1,93226,1
78553,93226,1,93226,1
78553,93226,1,93226,1
78553,93226,1,93226,1
78553,93226,1,93226,1
78553,93226,1,93226,1
78553,93226,1,93226,1
78553,93226,1,93226,1
78553,93226,1,93226,1
78553,93226,1,93226,1
78553,93226,1,93226,1
78553,93226,1,93226,1
78553,93226,1,93226,1
78553,93226,1,93226,1
78553,93226,1,93226,1
78553,93226,1,93226,1
78553,93226,1,93226,1
78553,93226,1,93226,1
78553,93226,1,93226,1
78553,93226,1,93226,1
78553,93226,1,93226,1
78553,93226,1,93226,1
78553,93226,1,93226,1
78553,93226,1,93226,1
78553,93226,1,93226,1
78553,93226,1,93226,1
78553,93226,1,93226,1
78553,93226,1,93226,1
78553,93226,1,93226,1
78553,93226,1,93226,1
78553,93226,1,93226,1
78553,93226,1,93226,1
78553,93226,1,93226,1
78553,93226,1,93226,1
78553,93226,1,93226,1
78553,93226,1,93226,1
78553,93226,1,93226,1
78553,93226,1,93185,1
78553,93185,1,93185,1
78553,93185,1,93185,1
78553,93185,1,93185,1
78553,93185,1,93185,1
78553,93185,1,93185,1
78553,93185,1,93185,1
78553,93185,1,93185,1
78553,93185,1,93185,1
78553,93185,1,93185,1
78553,93185,1,93185,1
78553,93185,1,93185,1
78553,93185,1,93185,1
78553,93185,1,93185,1
78553,93185,1,93185,1
78553,93185,1,93185,1
78553,93185,1,93185,1
78553,93185,1,93185,1
78553,93185,1,93185,1
78553,93185,1,93185,1
78553,93185,1,93185,1
78553,93185,1,93185,1
78553,93185,1,93185,1
78553,93185,1,93185,1
78553,93185,1,93185,1
78553,93185,1,93185,1
78553,93185,1,93185,1
78553,93185,1,93185,1
78553,93185,1,93185,1
78553,93185,1,93185,1
78553,93185,1,93185,1
78553,93185,1,93185,1
78553,93185,1,93185,1
78553,93185,1,93185,1
78553,93185,1,93185,1
78553,93185,1,93185,1
78553,93185,1,93185,1
78553,93185,1,93185,1
78553,93185,1,93185,1
78553,93185,1,93185,1
78553,93185,1,93185,1
78553,93185,1,93185,1
78553,93185,1,93185,1
78553,93185,1,93185,1
78553,93185,1,93185,1
78553,93185,1,93185,1
78553,93185,1,93216,1
78553,93216,1,93216,1
78553,93216,1,93216,1
78553,93216,1,93216,1
78553,93216,1,93216,1
78553,93216,1,93216,1
78553,93216,1,93216,1
78553,93216,1,93216,1
78553,93216,1,93216,1
78553,93216,1,93216,1
78553,93216,1,93216,1
78553,93216,1,93216,1
78553,93216,1,93216,1
78553,93216,1,93216,1
78553,93216,1,93216,1
78553,93216,1,93216,1
78553,93216,1,93216,1
78553,93216,1,93216,1
78553,93216,1,93216,1
78553,93216,1,93216,1
78553,93216,1,93216,1
78553,93216,1,93216,1
78553,93216,1,93216,1
78553,93216,1,93216,1
78553,93216,1,93216,1
78553,93216,1,93216,1
78553,93216,1,93216,1
78553,93216,1,93216,1
78553,93216,1,93216,1
78553,93216,1,93216,1
78553,93216,1,93216,1
78553,93216,1,93216,1
78553,93216,1,93216,1
78553,93216,1,93216,1
78553,93216,1,93216,1
78553,93216,1,93216,1
78553,93216,1,93216,1
78553,93216,1,93216,1
78553,93216,1,93216,1
78553,93216,1,93216,1
78553,93216,1,93216,1
78553,93216,1,93216,1
78553,93216,1,93216,1
78553,93216,1,84624,1
78553,84624,1,84624,1
78553,84624,1,84624,1
78553,84624,1,84624,1
78553,84624,1,84624,1
78553,84624,1,84624,1
78553,84624,1,84624,1
78553,84624,1,84624,1
78553,84624,1,84624,1
78553,84624,1,84624,1
78553,84624,1,84624,1
78553,84624,1,84624,1
78553,84624,1,84624,1
78553,84624,1,84624,1
78553,84624,1,84624,1
78553,84624,1,84624,1
78553,84624,1,84624,1
78553,84624,1,84624,1
78553,84624,1,84624,1
78553,84624,1,84624,1
78553,84624,1,84624,1
78553,84624,1,84624,1
78553,84624,1,84624,1
78553,84624,1,84624,1
78553,84624,1,84624,1
78553,84624,1,84624,1
78553,84624,1,84624,1
78553,84624,1,84624,1
78553,84624,1,84624,1
78553,84624,1,84624,1
78553,84624,1,84624,1
78553,84624,1,84624,1
78553,84624,1,84624,1
78553,84624,1,84624,1
78553,84624,1,84624,1
78553,84624,1,84624,1
78553,84624,1,84624,1
78553,84624,1,84624,1
78553,84624,1,84624,1
78553,84624,1,84624,1
78553,84624,1,84624,1
78553,84624,1,84624,1
78553,84624,1,84624,1
78553,84624,1,84624,1
78553,84624,1,84624,1
78553,84624,1,84624,1
78553,84624,1,85674,1
78553,85674,1,85674,1
78553,85674,1,85674,1
78553,85674,1,85674,1
78553,85674,1,85674,1
78553,85674,1,85674,1
78553,85674,1,85674,1
78553,85674,1,85674,1
78553,85674,1,85674,1
78553,85674,1,85674,1
78553,85674,1,85674,1
78553,85674,1,85674,1
78553,85674,1,85674,1
78553,85674,1,85674,1
78553,85674,1,85674,1
78553,85674,1,85674,1
78553,85674,1,85674,1
78553,85674,1,85674,1
78553,85674,1,85674,1
78553,85674,1,85674,1
78553,85674,1,85674,1
78553,85674,1,85674,1
78553,85674,1,85674,1
78553,85674,1,85674,1
78553,85674,1,85674,1
78553,85674,1,85674,1
78553,85674,1,85674,1
78553,85674,1,85674,1
78553,85674,1,85674,1
78553,85674,1,85674,1
78553,85674,1,85674,1
78553,85674,1,85674,1
78553,85674,1,85674,1
78553,85674,1,85674,1
78553,85674,1,85674,1
78553,85674,1,85674,1
78553,85674,1,85674,1
78553,85674,1,85674,1
78553,85674,1,85674,1
78553,85674,1,85674,1
78553,85674,1,85674,1
78553,85674,1,85674,1
78553,85674,1,85674,1
78553,85674,1,85674,1
78553,85674,1,85674,1
78553,85674,1,85674,1
78553,85674,1,84701,1
78553,84701,1,84701,1
78553,84701,1,84701,1
78553,84701,1,84701,1
78553,84701,1,84701,1
78553,84701,1,84701,1
78553,84701,1,84701,1
78553,84701,1,84701,1
78553,84701,1,84701,1
78553,84701,1,84701,1
78553,84701,1,84701,1
78553,84701,1,84701,1
78553,84701,1,84701,1
78553,84701,1,84701,1
78553,84701,1,84701,1
78553,84701,1,84701,1
78553,84701,1,84701,1
78553,84701,1,84701,1
78553,84701,1,84701,1
78553,84701,1,84701,1
78553,84701,1,84701,1
78553,84701,1,84701,1
78553,84701,1,84701,1
78553,84701,1,84701,1
78553,84701,1,84701,1
78553,84701,1,84701,1
78553,84701,1,84701,1
78553,84701,1,84701,1
78553,84701,1,84701,1
78553,84701,1,84701,1
78553,84701,1,84701,1
78553,84701,1,84701,1
78553,84701,1,84701,1
78553,84701,1,84701,1
78553,84701,1,84701,1
78553,84701,1,84701,1
78553,84701,1,84701,1
78553,84701,1,84701,1
78553,84701,1,84701,1
78553,84701,1,84701,1
78553,84701,1,84701,1
78553,84701,1,84701,1
78553,84701,1,84701,1
78553,84701,1,89243,1
78553,89243,1,89243,1
78553,89243,1,89243,1
78553,89243,1,89243,1
78553,89243,1,89243,1
78553,89243,1,89243,1
78553,89243,1,89243,1
78553,89243,1,89243,1
78553,89243,1,89243,1
78553,89243,1,89243,1
78553,89243,1,89243,1
78553,89243,1,89243,1
78553,89243,1,89243,1
78553,89243,1,89243,1
78553,89243,1,89243,1
78553,89243,1,89243,1
78553,89243,1,89243,1
78553,89243,1,89243,1
78553,89243,1,89243,1
78553,89243,1,89243,1
78553,89243,1,89243,1
78553,89243,1,89243,1
78553,89243,1,89243,1
78553,89243,1,89243,1
78553,89243,1,89243,1
78553,89243,1,89243,1
78553,89243,1,89243,1
78553,89243,1,89243,1
78553,89243,1,89243,1
78553,89243,1,89243,1
78553,89243,1,89243,1
78553,89243,1,89243,1
78553,89243,1,89243,1
78553,89243,1,89243,1
78553,89243,1,89243,1
78553,89243,1,89243,1
78553,89243,1,89243,1
78553,89243,1,89243,1
78553,89243,1,89243,1
78553,89243,1,89243,1
78553,89243,1,89243,1
78553,89243,1,89243,1
78553,89243,1,89243,1
78553,89243,1,89243,1
78553,89243,1,89243,1
78553,89243,1,89243,1
78553,89243,1,89243,1
78553,89243,1,89243,1
78553,89243,1,89243,1
78553,89243,1,89243,1
78553,89243,1,89243,1
78553,89243,1,89243,1
78553,89243,1,89243,1
78553,89243,1,89243,1
78553,89243,1,89243,1
78553,89243,1,89243,1
78553,89243,1,89243,1
78553,89243,1,89243,1
78553,89243,1,89243,1
78553,89243,1,89243,1
78553,89243,1,89243,1
78553,89243,1,89243,1
78553,89243,1,89243,1
78553,89243,1,89243,1
78553,89243,1,89243,1
78553,89243,1,89243,1
78553,89243,1,89243,1
78553,89243,1,89243,1
78553,89243,1,89243,1
78553,89243,1,89243,1
78553,89243,1,89243,1
78553,89243,1,89243,1
78553,89243,1,89243,1
78553,89243,1,89243,1
78553,89243,1,89243,1
78553,89243,1,89243,1
78553,89243,1,89243,1
78553,89243,1,89243,1
78553,89243,1,89243,1
78553,89243,1,89243,1
78553,89243,1,89243,1
78553,89243,1,89243,1
78553,89243,1,89243,1
78553,89243,1,89243,1
78553,89243,1,89243,1
78553,89243,1,89243,1
78553,89243,1,89243,1
78553,89243,1,89243,1
78553,89243,1,89243,1
78553,89243,1,89243,1
78553,89243,1,89243,1
78553,89243,1,89243,1
78553,89243,1,89243,1
78553,89243,1,89243,1
78553,89243,1,89243,1
78553,89243,1,89243,1
78553,89243,1,89243,1
78553,89243,1,91358,1
78553,91358,1,91358,1
78553,91358,1,91358,1
78553,91358,1,91358,1
78553,91358,1,91358,1
78553,91358,1,91358,1
78553,91358,1,91358,1
78553,91358,1,91358,1
78553,91358,1,91358,1
78553,91358,1,91358,1
78553,91358,1,91358,1
78553,91358,1,91358,1
78553,91358,1,91358,1
78553,91358,1,91358,1
78553,91358,1,91358,1
78553,91358,1,91358,1
78553,91358,1,91358,1
78553,91358,1,91358,1
78553,91358,1,91358,1
78553,91358,1,91358,1
78553,91358,1,91358,1
78553,91358,1,91358,1
78553,91358,1,91358,1
78553,91358,1,91358,1
78553,91358,1,91358,1
78553,91358,1,91358,1
78553,91358,1,91358,1
78553,91358,1,91358,1
78553,91358,1,91358,1
78553,91358,1,91358,1
78553,91358,1,91358,1
78553,91358,1,91358,1
78553,91358,1,91358,1
78553,91358,1,91358,1
78553,91358,1,91358,1
78553,91358,1,91358,1
78553,91358,1,91358,1
78553,91358,1,91358,1
78553,91358,1,91358,1
78553,91358,1,91358,1
78553,91358,1,91358,1
78553,91358,1,91358,1
78553,91358,1,91358,1
78553,91358,1,91358,1
78553,91358,1,91358,1
78553,91358,1,91358,1
78553,91358,1,91358,1
78553,91358,1,89242,0
78553,89242,0,89242,0
78553,89242,0,89242,0
78553,89242,0,89242,0
78553,89242,0,89242,0
78553,89242,0,89242,0
78553,89242,0,89242,0
78553,89242,0,89242,0
78553,89242,0,89242,0
78553,89242,0,89242,0
78553,89242,0,89242,0
78553,89242,0,89242,0
78553,89242,0,89242,0
78553,89242,0,89242,0
78553,89242,0,89242,0
78553,89242,0,89242,0
78553,89242,0,89242,0
78553,89242,0,89242,0
78553,89242,0,89242,0
78553,89242,0,89242,0
78553,89242,0,89242,0
78553,89242,0,89242,0
78553,89242,0,89242,0
78553,89242,0,89242,0
78553,89242,0,89242,0
78553,89242,0,89242,0
78553,89242,0,89242,0
78553,89242,0,89242,0
78553,89242,0,89242,0
78553,89242,0,89242,0
78553,89242,0,89242,0
78553,89242,0,89242,0
78553,89242,0,89242,0
78553,89242,0,89242,0
78553,89242,0,89242,0
78553,89242,0,89242,0
78553,89242,0,89242,0
78553,89242,0,89242,0
78553,89242,0,89242,0
78553,89242,0,89242,0
78553,89242,0,89242,0
78553,89242,0,89242,0
78553,89242,0,89242,0
78553,89242,0,89242,0
78553,89242,0,89242,0
78553,89242,0,89242,0
78553,89242,0,89242,0
78553,89242,0,89270,1
78553,89270,1,89270,1
78553,89270,1,89270,1
78553,89270,1,89270,1
78553,89270,1,89270,1
78553,89270,1,89270,1
78553,89270,1,89270,1
78553,89270,1,89270,1
78553,89270,1,89270,1
78553,89270,1,89270,1
78553,89270,1,89270,1
78553,89270,1,89270,1
78553,89270,1,89270,1
78553,89270,1,89270,1
78553,89270,1,89270,1
78553,89270,1,89270,1
78553,89270,1,89270,1
78553,89270,1,89270,1
78553,89270,1,89270,1
78553,89270,1,89270,1
78553,89270,1,89270,1
78553,89270,1,89270,1
78553,89270,1,89270,1
78553,89270,1,89270,1
78553,89270,1,89270,1
78553,89270,1,89270,1
78553,89270,1,89270,1
78553,89270,1,89270,1
78553,89270,1,89270,1
78553,89270,1,89270,1
78553,89270,1,89270,1
78553,89270,1,89270,1
78553,89270,1,89270,1
78553,89270,1,89270,1
78553,89270,1,89270,1
78553,89270,1,89270,1
78553,89270,1,89270,1
78553,89270,1,89270,1
78553,89270,1,89270,1
78553,89270,1,89270,1
78553,89270,1,89270,1
78553,89270,1,89270,1
78553,89270,1,89270,1
78553,89270,1,89270,1
78553,89270,1,89270,1
78553,89270,1,89270,1
78553,89270,1,89270,1
78553,89270,1,89236,1
78553,89236,1,89236,1
78553,89236,1,89236,1
78553,89236,1,89236,1
78553,89236,1,89236,1
78553,89236,1,89236,1
78553,89236,1,89236,1
78553,89236,1,89236,1
78553,89236,1,89236,1
78553,89236,1,89236,1
78553,89236,1,89236,1
78553,89236,1,89236,1
78553,89236,1,89236,1
78553,89236,1,89236,1
78553,89236,1,89236,1
78553,89236,1,89236,1
78553,89236,1,89236,1
78553,89236,1,89236,1
78553,89236,1,89236,1
78553,89236,1,89236,1
78553,89236,1,89236,1
78553,89236,1,89236,1
78553,89236,1,89236,1
78553,89236,1,89236,1
78553,89236,1,89236,1
78553,89236,1,89236,1
78553,89236,1,89236,1
78553,89236,1,89236,1
78553,89236,1,89236,1
78553,89236,1,89236,1
78553,89236,1,89236,1
78553,89236,1,89236,1
78553,89236,1,89236,1
78553,89236,1,89236,1
78553,89236,1,89236,1
78553,89236,1,89236,1
78553,89236,1,89236,1
78553,89236,1,89236,1
78553,89236,1,89236,1
78553,89236,1,89236,1
78553,89236,1,89236,1
78553,89236,1,89236,1
78553,89236,1,89236,1
78553,89236,1,89236,1
78553,89236,1,89236,1
78553,89236,1,89236,1
78553,89236,1,89236,1
78553,89236,1,91399,0
78553,91399,0,91399,0
78553,91399,0,91399,0
78553,91399,0,91399,0
78553,91399,0,91399,0
78553,91399,0,91399,0
78553,91399,0,91399,0
78553,91399,0,91399,0
78553,91399,0,91399,0
78553,91399,0,91399,0
78553,91399,0,91399,0
78553,91399,0,91399,0
78553,91399,0,91399,0
78553,91399,0,91399,0
78553,91399,0,91399,0
78553,91399,0,91399,0
78553,91399,0,91399,0
78553,91399,0,91399,0
78553,91399,0,91399,0
78553,91399,0,91399,0
78553,91399,0,91399,0
78553,91399,0,91399,0
78553,91399,0,91399,0
78553,91399,0,91399,0
78553,91399,0,91399,0
78553,91399,0,91399,0
78553,91399,0,91399,0
78553,91399,0,91399,0
78553,91399,0,91399,0
78553,91399,0,91399,0
78553,91399,0,91399,0
78553,91399,0,91399,0
78553,91399,0,91399,0
78553,91399,0,91399,0
78553,91399,0,91399,0
78553,91399,0,91399,0
78553,91399,0,91399,0
78553,91399,0,91399,0
78553,91399,0,91399,0
78553,91399,0,91399,0
78553,91399,0,91399,0
78553,91399,0,91399,0
78553,91399,0,91399,0
78553,91399,0,91399,0
78553,91399,0,91399,0
78553,91399,0,91399,0
78553,91399,0,91399,0
78553,91399,0,91396,0
78553,91396,0,91396,0
78553,91396,0,91396,0
78553,91396,0,91396,0
78553,91396,0,91396,0
78553,91396,0,91396,0
78553,91396,0,91396,0
78553,91396,0,91396,0
78553,91396,0,91396,0
78553,91396,0,91396,0
78553,91396,0,91396,0
78553,91396,0,91396,0
78553,91396,0,91396,0
78553,91396,0,91396,0
78553,91396,0,91396,0
78553,91396,0,91396,0
78553,91396,0,91396,0
78553,91396,0,91396,0
78553,91396,0,91396,0
78553,91396,0,91396,0
78553,91396,0,91396,0
78553,91396,0,91396,0
78553,91396,0,91396,0
78553,91396,0,91396,0
78553,91396,0,91396,0
78553,91396,0,91396,0
78553,91396,0,91396,0
78553,91396,0,91396,0
78553,91396,0,91396,0
78553,91396,0,91396,0
78553,91396,0,91396,0
78553,91396,0,91396,0
78553,91396,0,91396,0
78553,91396,0,91396,0
78553,91396,0,91396,0
78553,91396,0,91396,0
78553,91396,0,91396,0
78553,91396,0,91396,0
78553,91396,0,91396,0
78553,91396,0,91396,0
78553,91396,0,91396,0
78553,91396,0,91396,0
78553,91396,0,91396,0
78553,91396,0,91396,0
78553,91396,0,91396,0
78553,91396,0,91396,0
78553,91396,0,91396,0
78553,91396,0,89275,1
78553,89275,1,89275,1
78553,89275,1,89275,1
78553,89275,1,89275,1
78553,89275,1,89275,1
78553,89275,1,89275,1
78553,89275,1,89275,1
78553,89275,1,89275,1
78553,89275,1,89275,1
78553,89275,1,89275,1
78553,89275,1,89275,1
78553,89275,1,89275,1
78553,89275,1,89275,1
78553,89275,1,89275,1
78553,89275,1,89275,1
78553,89275,1,89275,1
78553,89275,1,89275,1
78553,89275,1,89275,1
78553,89275,1,89275,1
78553,89275,1,89275,1
78553,89275,1,89275,1
78553,89275,1,89275,1
78553,89275,1,89275,1
78553,89275,1,89275,1
78553,89275,1,89275,1
78553,89275,1,89275,1
78553,89275,1,89275,1
78553,89275,1,89275,1
78553,89275,1,89275,1
78553,89275,1,89275,1
78553,89275,1,89275,1
78553,89275,1,89275,1
78553,89275,1,89275,1
78553,89275,1,89275,1
78553,89275,1,89275,1
78553,89275,1,89275,1
78553,89275,1,89275,1
78553,89275,1,89275,1
78553,89275,1,89275,1
78553,89275,1,89275,1
78553,89275,1,89275,1
78553,89275,1,89275,1
78553,89275,1,89275,1
78553,89275,1,89275,1
78553,89275,1,89275,1
78553,89275,1,89275,1
78553,89275,1,89275,1
78553,89275,1,89275,1
78553,89275,1,89275,1
78553,89275,1,89275,1
78553,89275,1,89275,1
78553,89275,1,89275,1
78553,89275,1,89275,1
78553,89275,1,89275,1
78553,89275,1,89275,1
78553,89275,1,89275,1
78553,89275,1,89275,1
78553,89275,1,89275,1
78553,89275,1,89275,1
78553,89275,1,89275,1
78553,89275,1,89275,1
78553,89275,1,89275,1
78553,89275,1,89275,1
78553,89275,1,89275,1
78553,89275,1,89275,1
78553,89275,1,89275,1
78553,89275,1,89275,1
78553,89275,1,89275,1
78553,89275,1,89275,1
78553,89275,1,89275,1
78553,89275,1,89275,1
78553,89275,1,89275,1
78553,89275,1,89275,1
78553,89275,1,89275,1
78553,89275,1,89275,1
78553,89275,1,89275,1
78553,89275,1,89275,1
78553,89275,1,89275,1
78553,89275,1,89275,1
78553,89275,1,89275,1
78553,89275,1,89275,1
78553,89275,1,89275,1
78553,89275,1,89275,1
78553,89275,1,89275,1
78553,89275,1,89275,1
78553,89275,1,89275,1
78553,89275,1,89275,1
78553,89275,1,89275,1
78553,89275,1,89275,1
78553,89275,1,89275,1
78553,89275,1,89275,1
78553,89275,1,89275,1
78553,89275,1,89275,1
78553,89275,1,89275,1
78553,89275,1,89275,1
78553,89275,1,89275,1
78553,89275,1,89275,1
78553,89275,1,91377,1
78553,91377,1,91377,1
78553,91377,1,91377,1
78553,91377,1,91377,1
78553,91377,1,91377,1
78553,91377,1,91377,1
78553,91377,1,91377,1
78553,91377,1,91377,1
78553,91377,1,91377,1
78553,91377,1,91377,1
78553,91377,1,91377,1
78553,91377,1,91377,1
78553,91377,1,91377,1
78553,91377,1,91377,1
78553,91377,1,91377,1
78553,91377,1,91377,1
78553,91377,1,91377,1
78553,91377,1,91377,1
78553,91377,1,91377,1
78553,91377,1,91377,1
78553,91377,1,91377,1
78553,91377,1,91377,1
78553,91377,1,91377,1
78553,91377,1,91377,1
78553,91377,1,91377,1
78553,91377,1,91377,1
78553,91377,1,91377,1
78553,91377,1,91377,1
78553,91377,1,91377,1
78553,91377,1,91377,1
78553,91377,1,91377,1
78553,91377,1,91377,1
78553,91377,1,91377,1
78553,91377,1,91377,1
78553,91377,1,91377,1
78553,91377,1,91377,1
78553,91377,1,91377,1
78553,91377,1,91377,1
78553,91377,1,91377,1
78553,91377,1,91377,1
78553,91377,1,91377,1
78553,91377,1,91377,1
78553,91377,1,91377,1
78553,91377,1,91377,1
78553,91377,1,91377,1
78553,91377,1,91377,1
78553,91377,1,91377,1
78553,91377,1,89274,1
78553,89274,1,89274,1
78553,89274,1,89274,1
78553,89274,1,89274,1
78553,89274,1,89274,1
78553,89274,1,89274,1
78553,89274,1,89274,1
78553,89274,1,89274,1
78553,89274,1,89274,1
78553,89274,1,89274,1
78553,89274,1,89274,1
78553,89274,1,89274,1
78553,89274,1,89274,1
78553,89274,1,89274,1
78553,89274,1,89274,1
78553,89274,1,89274,1
78553,89274,1,89274,1
78553,89274,1,89274,1
78553,89274,1,89274,1
78553,89274,1,89274,1
78553,89274,1,89274,1
78553,89274,1,89274,1
78553,89274,1,89274,1
78553,89274,1,89274,1
78553,89274,1,89274,1
78553,89274,1,89274,1
78553,89274,1,89274,1
78553,89274,1,89274,1
78553,89274,1,89274,1
78553,89274,1,89274,1
78553,89274,1,89274,1
78553,89274,1,89274,1
78553,89274,1,89274,1
78553,89274,1,89274,1
78553,89274,1,89274,1
78553,89274,1,89274,1
78553,89274,1,89274,1
78553,89274,1,89274,1
78553,89274,1,89274,1
78553,89274,1,89274,1
78553,89274,1,89274,1
78553,89274,1,89274,1
78553,89274,1,89274,1
78553,89274,1,89274,1
78553,89274,1,89274,1
78553,89274,1,89274,1
78553,89274,1,89274,1
78553,89274,1,89779,1
78553,89779,1,89779,1
78553,89779,1,89779,1
78553,89779,1,89779,1
78553,89779,1,89779,1
78553,89779,1,89779,1
78553,89779,1,89779,1
78553,89779,1,89779,1
78553,89779,1,89779,1
78553,89779,1,89779,1
78553,89779,1,89779,1
78553,89779,1,89779,1
78553,89779,1,89779,1
78553,89779,1,89779,1
78553,89779,1,89779,1
78553,89779,1,89779,1
78553,89779,1,89779,1
78553,89779,1,89779,1
78553,89779,1,89779,1
78553,89779,1,89779,1
78553,89779,1,89779,1
78553,89779,1,89779,1
78553,89779,1,89779,1
78553,89779,1,89779,1
78553,89779,1,89779,1
78553,89779,1,89779,1
78553,89779,1,89779,1
78553,89779,1,89779,1
78553,89779,1,89779,1
78553,89779,1,89779,1
78553,89779,1,89779,1
78553,89779,1,89779,1
78553,89779,1,89779,1
78553,89779,1,89779,1
78553,89779,1,89779,1
78553,89779,1,89779,1
78553,89779,1,89779,1
78553,89779,1,89779,1
78553,89779,1,89779,1
78553,89779,1,89779,1
78553,89779,1,89779,1
78553,89779,1,89779,1
78553,89779,1,89779,1
78553,89779,1,89779,1
78553,89779,1,91643,1
78553,91643,1,91643,1
78553,91643,1,91643,1
78553,91643,1,91643,1
78553,91643,1,91643,1
78553,91643,1,91643,1
78553,91643,1,91643,1
78553,91643,1,91643,1
78553,91643,1,91643,1
78553,91643,1,91643,1
78553,91643,1,91643,1
78553,91643,1,91643,1
78553,91643,1,91643,1
78553,91643,1,91643,1
78553,91643,1,91643,1
78553,91643,1,91643,1
78553,91643,1,91643,1
78553,91643,1,91643,1
78553,91643,1,91643,1
78553,91643,1,91643,1
78553,91643,1,91643,1
78553,91643,1,91643,1
78553,91643,1,91643,1
78553,91643,1,91643,1
78553,91643,1,91643,1
78553,91643,1,91643,1
78553,91643,1,91643,1
78553,91643,1,91643,1
78553,91643,1,91643,1
78553,91643,1,91643,1
78553,91643,1,91643,1
78553,91643,1,91643,1
78553,91643,1,91643,1
78553,91643,1,91643,1
78553,91643,1,91643,1
78553,91643,1,91643,1
78553,91643,1,91643,1
78553,91643,1,91643,1
78553,91643,1,91643,1
78553,91643,1,91643,1
78553,91643,1,91643,1
78553,91643,1,91643,1
78553,91643,1,91643,1
78553,91643,1,91643,1
78553,91643,1,91643,1
78553,91643,1,91643,1
78553,91643,1,89849,1
78553,89849,1,89849,1
78553,89849,1,89849,1
78553,89849,1,89849,1
78553,89849,1,89849,1
78553,89849,1,89849,1
78553,89849,1,89849,1
78553,89849,1,89849,1
78553,89849,1,89849,1
78553,89849,1,89849,1
78553,89849,1,89849,1
78553,89849,1,89849,1
78553,89849,1,89849,1
78553,89849,1,89849,1
78553,89849,1,89849,1
78553,89849,1,89849,1
78553,89849,1,89849,1
78553,89849,1,89849,1
78553,89849,1,89849,1
78553,89849,1,89849,1
78553,89849,1,89849,1
78553,89849,1,89849,1
78553,89849,1,89849,1
78553,89849,1,89849,1
78553,89849,1,89849,1
78553,89849,1,89849,1
78553,89849,1,89849,1
78553,89849,1,89849,1
78553,89849,1,89849,1
78553,89849,1,89849,1
78553,89849,1,89849,1
78553,89849,1,89849,1
78553,89849,1,89849,1
78553,89849,1,89849,1
78553,89849,1,89849,1
78553,89849,1,89849,1
78553,89849,1,89849,1
78553,89849,1,89849,1
78553,89849,1,89849,1
78553,89849,1,89849,1
78553,89849,1,89849,1
78553,89849,1,89849,1
78553,89849,1,89849,1
78553,89849,1,89849,1
78553,89849,1,89849,1
78553,89849,1,89849,1
78553,89849,1,89849,1
78553,89849,1,89849,1
78553,89849,1,89849,1
78553,89849,1,89849,1
78553,89849,1,89849,1
78553,89849,1,89849,1
78553,89849,1,89849,1
78553,89849,1,89849,1
78553,89849,1,89849,1
78553,89849,1,89849,1
78553,89849,1,89849,1
78553,89849,1,89849,1
78553,89849,1,89849,1
78553,89849,1,89849,1
78553,89849,1,89849,1
78553,89849,1,89849,1
78553,89849,1,89849,1
78553,89849,1,89849,1
78553,89849,1,89849,1
78553,89849,1,89849,1
78553,89849,1,89849,1
78553,89849,1,89849,1
78553,89849,1,89849,1
78553,89849,1,89849,1
78553,89849,1,89849,1
78553,89849,1,89849,1
78553,89849,1,89849,1
78553,89849,1,89849,1
78553,89849,1,89849,1
78553,89849,1,89849,1
78553,89849,1,89849,1
78553,89849,1,89849,1
78553,89849,1,89849,1
78553,89849,1,89849,1
78553,89849,1,89849,1
78553,89849,1,89849,1
78553,89849,1,89849,1
78553,89849,1,89849,1
78553,89849,1,89849,1
78553,89849,1,89849,1
78553,89849,1,89849,1
78553,89849,1,89849,1
78553,89849,1,89849,1
78553,89849,1,89849,1
78553,89849,1,89849,1
78553,89849,1,89849,1
78553,89849,1,89849,1
78553,89849,1,89818,1
78553,89818,1,89818,1
78553,89818,1,89818,1
78553,89818,1,89818,1
78553,89818,1,89818,1
78553,89818,1,89818,1
78553,89818,1,89818,1
78553,89818,1,89818,1
78553,89818,1,89818,1
78553,89818,1,89818,1
78553,89818,1,89818,1
78553,89818,1,89818,1
78553,89818,1,89818,1
78553,89818,1,89818,1
78553,89818,1,89818,1
78553,89818,1,89818,1
78553,89818,1,89818,1
78553,89818,1,89818,1
78553,89818,1,89818,1
78553,89818,1,89818,1
78553,89818,1,89818,1
78553,89818,1,89818,1
78553,89818,1,89818,1
78553,89818,1,89818,1
78553,89818,1,89818,1
78553,89818,1,89818,1
78553,89818,1,89818,1
78553,89818,1,89818,1
78553,89818,1,89818,1
78553,89818,1,89818,1
78553,89818,1,89818,1
78553,89818,1,89818,1
78553,89818,1,89818,1
78553,89818,1,89818,1
78553,89818,1,89818,1
78553,89818,1,89818,1
78553,89818,1,89818,1
78553,89818,1,89818,1
78553,89818,1,89818,1
78553,89818,1,89818,1
78553,89818,1,89818,1
78553,89818,1,89818,1
78553,89818,1,89818,1
78553,89818,1,89818,1
78553,89818,1,89818,1
78553,89818,1,89818,1
78553,89818,1,89818,1
78553,89818,1,89818,1
78553,89818,1,89818,1
78553,89818,1,89818,1
78553,89818,1,89818,1
78553,89818,1,89818,1
78553,89818,1,89818,1
78553,89818,1,89818,1
78553,89818,1,89818,1
78553,89818,1,89818,1
78553,89818,1,89818,1
78553,89818,1,89818,1
78553,89818,1,89818,1
78553,89818,1,89818,1
78553,89818,1,89818,1
78553,89818,1,89818,1
78553,89818,1,89818,1
78553,89818,1,89818,1
78553,89818,1,89818,1
78553,89818,1,89818,1
78553,89818,1,89818,1
78553,89818,1,89818,1
78553,89818,1,89818,1
78553,89818,1,89818,1
78553,89818,1,89818,1
78553,89818,1,89818,1
78553,89818,1,89818,1
78553,89818,1,89818,1
78553,89818,1,89818,1
78553,89818,1,89818,1
78553,89818,1,89818,1
78553,89818,1,89818,1
78553,89818,1,89818,1
78553,89818,1,89818,1
78553,89818,1,89818,1
78553,89818,1,89818,1
78553,89818,1,89818,1
78553,89818,1,89818,1
78553,89818,1,89818,1
78553,89818,1,89818,1
78553,89818,1,89818,1
78553,89818,1,89818,1
78553,89818,1,89818,1
78553,89818,1,89818,1
78553,89818,1,89818,1
78553,89818,1,89818,1
78553,89818,1,89818,1
78553,89818,1,173884,1
78553,173884,1,173912,1
78553,173912,1,173990,0
78553,173990,0,174012,0
78553,174012,0,173968,0
78553,173968,0,174018,1
78553,174018,1,174019,1
78553,174019,1,173995,1
78555,93149,1,93149,1
78555,93149,1,93149,1
78555,93149,1,93149,1
78555,93149,1,93149,1
78555,93149,1,93149,1
78555,93149,1,93149,1
78555,93149,1,93149,1
78555,93149,1,93149,1
78555,93149,1,93149,1
78555,93149,1,93149,1
78555,93149,1,93149,1
78555,93149,1,93149,1
78555,93149,1,93149,1
78555,93149,1,93149,1
78555,93149,1,93149,1
78555,93149,1,93149,1
78555,93149,1,93149,1
78555,93149,1,93149,1
78555,93149,1,93149,1
78555,93149,1,93149,1
78555,93149,1,93149,1
78555,93149,1,93149,1
78555,93149,1,93149,1
78555,93149,1,93149,1
78555,93149,1,93149,1
78555,93149,1,93149,1
78555,93149,1,93149,1
78555,93149,1,93149,1
78555,93149,1,93149,1
78555,93149,1,93149,1
78555,93149,1,93149,1
78555,93149,1,93149,1
78555,93149,1,93149,1
78555,93149,1,93149,1
78555,93149,1,93149,1
78555,93149,1,93149,1
78555,93149,1,93149,1
78555,93149,1,93149,1
78555,93149,1,93149,1
78555,93149,1,93149,1
78555,93149,1,93149,1
78555,93149,1,93149,1
78555,93149,1,93149,1
78555,93149,1,93149,1
78555,93149,1,93149,1
78555,93149,1,93214,1
78555,93214,1,93214,1
78555,93214,1,93214,1
78555,93214,1,93214,1
78555,93214,1,93214,1
78555,93214,1,93214,1
78555,93214,1,93214,1
78555,93214,1,93214,1
78555,93214,1,93214,1
78555,93214,1,93214,1
78555,93214,1,93214,1
78555,93214,1,93214,1
78555,93214,1,93214,1
78555,93214,1,93214,1
78555,93214,1,93214,1
78555,93214,1,93214,1
78555,93214,1,93214,1
78555,93214,1,93214,1
78555,93214,1,93214,1
78555,93214,1,93214,1
78555,93214,1,93214,1
78555,93214,1,93214,1
78555,93214,1,93214,1
78555,93214,1,93214,1
78555,93214,1,93214,1
78555,93214,1,93214,1
78555,93214,1,93214,1
78555,93214,1,93214,1
78555,93214,1,93214,1
78555,93214,1,93214,1
78555,93214,1,93214,1
78555,93214,1,93214,1
78555,93214,1,93214,1
78555,93214,1,93214,1
78555,93214,1,93214,1
78555,93214,1,93214,1
78555,93214,1,93214,1
78555,93214,1,93214,1
78555,93214,1,93214,1
78555,93214,1,93214,1
78555,93214,1,93214,1
78555,93214,1,93214,1
78555,93214,1,93214,1
78555,93214,1,93214,1
78555,93214,1,93214,1
78555,93214,1,93214,1
78555,93214,1,93168,1
78555,93168,1,93168,1
78555,93168,1,93168,1
78555,93168,1,93168,1
78555,93168,1,93168,1
78555,93168,1,93168,1
78555,93168,1,93168,1
78555,93168,1,93168,1
78555,93168,1,93168,1
78555,93168,1,93168,1
78555,93168,1,93168,1
78555,93168,1,93168,1
78555,93168,1,93168,1
78555,93168,1,93168,1
78555,93168,1,93168,1
78555,93168,1,93168,1
78555,93168,1,93168,1
78555,93168,1,93168,1
78555,93168,1,93168,1
78555,93168,1,93168,1
78555,93168,1,93168,1
78555,93168,1,93168,1
78555,93168,1,93168,1
78555,93168,1,93168,1
78555,93168,1,93168,1
78555,93168,1,93168,1
78555,93168,1,93168,1
78555,93168,1,93168,1
78555,93168,1,93168,1
78555,93168,1,93168,1
78555,93168,1,93168,1
78555,93168,1,93168,1
78555,93168,1,93168,1
78555,93168,1,93168,1
78555,93168,1,93168,1
78555,93168,1,93168,1
78555,93168,1,93168,1
78555,93168,1,93168,1
78555,93168,1,93168,1
78555,93168,1,93168,1
78555,93168,1,93168,1
78555,93168,1,93168,1
78555,93168,1,93168,1
78555,93168,1,85102,1
78555,85102,1,85102,1
78555,85102,1,85102,1
78555,85102,1,85102,1
78555,85102,1,85102,1
78555,85102,1,85102,1
78555,85102,1,85102,1
78555,85102,1,85102,1
78555,85102,1,85102,1
78555,85102,1,85102,1
78555,85102,1,85102,1
78555,85102,1,85102,1
78555,85102,1,85102,1
78555,85102,1,85102,1
78555,85102,1,85102,1
78555,85102,1,85102,1
78555,85102,1,85102,1
78555,85102,1,85102,1
78555,85102,1,85102,1
78555,85102,1,85102,1
78555,85102,1,85102,1
78555,85102,1,85102,1
78555,85102,1,85102,1
78555,85102,1,85102,1
78555,85102,1,85102,1
78555,85102,1,85102,1
78555,85102,1,85102,1
78555,85102,1,85102,1
78555,85102,1,85102,1
78555,85102,1,85102,1
78555,85102,1,85102,1
78555,85102,1,85102,1
78555,85102,1,85102,1
78555,85102,1,85102,1
78555,85102,1,85102,1
78555,85102,1,85102,1
78555,85102,1,85102,1
78555,85102,1,85102,1
78555,85102,1,85102,1
78555,85102,1,85102,1
78555,85102,1,85102,1
78555,85102,1,85102,1
78555,85102,1,85102,1
78555,85102,1,85102,1
78555,85102,1,85102,1
78555,85102,1,85102,1
78555,85102,1,84628,1
78555,84628,1,84628,1
78555,84628,1,84628,1
78555,84628,1,84628,1
78555,84628,1,84628,1
78555,84628,1,84628,1
78555,84628,1,84628,1
78555,84628,1,84628,1
78555,84628,1,84628,1
78555,84628,1,84628,1
78555,84628,1,84628,1
78555,84628,1,84628,1
78555,84628,1,84628,1
78555,84628,1,84628,1
78555,84628,1,84628,1
78555,84628,1,84628,1
78555,84628,1,84628,1
78555,84628,1,84628,1
78555,84628,1,84628,1
78555,84628,1,84628,1
78555,84628,1,84628,1
78555,84628,1,84628,1
78555,84628,1,84628,1
78555,84628,1,84628,1
78555,84628,1,84628,1
78555,84628,1,84628,1
78555,84628,1,84628,1
78555,84628,1,84628,1
78555,84628,1,84628,1
78555,84628,1,84628,1
78555,84628,1,84628,1
78555,84628,1,84628,1
78555,84628,1,84628,1
78555,84628,1,84628,1
78555,84628,1,84628,1
78555,84628,1,84628,1
78555,84628,1,84628,1
78555,84628,1,84628,1
78555,84628,1,84628,1
78555,84628,1,84628,1
78555,84628,1,84628,1
78555,84628,1,84628,1
78555,84628,1,84628,1
78555,84628,1,84628,1
78555,84628,1,84628,1
78555,84628,1,84628,1
78555,84628,1,85107,1
78555,85107,1,85107,1
78555,85107,1,85107,1
78555,85107,1,85107,1
78555,85107,1,85107,1
78555,85107,1,85107,1
78555,85107,1,85107,1
78555,85107,1,85107,1
78555,85107,1,85107,1
78555,85107,1,85107,1
78555,85107,1,85107,1
78555,85107,1,85107,1
78555,85107,1,85107,1
78555,85107,1,85107,1
78555,85107,1,85107,1
78555,85107,1,85107,1
78555,85107,1,85107,1
78555,85107,1,85107,1
78555,85107,1,85107,1
78555,85107,1,85107,1
78555,85107,1,85107,1
78555,85107,1,85107,1
78555,85107,1,85107,1
78555,85107,1,85107,1
78555,85107,1,85107,1
78555,85107,1,85107,1
78555,85107,1,85107,1
78555,85107,1,85107,1
78555,85107,1,85107,1
78555,85107,1,85107,1
78555,85107,1,85107,1
78555,85107,1,85107,1
78555,85107,1,85107,1
78555,85107,1,85107,1
78555,85107,1,85107,1
78555,85107,1,85107,1
78555,85107,1,85107,1
78555,85107,1,85107,1
78555,85107,1,85107,1
78555,85107,1,85107,1
78555,85107,1,85107,1
78555,85107,1,85107,1
78555,85107,1,85107,1
78555,85107,1,89271,1
78555,89271,1,89271,1
78555,89271,1,89271,1
78555,89271,1,89271,1
78555,89271,1,89271,1
78555,89271,1,89271,1
78555,89271,1,89271,1
78555,89271,1,89271,1
78555,89271,1,89271,1
78555,89271,1,89271,1
78555,89271,1,89271,1
78555,89271,1,89271,1
78555,89271,1,89271,1
78555,89271,1,89271,1
78555,89271,1,89271,1
78555,89271,1,89271,1
78555,89271,1,89271,1
78555,89271,1,89271,1
78555,89271,1,89271,1
78555,89271,1,89271,1
78555,89271,1,89271,1
78555,89271,1,89271,1
78555,89271,1,89271,1
78555,89271,1,89271,1
78555,89271,1,89271,1
78555,89271,1,89271,1
78555,89271,1,89271,1
78555,89271,1,89271,1
78555,89271,1,89271,1
78555,89271,1,89271,1
78555,89271,1,89271,1
78555,89271,1,89271,1
78555,89271,1,89271,1
78555,89271,1,89271,1
78555,89271,1,89271,1
78555,89271,1,89271,1
78555,89271,1,89271,1
78555,89271,1,89271,1
78555,89271,1,89271,1
78555,89271,1,89271,1
78555,89271,1,89271,1
78555,89271,1,89271,1
78555,89271,1,89271,1
78555,89271,1,89271,1
78555,89271,1,89271,1
78555,89271,1,89271,1
78555,89271,1,89271,1
78555,89271,1,91361,1
78555,91361,1,91361,1
78555,91361,1,91361,1
78555,91361,1,91361,1
78555,91361,1,91361,1
78555,91361,1,91361,1
78555,91361,1,91361,1
78555,91361,1,91361,1
78555,91361,1,91361,1
78555,91361,1,91361,1
78555,91361,1,91361,1
78555,91361,1,91361,1
78555,91361,1,91361,1
78555,91361,1,91361,1
78555,91361,1,91361,1
78555,91361,1,91361,1
78555,91361,1,91361,1
78555,91361,1,91361,1
78555,91361,1,91361,1
78555,91361,1,91361,1
78555,91361,1,91361,1
78555,91361,1,91361,1
78555,91361,1,91361,1
78555,91361,1,91361,1
78555,91361,1,91361,1
78555,91361,1,91361,1
78555,91361,1,91361,1
78555,91361,1,91361,1
78555,91361,1,91361,1
78555,91361,1,91361,1
78555,91361,1,91361,1
78555,91361,1,91361,1
78555,91361,1,91361,1
78555,91361,1,91361,1
78555,91361,1,91361,1
78555,91361,1,91361,1
78555,91361,1,91361,1
78555,91361,1,91361,1
78555,91361,1,91361,1
78555,91361,1,91361,1
78555,91361,1,91361,1
78555,91361,1,91361,1
78555,91361,1,91361,1
78555,91361,1,91361,1
78555,91361,1,91361,1
78555,91361,1,91361,1
78555,91361,1,91361,1
78555,91361,1,89290,1
78555,89290,1,89290,1
78555,89290,1,89290,1
78555,89290,1,89290,1
78555,89290,1,89290,1
78555,89290,1,89290,1
78555,89290,1,89290,1
78555,89290,1,89290,1
78555,89290,1,89290,1
78555,89290,1,89290,1
78555,89290,1,89290,1
78555,89290,1,89290,1
78555,89290,1,89290,1
78555,89290,1,89290,1
78555,89290,1,89290,1
78555,89290,1,89290,1
78555,89290,1,89290,1
78555,89290,1,89290,1
78555,89290,1,89290,1
78555,89290,1,89290,1
78555,89290,1,89290,1
78555,89290,1,89290,1
78555,89290,1,89290,1
78555,89290,1,89290,1
78555,89290,1,89290,1
78555,89290,1,89290,1
78555,89290,1,89290,1
78555,89290,1,89290,1
78555,89290,1,89290,1
78555,89290,1,89290,1
78555,89290,1,89290,1
78555,89290,1,89290,1
78555,89290,1,89290,1
78555,89290,1,89290,1
78555,89290,1,89290,1
78555,89290,1,89290,1
78555,89290,1,89290,1
78555,89290,1,89290,1
78555,89290,1,89290,1
78555,89290,1,89290,1
78555,89290,1,89290,1
78555,89290,1,89290,1
78555,89290,1,89290,1
78555,89290,1,89290,1
78555,89290,1,89290,1
78555,89290,1,89290,1
78555,89290,1,89290,1
78555,89290,1,89290,1
78555,89290,1,89290,1
78555,89290,1,89290,1
78555,89290,1,89290,1
78555,89290,1,89290,1
78555,89290,1,89290,1
78555,89290,1,89290,1
78555,89290,1,89290,1
78555,89290,1,89290,1
78555,89290,1,89290,1
78555,89290,1,89290,1
78555,89290,1,89290,1
78555,89290,1,89290,1
78555,89290,1,89290,1
78555,89290,1,89290,1
78555,89290,1,89290,1
78555,89290,1,89290,1
78555,89290,1,89290,1
78555,89290,1,89290,1
78555,89290,1,89290,1
78555,89290,1,89290,1
78555,89290,1,89290,1
78555,89290,1,89290,1
78555,89290,1,89290,1
78555,89290,1,89290,1
78555,89290,1,89290,1
78555,89290,1,89290,1
78555,89290,1,89290,1
78555,89290,1,89290,1
78555,89290,1,89290,1
78555,89290,1,89290,1
78555,89290,1,89290,1
78555,89290,1,89290,1
78555,89290,1,89290,1
78555,89290,1,89290,1
78555,89290,1,89290,1
78555,89290,1,89290,1
78555,89290,1,89290,1
78555,89290,1,89290,1
78555,89290,1,89290,1
78555,89290,1,89290,1
78555,89290,1,89290,1
78555,89290,1,89290,1
78555,89290,1,89290,1
78555,89290,1,89290,1
78555,89290,1,89290,1
78555,89290,1,89290,1
78555,89290,1,89290,1
78555,89290,1,89290,1
78555,89290,1,89290,1
78555,89290,1,89283,0
78555,89283,0,89283,0
78555,89283,0,89283,0
78555,89283,0,89283,0
78555,89283,0,89283,0
78555,89283,0,89283,0
78555,89283,0,89283,0
78555,89283,0,89283,0
78555,89283,0,89283,0
78555,89283,0,89283,0
78555,89283,0,89283,0
78555,89283,0,89283,0
78555,89283,0,89283,0
78555,89283,0,89283,0
78555,89283,0,89283,0
78555,89283,0,89283,0
78555,89283,0,89283,0
78555,89283,0,89283,0
78555,89283,0,89283,0
78555,89283,0,89283,0
78555,89283,0,89283,0
78555,89283,0,89283,0
78555,89283,0,89283,0
78555,89283,0,89283,0
78555,89283,0,89283,0
78555,89283,0,89283,0
78555,89283,0,89283,0
78555,89283,0,89283,0
78555,89283,0,89283,0
78555,89283,0,89283,0
78555,89283,0,89283,0
78555,89283,0,89283,0
78555,89283,0,89283,0
78555,89283,0,89283,0
78555,89283,0,89283,0
78555,89283,0,89283,0
78555,89283,0,89283,0
78555,89283,0,89283,0
78555,89283,0,89283,0
78555,89283,0,89283,0
78555,89283,0,89283,0
78555,89283,0,89283,0
78555,89283,0,89283,0
78555,89283,0,89283,0
78555,89283,0,89283,0
78555,89283,0,89283,0
78555,89283,0,89283,0
78555,89283,0,91378,1
78555,91378,1,91378,1
78555,91378,1,91378,1
78555,91378,1,91378,1
78555,91378,1,91378,1
78555,91378,1,91378,1
78555,91378,1,91378,1
78555,91378,1,91378,1
78555,91378,1,91378,1
78555,91378,1,91378,1
78555,91378,1,91378,1
78555,91378,1,91378,1
78555,91378,1,91378,1
78555,91378,1,91378,1
78555,91378,1,91378,1
78555,91378,1,91378,1
78555,91378,1,91378,1
78555,91378,1,91378,1
78555,91378,1,91378,1
78555,91378,1,91378,1
78555,91378,1,91378,1
78555,91378,1,91378,1
78555,91378,1,91378,1
78555,91378,1,91378,1
78555,91378,1,91378,1
78555,91378,1,91378,1
78555,91378,1,91378,1
78555,91378,1,91378,1
78555,91378,1,91378,1
78555,91378,1,91378,1
78555,91378,1,91378,1
78555,91378,1,91378,1
78555,91378,1,91378,1
78555,91378,1,91378,1
78555,91378,1,91378,1
78555,91378,1,91378,1
78555,91378,1,91378,1
78555,91378,1,91378,1
78555,91378,1,91378,1
78555,91378,1,91378,1
78555,91378,1,91378,1
78555,91378,1,91378,1
78555,91378,1,91378,1
78555,91378,1,91378,1
78555,91378,1,91378,1
78555,91378,1,91378,1
78555,91378,1,91378,1
78555,91378,1,91378,1
78555,91378,1,91378,1
78555,91378,1,91378,1
78555,91378,1,91378,1
78555,91378,1,91378,1
78555,91378,1,91378,1
78555,91378,1,91378,1
78555,91378,1,91378,1
78555,91378,1,91378,1
78555,91378,1,91378,1
78555,91378,1,91378,1
78555,91378,1,91378,1
78555,91378,1,91378,1
78555,91378,1,91378,1
78555,91378,1,91378,1
78555,91378,1,91378,1
78555,91378,1,91378,1
78555,91378,1,91378,1
78555,91378,1,91378,1
78555,91378,1,91378,1
78555,91378,1,91378,1
78555,91378,1,91378,1
78555,91378,1,91378,1
78555,91378,1,91378,1
78555,91378,1,91378,1
78555,91378,1,91378,1
78555,91378,1,91378,1
78555,91378,1,91378,1
78555,91378,1,91378,1
78555,91378,1,91378,1
78555,91378,1,91378,1
78555,91378,1,91378,1
78555,91378,1,91378,1
78555,91378,1,91378,1
78555,91378,1,91378,1
78555,91378,1,91378,1
78555,91378,1,91378,1
78555,91378,1,91378,1
78555,91378,1,91378,1
78555,91378,1,91378,1
78555,91378,1,91378,1
78555,91378,1,91378,1
78555,91378,1,91378,1
78555,91378,1,91378,1
78555,91378,1,91378,1
78555,91378,1,91378,1
78555,91378,1,91378,1
78555,91378,1,91378,1
78555,91378,1,91378,1
78555,91378,1,91378,1
78555,91378,1,91391,1
78555,91391,1,91391,1
78555,91391,1,91391,1
78555,91391,1,91391,1
78555,91391,1,91391,1
78555,91391,1,91391,1
78555,91391,1,91391,1
78555,91391,1,91391,1
78555,91391,1,91391,1
78555,91391,1,91391,1
78555,91391,1,91391,1
78555,91391,1,91391,1
78555,91391,1,91391,1
78555,91391,1,91391,1
78555,91391,1,91391,1
78555,91391,1,91391,1
78555,91391,1,91391,1
78555,91391,1,91391,1
78555,91391,1,91391,1
78555,91391,1,91391,1
78555,91391,1,91391,1
78555,91391,1,91391,1
78555,91391,1,91391,1
78555,91391,1,91391,1
78555,91391,1,91391,1
78555,91391,1,91391,1
78555,91391,1,91391,1
78555,91391,1,91391,1
78555,91391,1,91391,1
78555,91391,1,91391,1
78555,91391,1,91391,1
78555,91391,1,91391,1
78555,91391,1,91391,1
78555,91391,1,91391,1
78555,91391,1,91391,1
78555,91391,1,91391,1
78555,91391,1,91391,1
78555,91391,1,91391,1
78555,91391,1,91391,1
78555,91391,1,91391,1
78555,91391,1,91391,1
78555,91391,1,91391,1
78555,91391,1,91391,1
78555,91391,1,91391,1
78555,91391,1,91391,1
78555,91391,1,91391,1
78555,91391,1,91391,1
78555,91391,1,91395,1
78555,91395,1,91395,1
78555,91395,1,91395,1
78555,91395,1,91395,1
78555,91395,1,91395,1
78555,91395,1,91395,1
78555,91395,1,91395,1
78555,91395,1,91395,1
78555,91395,1,91395,1
78555,91395,1,91395,1
78555,91395,1,91395,1
78555,91395,1,91395,1
78555,91395,1,91395,1
78555,91395,1,91395,1
78555,91395,1,91395,1
78555,91395,1,91395,1
78555,91395,1,91395,1
78555,91395,1,91395,1
78555,91395,1,91395,1
78555,91395,1,91395,1
78555,91395,1,91395,1
78555,91395,1,91395,1
78555,91395,1,91395,1
78555,91395,1,91395,1
78555,91395,1,91395,1
78555,91395,1,91395,1
78555,91395,1,91395,1
78555,91395,1,91395,1
78555,91395,1,91395,1
78555,91395,1,91395,1
78555,91395,1,91395,1
78555,91395,1,91395,1
78555,91395,1,91395,1
78555,91395,1,91395,1
78555,91395,1,91395,1
78555,91395,1,91395,1
78555,91395,1,91395,1
78555,91395,1,91395,1
78555,91395,1,91395,1
78555,91395,1,91395,1
78555,91395,1,91395,1
78555,91395,1,91395,1
78555,91395,1,91395,1
78555,91395,1,91395,1
78555,91395,1,91395,1
78555,91395,1,91395,1
78555,91395,1,91395,1
78555,91395,1,89762,0
78555,89762,0,89762,0
78555,89762,0,89762,0
78555,89762,0,89762,0
78555,89762,0,89762,0
78555,89762,0,89762,0
78555,89762,0,89762,0
78555,89762,0,89762,0
78555,89762,0,89762,0
78555,89762,0,89762,0
78555,89762,0,89762,0
78555,89762,0,89762,0
78555,89762,0,89762,0
78555,89762,0,89762,0
78555,89762,0,89762,0
78555,89762,0,89762,0
78555,89762,0,89762,0
78555,89762,0,89762,0
78555,89762,0,89762,0
78555,89762,0,89762,0
78555,89762,0,89762,0
78555,89762,0,89762,0
78555,89762,0,89762,0
78555,89762,0,89762,0
78555,89762,0,89762,0
78555,89762,0,89762,0
78555,89762,0,89762,0
78555,89762,0,89762,0
78555,89762,0,89762,0
78555,89762,0,89762,0
78555,89762,0,89762,0
78555,89762,0,89762,0
78555,89762,0,89762,0
78555,89762,0,89762,0
78555,89762,0,89762,0
78555,89762,0,89762,0
78555,89762,0,89762,0
78555,89762,0,89762,0
78555,89762,0,89762,0
78555,89762,0,89762,0
78555,89762,0,89762,0
78555,89762,0,89762,0
78555,89762,0,89762,0
78555,89762,0,89762,0
78555,89762,0,89762,0
78555,89762,0,89762,0
78555,89762,0,89780,0
78555,89780,0,89780,0
78555,89780,0,89780,0
78555,89780,0,89780,0
78555,89780,0,89780,0
78555,89780,0,89780,0
78555,89780,0,89780,0
78555,89780,0,89780,0
78555,89780,0,89780,0
78555,89780,0,89780,0
78555,89780,0,89780,0
78555,89780,0,89780,0
78555,89780,0,89780,0
78555,89780,0,89780,0
78555,89780,0,89780,0
78555,89780,0,89780,0
78555,89780,0,89780,0
78555,89780,0,89780,0
78555,89780,0,89780,0
78555,89780,0,89780,0
78555,89780,0,89780,0
78555,89780,0,89780,0
78555,89780,0,89780,0
78555,89780,0,89780,0
78555,89780,0,89780,0
78555,89780,0,89780,0
78555,89780,0,89780,0
78555,89780,0,89780,0
78555,89780,0,89780,0
78555,89780,0,89780,0
78555,89780,0,89780,0
78555,89780,0,89780,0
78555,89780,0,89780,0
78555,89780,0,89780,0
78555,89780,0,89780,0
78555,89780,0,89780,0
78555,89780,0,89780,0
78555,89780,0,89780,0
78555,89780,0,89780,0
78555,89780,0,89780,0
78555,89780,0,89780,0
78555,89780,0,89780,0
78555,89780,0,89780,0
78555,89780,0,89780,0
78555,89780,0,89780,0
78555,89780,0,89780,0
78555,89780,0,89778,1
78555,89778,1,89778,1
78555,89778,1,89778,1
78555,89778,1,89778,1
78555,89778,1,89778,1
78555,89778,1,89778,1
78555,89778,1,89778,1
78555,89778,1,89778,1
78555,89778,1,89778,1
78555,89778,1,89778,1
78555,89778,1,89778,1
78555,89778,1,89778,1
78555,89778,1,89778,1
78555,89778,1,89778,1
78555,89778,1,89778,1
78555,89778,1,89778,1
78555,89778,1,89778,1
78555,89778,1,89778,1
78555,89778,1,89778,1
78555,89778,1,89778,1
78555,89778,1,89778,1
78555,89778,1,89778,1
78555,89778,1,89778,1
78555,89778,1,89778,1
78555,89778,1,89778,1
78555,89778,1,89778,1
78555,89778,1,89778,1
78555,89778,1,89778,1
78555,89778,1,89778,1
78555,89778,1,89778,1
78555,89778,1,89778,1
78555,89778,1,89778,1
78555,89778,1,89778,1
78555,89778,1,89778,1
78555,89778,1,89778,1
78555,89778,1,89778,1
78555,89778,1,89778,1
78555,89778,1,89778,1
78555,89778,1,89778,1
78555,89778,1,89778,1
78555,89778,1,89778,1
78555,89778,1,89778,1
78555,89778,1,89778,1
78555,89778,1,89778,1
78555,89778,1,89778,1
78555,89778,1,89778,1
78555,89778,1,89769,1
78555,89769,1,89769,1
78555,89769,1,89769,1
78555,89769,1,89769,1
78555,89769,1,89769,1
78555,89769,1,89769,1
78555,89769,1,89769,1
78555,89769,1,89769,1
78555,89769,1,89769,1
78555,89769,1,89769,1
78555,89769,1,89769,1
78555,89769,1,89769,1
78555,89769,1,89769,1
78555,89769,1,89769,1
78555,89769,1,89769,1
78555,89769,1,89769,1
78555,89769,1,89769,1
78555,89769,1,89769,1
78555,89769,1,89769,1
78555,89769,1,89769,1
78555,89769,1,89769,1
78555,89769,1,89769,1
78555,89769,1,89769,1
78555,89769,1,89769,1
78555,89769,1,89769,1
78555,89769,1,89769,1
78555,89769,1,89769,1
78555,89769,1,89769,1
78555,89769,1,89769,1
78555,89769,1,89769,1
78555,89769,1,89769,1
78555,89769,1,89769,1
78555,89769,1,89769,1
78555,89769,1,89769,1
78555,89769,1,89769,1
78555,89769,1,89769,1
78555,89769,1,89769,1
78555,89769,1,89769,1
78555,89769,1,89769,1
78555,89769,1,89769,1
78555,89769,1,89769,1
78555,89769,1,89769,1
78555,89769,1,89769,1
78555,89769,1,89769,1
78555,89769,1,89769,1
78555,89769,1,89769,1
78555,89769,1,89812,1
78555,89812,1,89812,1
78555,89812,1,89812,1
78555,89812,1,89812,1
78555,89812,1,89812,1
78555,89812,1,89812,1
78555,89812,1,89812,1
78555,89812,1,89812,1
78555,89812,1,89812,1
78555,89812,1,89812,1
78555,89812,1,89812,1
78555,89812,1,89812,1
78555,89812,1,89812,1
78555,89812,1,89812,1
78555,89812,1,89812,1
78555,89812,1,89812,1
78555,89812,1,89812,1
78555,89812,1,89812,1
78555,89812,1,89812,1
78555,89812,1,89812,1
78555,89812,1,89812,1
78555,89812,1,89812,1
78555,89812,1,89812,1
78555,89812,1,89812,1
78555,89812,1,89812,1
78555,89812,1,89812,1
78555,89812,1,89812,1
78555,89812,1,89812,1
78555,89812,1,89812,1
78555,89812,1,89812,1
78555,89812,1,89812,1
78555,89812,1,89812,1
78555,89812,1,89812,1
78555,89812,1,89812,1
78555,89812,1,89812,1
78555,89812,1,89812,1
78555,89812,1,89812,1
78555,89812,1,89812,1
78555,89812,1,89812,1
78555,89812,1,89812,1
78555,89812,1,89812,1
78555,89812,1,89812,1
78555,89812,1,89812,1
78555,89812,1,89812,1
78555,89812,1,89812,1
78555,89812,1,89812,1
78555,89812,1,89812,1
78555,89812,1,89812,1
78555,89812,1,89812,1
78555,89812,1,89812,1
78555,89812,1,89812,1
78555,89812,1,89812,1
78555,89812,1,89812,1
78555,89812,1,89812,1
78555,89812,1,89812,1
78555,89812,1,89812,1
78555,89812,1,89812,1
78555,89812,1,89812,1
78555,89812,1,89812,1
78555,89812,1,89812,1
78555,89812,1,89812,1
78555,89812,1,89812,1
78555,89812,1,89812,1
78555,89812,1,89812,1
78555,89812,1,89812,1
78555,89812,1,89812,1
78555,89812,1,89812,1
78555,89812,1,89812,1
78555,89812,1,89812,1
78555,89812,1,89812,1
78555,89812,1,89812,1
78555,89812,1,89812,1
78555,89812,1,89812,1
78555,89812,1,89812,1
78555,89812,1,89812,1
78555,89812,1,89812,1
78555,89812,1,89812,1
78555,89812,1,89812,1
78555,89812,1,89812,1
78555,89812,1,89812,1
78555,89812,1,89812,1
78555,89812,1,89812,1
78555,89812,1,89812,1
78555,89812,1,89812,1
78555,89812,1,89812,1
78555,89812,1,89812,1
78555,89812,1,89812,1
78555,89812,1,89812,1
78555,89812,1,89812,1
78555,89812,1,89812,1
78555,89812,1,89812,1
78555,89812,1,89812,1
78555,89812,1,89812,1
78555,89812,1,89840,1
78555,89840,1,89840,1
78555,89840,1,89840,1
78555,89840,1,89840,1
78555,89840,1,89840,1
78555,89840,1,89840,1
78555,89840,1,89840,1
78555,89840,1,89840,1
78555,89840,1,89840,1
78555,89840,1,89840,1
78555,89840,1,89840,1
78555,89840,1,89840,1
78555,89840,1,89840,1
78555,89840,1,89840,1
78555,89840,1,89840,1
78555,89840,1,89840,1
78555,89840,1,89840,1
78555,89840,1,89840,1
78555,89840,1,89840,1
78555,89840,1,89840,1
78555,89840,1,89840,1
78555,89840,1,89840,1
78555,89840,1,89840,1
78555,89840,1,89840,1
78555,89840,1,89840,1
78555,89840,1,89840,1
78555,89840,1,89840,1
78555,89840,1,89840,1
78555,89840,1,89840,1
78555,89840,1,89840,1
78555,89840,1,89840,1
78555,89840,1,89840,1
78555,89840,1,89840,1
78555,89840,1,89840,1
78555,89840,1,89840,1
78555,89840,1,89840,1
78555,89840,1,89840,1
78555,89840,1,89840,1
78555,89840,1,89840,1
78555,89840,1,89840,1
78555,89840,1,89840,1
78555,89840,1,89840,1
78555,89840,1,89840,1
78555,89840,1,89840,1
78555,89840,1,89840,1
78555,89840,1,89840,1
78555,89840,1,89840,1
78555,89840,1,89840,1
78555,89840,1,89840,1
78555,89840,1,89840,1
78555,89840,1,89840,1
78555,89840,1,89840,1
78555,89840,1,89840,1
78555,89840,1,89840,1
78555,89840,1,89840,1
78555,89840,1,89840,1
78555,89840,1,89840,1
78555,89840,1,89840,1
78555,89840,1,89840,1
78555,89840,1,89840,1
78555,89840,1,89840,1
78555,89840,1,89840,1
78555,89840,1,89840,1
78555,89840,1,89840,1
78555,89840,1,89840,1
78555,89840,1,89840,1
78555,89840,1,89840,1
78555,89840,1,89840,1
78555,89840,1,89840,1
78555,89840,1,89840,1
78555,89840,1,89840,1
78555,89840,1,89840,1
78555,89840,1,89840,1
78555,89840,1,89840,1
78555,89840,1,89840,1
78555,89840,1,89840,1
78555,89840,1,89840,1
78555,89840,1,89840,1
78555,89840,1,89840,1
78555,89840,1,89840,1
78555,89840,1,89840,1
78555,89840,1,89840,1
78555,89840,1,89840,1
78555,89840,1,89840,1
78555,89840,1,89840,1
78555,89840,1,89840,1
78555,89840,1,89840,1
78555,89840,1,89840,1
78555,89840,1,89840,1
78555,89840,1,89840,1
78555,89840,1,89840,1
78555,89840,1,89840,1
78555,89840,1,89840,1
78555,89840,1,89832,1
78555,89832,1,89832,1
78555,89832,1,89832,1
78555,89832,1,89832,1
78555,89832,1,89832,1
78555,89832,1,89832,1
78555,89832,1,89832,1
78555,89832,1,89832,1
78555,89832,1,89832,1
78555,89832,1,89832,1
78555,89832,1,89832,1
78555,89832,1,89832,1
78555,89832,1,89832,1
78555,89832,1,89832,1
78555,89832,1,89832,1
78555,89832,1,89832,1
78555,89832,1,89832,1
78555,89832,1,89832,1
78555,89832,1,89832,1
78555,89832,1,89832,1
78555,89832,1,89832,1
78555,89832,1,89832,1
78555,89832,1,89832,1
78555,89832,1,89832,1
78555,89832,1,89832,1
78555,89832,1,89832,1
78555,89832,1,89832,1
78555,89832,1,89832,1
78555,89832,1,89832,1
78555,89832,1,89832,1
78555,89832,1,89832,1
78555,89832,1,89832,1
78555,89832,1,89832,1
78555,89832,1,89832,1
78555,89832,1,89832,1
78555,89832,1,89832,1
78555,89832,1,89832,1
78555,89832,1,89832,1
78555,89832,1,89832,1
78555,89832,1,89832,1
78555,89832,1,89832,1
78555,89832,1,89832,1
78555,89832,1,89832,1
78555,89832,1,89832,1
78555,89832,1,89833,1
78555,89833,1,89833,1
78555,89833,1,89833,1
78555,89833,1,89833,1
78555,89833,1,89833,1
78555,89833,1,89833,1
78555,89833,1,89833,1
78555,89833,1,89833,1
78555,89833,1,89833,1
78555,89833,1,89833,1
78555,89833,1,89833,1
78555,89833,1,89833,1
78555,89833,1,89833,1
78555,89833,1,89833,1
78555,89833,1,89833,1
78555,89833,1,89833,1
78555,89833,1,89833,1
78555,89833,1,89833,1
78555,89833,1,89833,1
78555,89833,1,89833,1
78555,89833,1,89833,1
78555,89833,1,89833,1
78555,89833,1,89833,1
78555,89833,1,89833,1
78555,89833,1,89833,1
78555,89833,1,89833,1
78555,89833,1,89833,1
78555,89833,1,89833,1
78555,89833,1,89833,1
78555,89833,1,89833,1
78555,89833,1,89833,1
78555,89833,1,89833,1
78555,89833,1,89833,1
78555,89833,1,89833,1
78555,89833,1,89833,1
78555,89833,1,89833,1
78555,89833,1,89833,1
78555,89833,1,89833,1
78555,89833,1,89833,1
78555,89833,1,89833,1
78555,89833,1,89833,1
78555,89833,1,89833,1
78555,89833,1,89833,1
78555,89833,1,89833,1
78555,89833,1,89833,1
78555,89833,1,89833,1
78555,89833,1,173937,1
78555,173937,1,173942,1
78555,173942,1,173994,1
78555,173994,1,174006,1
78556,93180,1,93180,1
78556,93180,1,93180,1
78556,93180,1,93180,1
78556,93180,1,93180,1
78556,93180,1,93180,1
78556,93180,1,93180,1
78556,93180,1,93180,1
78556,93180,1,93180,1
78556,93180,1,93180,1
78556,93180,1,93180,1
78556,93180,1,93180,1
78556,93180,1,93180,1
78556,93180,1,93180,1
78556,93180,1,93180,1
78556,93180,1,93180,1
78556,93180,1,93180,1
78556,93180,1,93180,1
78556,93180,1,93180,1
78556,93180,1,93180,1
78556,93180,1,93180,1
78556,93180,1,93180,1
78556,93180,1,93180,1
78556,93180,1,93180,1
78556,93180,1,93180,1
78556,93180,1,93180,1
78556,93180,1,93180,1
78556,93180,1,93180,1
78556,93180,1,93180,1
78556,93180,1,93180,1
78556,93180,1,93180,1
78556,93180,1,93180,1
78556,93180,1,93180,1
78556,93180,1,93180,1
78556,93180,1,93180,1
78556,93180,1,93180,1
78556,93180,1,93180,1
78556,93180,1,93180,1
78556,93180,1,93180,1
78556,93180,1,93180,1
78556,93180,1,93180,1
78556,93180,1,93180,1
78556,93180,1,93180,1
78556,93180,1,93180,1
78556,93180,1,93180,1
78556,93180,1,93180,1
78556,93180,1,93149,1
78556,93149,1,93149,1
78556,93149,1,93149,1
78556,93149,1,93149,1
78556,93149,1,93149,1
78556,93149,1,93149,1
78556,93149,1,93149,1
78556,93149,1,93149,1
78556,93149,1,93149,1
78556,93149,1,93149,1
78556,93149,1,93149,1
78556,93149,1,93149,1
78556,93149,1,93149,1
78556,93149,1,93149,1
78556,93149,1,93149,1
78556,93149,1,93149,1
78556,93149,1,93149,1
78556,93149,1,93149,1
78556,93149,1,93149,1
78556,93149,1,93149,1
78556,93149,1,93149,1
78556,93149,1,93149,1
78556,93149,1,93149,1
78556,93149,1,93149,1
78556,93149,1,93149,1
78556,93149,1,93149,1
78556,93149,1,93149,1
78556,93149,1,93149,1
78556,93149,1,93149,1
78556,93149,1,93149,1
78556,93149,1,93149,1
78556,93149,1,93149,1
78556,93149,1,93149,1
78556,93149,1,93149,1
78556,93149,1,93149,1
78556,93149,1,93149,1
78556,93149,1,93149,1
78556,93149,1,93149,1
78556,93149,1,93149,1
78556,93149,1,93149,1
78556,93149,1,93149,1
78556,93149,1,93149,1
78556,93149,1,93149,1
78556,93149,1,93149,1
78556,93149,1,93149,1
78556,93149,1,93149,1
78556,93149,1,93235,1
78556,93235,1,93235,1
78556,93235,1,93235,1
78556,93235,1,93235,1
78556,93235,1,93235,1
78556,93235,1,93235,1
78556,93235,1,93235,1
78556,93235,1,93235,1
78556,93235,1,93235,1
78556,93235,1,93235,1
78556,93235,1,93235,1
78556,93235,1,93235,1
78556,93235,1,93235,1
78556,93235,1,93235,1
78556,93235,1,93235,1
78556,93235,1,93235,1
78556,93235,1,93235,1
78556,93235,1,93235,1
78556,93235,1,93235,1
78556,93235,1,93235,1
78556,93235,1,93235,1
78556,93235,1,93235,1
78556,93235,1,93235,1
78556,93235,1,93235,1
78556,93235,1,93235,1
78556,93235,1,93235,1
78556,93235,1,93235,1
78556,93235,1,93235,1
78556,93235,1,93235,1
78556,93235,1,93235,1
78556,93235,1,93235,1
78556,93235,1,93235,1
78556,93235,1,93235,1
78556,93235,1,93235,1
78556,93235,1,93235,1
78556,93235,1,93235,1
78556,93235,1,93235,1
78556,93235,1,93235,1
78556,93235,1,93235,1
78556,93235,1,93235,1
78556,93235,1,93235,1
78556,93235,1,93235,1
78556,93235,1,93235,1
78556,93235,1,86124,1
78556,86124,1,86124,1
78556,86124,1,86124,1
78556,86124,1,86124,1
78556,86124,1,86124,1
78556,86124,1,86124,1
78556,86124,1,86124,1
78556,86124,1,86124,1
78556,86124,1,86124,1
78556,86124,1,86124,1
78556,86124,1,86124,1
78556,86124,1,86124,1
78556,86124,1,86124,1
78556,86124,1,86124,1
78556,86124,1,86124,1
78556,86124,1,86124,1
78556,86124,1,86124,1
78556,86124,1,86124,1
78556,86124,1,86124,1
78556,86124,1,86124,1
78556,86124,1,86124,1
78556,86124,1,86124,1
78556,86124,1,86124,1
78556,86124,1,86124,1
78556,86124,1,86124,1
78556,86124,1,86124,1
78556,86124,1,86124,1
78556,86124,1,86124,1
78556,86124,1,86124,1
78556,86124,1,86124,1
78556,86124,1,86124,1
78556,86124,1,86124,1
78556,86124,1,86124,1
78556,86124,1,86124,1
78556,86124,1,86124,1
78556,86124,1,86124,1
78556,86124,1,86124,1
78556,86124,1,86124,1
78556,86124,1,86124,1
78556,86124,1,86124,1
78556,86124,1,86124,1
78556,86124,1,86124,1
78556,86124,1,86124,1
78556,86124,1,86124,1
78556,86124,1,86124,1
78556,86124,1,86124,1
78556,86124,1,85653,1
78556,85653,1,85653,1
78556,85653,1,85653,1
78556,85653,1,85653,1
78556,85653,1,85653,1
78556,85653,1,85653,1
78556,85653,1,85653,1
78556,85653,1,85653,1
78556,85653,1,85653,1
78556,85653,1,85653,1
78556,85653,1,85653,1
78556,85653,1,85653,1
78556,85653,1,85653,1
78556,85653,1,85653,1
78556,85653,1,85653,1
78556,85653,1,85653,1
78556,85653,1,85653,1
78556,85653,1,85653,1
78556,85653,1,85653,1
78556,85653,1,85653,1
78556,85653,1,85653,1
78556,85653,1,85653,1
78556,85653,1,85653,1
78556,85653,1,85653,1
78556,85653,1,85653,1
78556,85653,1,85653,1
78556,85653,1,85653,1
78556,85653,1,85653,1
78556,85653,1,85653,1
78556,85653,1,85653,1
78556,85653,1,85653,1
78556,85653,1,85653,1
78556,85653,1,85653,1
78556,85653,1,85653,1
78556,85653,1,85653,1
78556,85653,1,85653,1
78556,85653,1,85653,1
78556,85653,1,85653,1
78556,85653,1,85653,1
78556,85653,1,85653,1
78556,85653,1,85653,1
78556,85653,1,85653,1
78556,85653,1,85653,1
78556,85653,1,85653,1
78556,85653,1,85653,1
78556,85653,1,85653,1
78556,85653,1,85101,1
78556,85101,1,85101,1
78556,85101,1,85101,1
78556,85101,1,85101,1
78556,85101,1,85101,1
78556,85101,1,85101,1
78556,85101,1,85101,1
78556,85101,1,85101,1
78556,85101,1,85101,1
78556,85101,1,85101,1
78556,85101,1,85101,1
78556,85101,1,85101,1
78556,85101,1,85101,1
78556,85101,1,85101,1
78556,85101,1,85101,1
78556,85101,1,85101,1
78556,85101,1,85101,1
78556,85101,1,85101,1
78556,85101,1,85101,1
78556,85101,1,85101,1
78556,85101,1,85101,1
78556,85101,1,85101,1
78556,85101,1,85101,1
78556,85101,1,85101,1
78556,85101,1,85101,1
78556,85101,1,85101,1
78556,85101,1,85101,1
78556,85101,1,85101,1
78556,85101,1,85101,1
78556,85101,1,85101,1
78556,85101,1,85101,1
78556,85101,1,85101,1
78556,85101,1,85101,1
78556,85101,1,85101,1
78556,85101,1,85101,1
78556,85101,1,85101,1
78556,85101,1,85101,1
78556,85101,1,85101,1
78556,85101,1,85101,1
78556,85101,1,85101,1
78556,85101,1,85101,1
78556,85101,1,85101,1
78556,85101,1,85101,1
78556,85101,1,91354,1
78556,91354,1,91354,1
78556,91354,1,91354,1
78556,91354,1,91354,1
78556,91354,1,91354,1
78556,91354,1,91354,1
78556,91354,1,91354,1
78556,91354,1,91354,1
78556,91354,1,91354,1
78556,91354,1,91354,1
78556,91354,1,91354,1
78556,91354,1,91354,1
78556,91354,1,91354,1
78556,91354,1,91354,1
78556,91354,1,91354,1
78556,91354,1,91354,1
78556,91354,1,91354,1
78556,91354,1,91354,1
78556,91354,1,91354,1
78556,91354,1,91354,1
78556,91354,1,91354,1
78556,91354,1,91354,1
78556,91354,1,91354,1
78556,91354,1,91354,1
78556,91354,1,91354,1
78556,91354,1,91354,1
78556,91354,1,91354,1
78556,91354,1,91354,1
78556,91354,1,91354,1
78556,91354,1,91354,1
78556,91354,1,91354,1
78556,91354,1,91354,1
78556,91354,1,91354,1
78556,91354,1,91354,1
78556,91354,1,91354,1
78556,91354,1,91354,1
78556,91354,1,91354,1
78556,91354,1,91354,1
78556,91354,1,91354,1
78556,91354,1,91354,1
78556,91354,1,91354,1
78556,91354,1,91354,1
78556,91354,1,91354,1
78556,91354,1,91354,1
78556,91354,1,91354,1
78556,91354,1,91354,1
78556,91354,1,91354,1
78556,91354,1,89263,1
78556,89263,1,89263,1
78556,89263,1,89263,1
78556,89263,1,89263,1
78556,89263,1,89263,1
78556,89263,1,89263,1
78556,89263,1,89263,1
78556,89263,1,89263,1
78556,89263,1,89263,1
78556,89263,1,89263,1
78556,89263,1,89263,1
78556,89263,1,89263,1
78556,89263,1,89263,1
78556,89263,1,89263,1
78556,89263,1,89263,1
78556,89263,1,89263,1
78556,89263,1,89263,1
78556,89263,1,89263,1
78556,89263,1,89263,1
78556,89263,1,89263,1
78556,89263,1,89263,1
78556,89263,1,89263,1
78556,89263,1,89263,1
78556,89263,1,89263,1
78556,89263,1,89263,1
78556,89263,1,89263,1
78556,89263,1,89263,1
78556,89263,1,89263,1
78556,89263,1,89263,1
78556,89263,1,89263,1
78556,89263,1,89263,1
78556,89263,1,89263,1
78556,89263,1,89263,1
78556,89263,1,89263,1
78556,89263,1,89263,1
78556,89263,1,89263,1
78556,89263,1,89263,1
78556,89263,1,89263,1
78556,89263,1,89263,1
78556,89263,1,89263,1
78556,89263,1,89263,1
78556,89263,1,89263,1
78556,89263,1,89263,1
78556,89263,1,89263,1
78556,89263,1,89263,1
78556,89263,1,89263,1
78556,89263,1,89263,1
78556,89263,1,91392,1
78556,91392,1,91392,1
78556,91392,1,91392,1
78556,91392,1,91392,1
78556,91392,1,91392,1
78556,91392,1,91392,1
78556,91392,1,91392,1
78556,91392,1,91392,1
78556,91392,1,91392,1
78556,91392,1,91392,1
78556,91392,1,91392,1
78556,91392,1,91392,1
78556,91392,1,91392,1
78556,91392,1,91392,1
78556,91392,1,91392,1
78556,91392,1,91392,1
78556,91392,1,91392,1
78556,91392,1,91392,1
78556,91392,1,91392,1
78556,91392,1,91392,1
78556,91392,1,91392,1
78556,91392,1,91392,1
78556,91392,1,91392,1
78556,91392,1,91392,1
78556,91392,1,91392,1
78556,91392,1,91392,1
78556,91392,1,91392,1
78556,91392,1,91392,1
78556,91392,1,91392,1
78556,91392,1,91392,1
78556,91392,1,91392,1
78556,91392,1,91392,1
78556,91392,1,91392,1
78556,91392,1,91392,1
78556,91392,1,91392,1
78556,91392,1,91392,1
78556,91392,1,91392,1
78556,91392,1,91392,1
78556,91392,1,91392,1
78556,91392,1,91392,1
78556,91392,1,91392,1
78556,91392,1,91392,1
78556,91392,1,91392,1
78556,91392,1,91392,1
78556,91392,1,91392,1
78556,91392,1,91392,1
78556,91392,1,91392,1
78556,91392,1,91392,1
78556,91392,1,91392,1
78556,91392,1,91392,1
78556,91392,1,91392,1
78556,91392,1,91392,1
78556,91392,1,91392,1
78556,91392,1,91392,1
78556,91392,1,91392,1
78556,91392,1,91392,1
78556,91392,1,91392,1
78556,91392,1,91392,1
78556,91392,1,91392,1
78556,91392,1,91392,1
78556,91392,1,91392,1
78556,91392,1,91392,1
78556,91392,1,91392,1
78556,91392,1,91392,1
78556,91392,1,91392,1
78556,91392,1,91392,1
78556,91392,1,91392,1
78556,91392,1,91392,1
78556,91392,1,91392,1
78556,91392,1,91392,1
78556,91392,1,91392,1
78556,91392,1,91392,1
78556,91392,1,91392,1
78556,91392,1,91392,1
78556,91392,1,91392,1
78556,91392,1,91392,1
78556,91392,1,91392,1
78556,91392,1,91392,1
78556,91392,1,91392,1
78556,91392,1,91392,1
78556,91392,1,91392,1
78556,91392,1,91392,1
78556,91392,1,91392,1
78556,91392,1,91392,1
78556,91392,1,91392,1
78556,91392,1,91392,1
78556,91392,1,91392,1
78556,91392,1,91392,1
78556,91392,1,91392,1
78556,91392,1,91392,1
78556,91392,1,91392,1
78556,91392,1,91392,1
78556,91392,1,91392,1
78556,91392,1,91392,1
78556,91392,1,91392,1
78556,91392,1,91392,1
78556,91392,1,91392,1
78556,91392,1,91376,1
78556,91376,1,91376,1
78556,91376,1,91376,1
78556,91376,1,91376,1
78556,91376,1,91376,1
78556,91376,1,91376,1
78556,91376,1,91376,1
78556,91376,1,91376,1
78556,91376,1,91376,1
78556,91376,1,91376,1
78556,91376,1,91376,1
78556,91376,1,91376,1
78556,91376,1,91376,1
78556,91376,1,91376,1
78556,91376,1,91376,1
78556,91376,1,91376,1
78556,91376,1,91376,1
78556,91376,1,91376,1
78556,91376,1,91376,1
78556,91376,1,91376,1
78556,91376,1,91376,1
78556,91376,1,91376,1
78556,91376,1,91376,1
78556,91376,1,91376,1
78556,91376,1,91376,1
78556,91376,1,91376,1
78556,91376,1,91376,1
78556,91376,1,91376,1
78556,91376,1,91376,1
78556,91376,1,91376,1
78556,91376,1,91376,1
78556,91376,1,91376,1
78556,91376,1,91376,1
78556,91376,1,91376,1
78556,91376,1,91376,1
78556,91376,1,91376,1
78556,91376,1,91376,1
78556,91376,1,91376,1
78556,91376,1,91376,1
78556,91376,1,91376,1
78556,91376,1,91376,1
78556,91376,1,91376,1
78556,91376,1,91376,1
78556,91376,1,91376,1
78556,91376,1,91376,1
78556,91376,1,91376,1
78556,91376,1,91376,1
78556,91376,1,91376,1
78556,91376,1,91376,1
78556,91376,1,91376,1
78556,91376,1,91376,1
78556,91376,1,91376,1
78556,91376,1,91376,1
78556,91376,1,91376,1
78556,91376,1,91376,1
78556,91376,1,91376,1
78556,91376,1,91376,1
78556,91376,1,91376,1
78556,91376,1,91376,1
78556,91376,1,91376,1
78556,91376,1,91376,1
78556,91376,1,91376,1
78556,91376,1,91376,1
78556,91376,1,91376,1
78556,91376,1,91376,1
78556,91376,1,91376,1
78556,91376,1,91376,1
78556,91376,1,91376,1
78556,91376,1,91376,1
78556,91376,1,91376,1
78556,91376,1,91376,1
78556,91376,1,91376,1
78556,91376,1,91376,1
78556,91376,1,91376,1
78556,91376,1,91376,1
78556,91376,1,91376,1
78556,91376,1,91376,1
78556,91376,1,91376,1
78556,91376,1,91376,1
78556,91376,1,91376,1
78556,91376,1,91376,1
78556,91376,1,91376,1
78556,91376,1,91376,1
78556,91376,1,91376,1
78556,91376,1,91376,1
78556,91376,1,91376,1
78556,91376,1,91376,1
78556,91376,1,91376,1
78556,91376,1,91376,1
78556,91376,1,91376,1
78556,91376,1,91376,1
78556,91376,1,91376,1
78556,91376,1,91376,1
78556,91376,1,91376,1
78556,91376,1,91376,1
78556,91376,1,91376,1
78556,91376,1,91376,1
78556,91376,1,89782,0
78556,89782,0,89782,0
78556,89782,0,89782,0
78556,89782,0,89782,0
78556,89782,0,89782,0
78556,89782,0,89782,0
78556,89782,0,89782,0
78556,89782,0,89782,0
78556,89782,0,89782,0
78556,89782,0,89782,0
78556,89782,0,89782,0
78556,89782,0,89782,0
78556,89782,0,89782,0
78556,89782,0,89782,0
78556,89782,0,89782,0
78556,89782,0,89782,0
78556,89782,0,89782,0
78556,89782,0,89782,0
78556,89782,0,89782,0
78556,89782,0,89782,0
78556,89782,0,89782,0
78556,89782,0,89782,0
78556,89782,0,89782,0
78556,89782,0,89782,0
78556,89782,0,89782,0
78556,89782,0,89782,0
78556,89782,0,89782,0
78556,89782,0,89782,0
78556,89782,0,89782,0
78556,89782,0,89782,0
78556,89782,0,89782,0
78556,89782,0,89782,0
78556,89782,0,89782,0
78556,89782,0,89782,0
78556,89782,0,89782,0
78556,89782,0,89782,0
78556,89782,0,89782,0
78556,89782,0,89782,0
78556,89782,0,89782,0
78556,89782,0,89782,0
78556,89782,0,89782,0
78556,89782,0,89782,0
78556,89782,0,89782,0
78556,89782,0,89782,0
78556,89782,0,89782,0
78556,89782,0,89782,0
78556,89782,0,89782,0
78556,89782,0,89782,0
78556,89782,0,89782,0
78556,89782,0,89782,0
78556,89782,0,89782,0
78556,89782,0,89782,0
78556,89782,0,89782,0
78556,89782,0,89782,0
78556,89782,0,89782,0
78556,89782,0,89782,0
78556,89782,0,89782,0
78556,89782,0,89782,0
78556,89782,0,89782,0
78556,89782,0,89782,0
78556,89782,0,89782,0
78556,89782,0,89782,0
78556,89782,0,89782,0
78556,89782,0,89782,0
78556,89782,0,89782,0
78556,89782,0,89782,0
78556,89782,0,89782,0
78556,89782,0,89782,0
78556,89782,0,89782,0
78556,89782,0,89782,0
78556,89782,0,89782,0
78556,89782,0,89782,0
78556,89782,0,89782,0
78556,89782,0,89782,0
78556,89782,0,89782,0
78556,89782,0,89782,0
78556,89782,0,89782,0
78556,89782,0,89782,0
78556,89782,0,89782,0
78556,89782,0,89782,0
78556,89782,0,89782,0
78556,89782,0,89782,0
78556,89782,0,89782,0
78556,89782,0,89782,0
78556,89782,0,89782,0
78556,89782,0,89782,0
78556,89782,0,89782,0
78556,89782,0,89782,0
78556,89782,0,89782,0
78556,89782,0,89782,0
78556,89782,0,89782,0
78556,89782,0,89782,0
78556,89782,0,89782,0
78556,89782,0,89777,1
78556,89777,1,89777,1
78556,89777,1,89777,1
78556,89777,1,89777,1
78556,89777,1,89777,1
78556,89777,1,89777,1
78556,89777,1,89777,1
78556,89777,1,89777,1
78556,89777,1,89777,1
78556,89777,1,89777,1
78556,89777,1,89777,1
78556,89777,1,89777,1
78556,89777,1,89777,1
78556,89777,1,89777,1
78556,89777,1,89777,1
78556,89777,1,89777,1
78556,89777,1,89777,1
78556,89777,1,89777,1
78556,89777,1,89777,1
78556,89777,1,89777,1
78556,89777,1,89777,1
78556,89777,1,89777,1
78556,89777,1,89777,1
78556,89777,1,89777,1
78556,89777,1,89777,1
78556,89777,1,89777,1
78556,89777,1,89777,1
78556,89777,1,89777,1
78556,89777,1,89777,1
78556,89777,1,89777,1
78556,89777,1,89777,1
78556,89777,1,89777,1
78556,89777,1,89777,1
78556,89777,1,89777,1
78556,89777,1,89777,1
78556,89777,1,89777,1
78556,89777,1,89777,1
78556,89777,1,89777,1
78556,89777,1,89777,1
78556,89777,1,89777,1
78556,89777,1,89777,1
78556,89777,1,89777,1
78556,89777,1,89777,1
78556,89777,1,89777,1
78556,89777,1,89777,1
78556,89777,1,89777,1
78556,89777,1,89812,0
78556,89812,0,89812,0
78556,89812,0,89812,0
78556,89812,0,89812,0
78556,89812,0,89812,0
78556,89812,0,89812,0
78556,89812,0,89812,0
78556,89812,0,89812,0
78556,89812,0,89812,0
78556,89812,0,89812,0
78556,89812,0,89812,0
78556,89812,0,89812,0
78556,89812,0,89812,0
78556,89812,0,89812,0
78556,89812,0,89812,0
78556,89812,0,89812,0
78556,89812,0,89812,0
78556,89812,0,89812,0
78556,89812,0,89812,0
78556,89812,0,89812,0
78556,89812,0,89812,0
78556,89812,0,89812,0
78556,89812,0,89812,0
78556,89812,0,89812,0
78556,89812,0,89812,0
78556,89812,0,89812,0
78556,89812,0,89812,0
78556,89812,0,89812,0
78556,89812,0,89812,0
78556,89812,0,89812,0
78556,89812,0,89812,0
78556,89812,0,89812,0
78556,89812,0,89812,0
78556,89812,0,89812,0
78556,89812,0,89812,0
78556,89812,0,89812,0
78556,89812,0,89812,0
78556,89812,0,89812,0
78556,89812,0,89812,0
78556,89812,0,89812,0
78556,89812,0,89812,0
78556,89812,0,89812,0
78556,89812,0,89812,0
78556,89812,0,89812,0
78556,89812,0,89812,0
78556,89812,0,89812,0
78556,89812,0,89812,0
78556,89812,0,89812,0
78556,89812,0,89812,0
78556,89812,0,89812,0
78556,89812,0,89812,0
78556,89812,0,89812,0
78556,89812,0,89812,0
78556,89812,0,89812,0
78556,89812,0,89812,0
78556,89812,0,89812,0
78556,89812,0,89812,0
78556,89812,0,89812,0
78556,89812,0,89812,0
78556,89812,0,89812,0
78556,89812,0,89812,0
78556,89812,0,89812,0
78556,89812,0,89812,0
78556,89812,0,89812,0
78556,89812,0,89812,0
78556,89812,0,89812,0
78556,89812,0,89812,0
78556,89812,0,89812,0
78556,89812,0,89812,0
78556,89812,0,89812,0
78556,89812,0,89812,0
78556,89812,0,89812,0
78556,89812,0,89812,0
78556,89812,0,89812,0
78556,89812,0,89812,0
78556,89812,0,89812,0
78556,89812,0,89812,0
78556,89812,0,89812,0
78556,89812,0,89812,0
78556,89812,0,89812,0
78556,89812,0,89812,0
78556,89812,0,89812,0
78556,89812,0,89812,0
78556,89812,0,89812,0
78556,89812,0,89812,0
78556,89812,0,89812,0
78556,89812,0,89812,0
78556,89812,0,89812,0
78556,89812,0,89812,0
78556,89812,0,89812,0
78556,89812,0,89812,0
78556,89812,0,89812,0
78556,89812,0,89812,0
78556,89812,0,89878,1
78556,89878,1,89878,1
78556,89878,1,89878,1
78556,89878,1,89878,1
78556,89878,1,89878,1
78556,89878,1,89878,1
78556,89878,1,89878,1
78556,89878,1,89878,1
78556,89878,1,89878,1
78556,89878,1,89878,1
78556,89878,1,89878,1
78556,89878,1,89878,1
78556,89878,1,89878,1
78556,89878,1,89878,1
78556,89878,1,89878,1
78556,89878,1,89878,1
78556,89878,1,89878,1
78556,89878,1,89878,1
78556,89878,1,89878,1
78556,89878,1,89878,1
78556,89878,1,89878,1
78556,89878,1,89878,1
78556,89878,1,89878,1
78556,89878,1,89878,1
78556,89878,1,89878,1
78556,89878,1,89878,1
78556,89878,1,89878,1
78556,89878,1,89878,1
78556,89878,1,89878,1
78556,89878,1,89878,1
78556,89878,1,89878,1
78556,89878,1,89878,1
78556,89878,1,89878,1
78556,89878,1,89878,1
78556,89878,1,89878,1
78556,89878,1,89878,1
78556,89878,1,89878,1
78556,89878,1,89878,1
78556,89878,1,89878,1
78556,89878,1,89878,1
78556,89878,1,89878,1
78556,89878,1,89878,1
78556,89878,1,89878,1
78556,89878,1,89878,1
78556,89878,1,89878,1
78556,89878,1,89878,1
78556,89878,1,89878,1
78556,89878,1,89878,1
78556,89878,1,89878,1
78556,89878,1,89878,1
78556,89878,1,89878,1
78556,89878,1,89878,1
78556,89878,1,89878,1
78556,89878,1,89878,1
78556,89878,1,89878,1
78556,89878,1,89878,1
78556,89878,1,89878,1
78556,89878,1,89878,1
78556,89878,1,89878,1
78556,89878,1,89878,1
78556,89878,1,89878,1
78556,89878,1,89878,1
78556,89878,1,89878,1
78556,89878,1,89878,1
78556,89878,1,89878,1
78556,89878,1,89878,1
78556,89878,1,89878,1
78556,89878,1,89878,1
78556,89878,1,89878,1
78556,89878,1,89878,1
78556,89878,1,89878,1
78556,89878,1,89878,1
78556,89878,1,89878,1
78556,89878,1,89878,1
78556,89878,1,89878,1
78556,89878,1,89878,1
78556,89878,1,89878,1
78556,89878,1,89878,1
78556,89878,1,89878,1
78556,89878,1,89878,1
78556,89878,1,89878,1
78556,89878,1,89878,1
78556,89878,1,89878,1
78556,89878,1,89878,1
78556,89878,1,89878,1
78556,89878,1,89878,1
78556,89878,1,89878,1
78556,89878,1,89878,1
78556,89878,1,89878,1
78556,89878,1,89878,1
78556,89878,1,89878,1
78556,89878,1,89878,1
78556,89878,1,89878,1
78556,89878,1,89844,1
78556,89844,1,89844,1
78556,89844,1,89844,1
78556,89844,1,89844,1
78556,89844,1,89844,1
78556,89844,1,89844,1
78556,89844,1,89844,1
78556,89844,1,89844,1
78556,89844,1,89844,1
78556,89844,1,89844,1
78556,89844,1,89844,1
78556,89844,1,89844,1
78556,89844,1,89844,1
78556,89844,1,89844,1
78556,89844,1,89844,1
78556,89844,1,89844,1
78556,89844,1,89844,1
78556,89844,1,89844,1
78556,89844,1,89844,1
78556,89844,1,89844,1
78556,89844,1,89844,1
78556,89844,1,89844,1
78556,89844,1,89844,1
78556,89844,1,89844,1
78556,89844,1,89844,1
78556,89844,1,89844,1
78556,89844,1,89844,1
78556,89844,1,89844,1
78556,89844,1,89844,1
78556,89844,1,89844,1
78556,89844,1,89844,1
78556,89844,1,89844,1
78556,89844,1,89844,1
78556,89844,1,89844,1
78556,89844,1,89844,1
78556,89844,1,89844,1
78556,89844,1,89844,1
78556,89844,1,89844,1
78556,89844,1,89844,1
78556,89844,1,89844,1
78556,89844,1,89844,1
78556,89844,1,89844,1
78556,89844,1,89844,1
78556,89844,1,89844,1
78556,89844,1,89844,1
78556,89844,1,89844,1
78556,89844,1,89844,1
78556,89844,1,89844,1
78556,89844,1,89844,1
78556,89844,1,89844,1
78556,89844,1,89844,1
78556,89844,1,89844,1
78556,89844,1,89844,1
78556,89844,1,89844,1
78556,89844,1,89844,1
78556,89844,1,89844,1
78556,89844,1,89844,1
78556,89844,1,89844,1
78556,89844,1,89844,1
78556,89844,1,89844,1
78556,89844,1,89844,1
78556,89844,1,89844,1
78556,89844,1,89844,1
78556,89844,1,89844,1
78556,89844,1,89844,1
78556,89844,1,89844,1
78556,89844,1,89844,1
78556,89844,1,89844,1
78556,89844,1,89844,1
78556,89844,1,89844,1
78556,89844,1,89844,1
78556,89844,1,89844,1
78556,89844,1,89844,1
78556,89844,1,89844,1
78556,89844,1,89844,1
78556,89844,1,89844,1
78556,89844,1,89844,1
78556,89844,1,89844,1
78556,89844,1,89844,1
78556,89844,1,89844,1
78556,89844,1,89844,1
78556,89844,1,89844,1
78556,89844,1,89844,1
78556,89844,1,89844,1
78556,89844,1,89844,1
78556,89844,1,89844,1
78556,89844,1,89844,1
78556,89844,1,89844,1
78556,89844,1,89844,1
78556,89844,1,89844,1
78556,89844,1,89844,1
78556,89844,1,89844,1
78556,89844,1,89844,1
78556,89844,1,89808,1
78556,89808,1,89808,1
78556,89808,1,89808,1
78556,89808,1,89808,1
78556,89808,1,89808,1
78556,89808,1,89808,1
78556,89808,1,89808,1
78556,89808,1,89808,1
78556,89808,1,89808,1
78556,89808,1,89808,1
78556,89808,1,89808,1
78556,89808,1,89808,1
78556,89808,1,89808,1
78556,89808,1,89808,1
78556,89808,1,89808,1
78556,89808,1,89808,1
78556,89808,1,89808,1
78556,89808,1,89808,1
78556,89808,1,89808,1
78556,89808,1,89808,1
78556,89808,1,89808,1
78556,89808,1,89808,1
78556,89808,1,89808,1
78556,89808,1,89808,1
78556,89808,1,89808,1
78556,89808,1,89808,1
78556,89808,1,89808,1
78556,89808,1,89808,1
78556,89808,1,89808,1
78556,89808,1,89808,1
78556,89808,1,89808,1
78556,89808,1,89808,1
78556,89808,1,89808,1
78556,89808,1,89808,1
78556,89808,1,89808,1
78556,89808,1,89808,1
78556,89808,1,89808,1
78556,89808,1,89808,1
78556,89808,1,89808,1
78556,89808,1,89808,1
78556,89808,1,89808,1
78556,89808,1,89808,1
78556,89808,1,89808,1
78556,89808,1,89808,1
78556,89808,1,89808,1
78556,89808,1,89808,1
78556,89808,1,89808,1
78556,89808,1,89808,1
78556,89808,1,89808,1
78556,89808,1,89808,1
78556,89808,1,89808,1
78556,89808,1,89808,1
78556,89808,1,89808,1
78556,89808,1,89808,1
78556,89808,1,89808,1
78556,89808,1,89808,1
78556,89808,1,89808,1
78556,89808,1,89808,1
78556,89808,1,89808,1
78556,89808,1,89808,1
78556,89808,1,89808,1
78556,89808,1,89808,1
78556,89808,1,89808,1
78556,89808,1,89808,1
78556,89808,1,89808,1
78556,89808,1,89808,1
78556,89808,1,89808,1
78556,89808,1,89808,1
78556,89808,1,89808,1
78556,89808,1,89808,1
78556,89808,1,89808,1
78556,89808,1,89808,1
78556,89808,1,89808,1
78556,89808,1,89808,1
78556,89808,1,89808,1
78556,89808,1,89808,1
78556,89808,1,89808,1
78556,89808,1,89808,1
78556,89808,1,89808,1
78556,89808,1,89808,1
78556,89808,1,89808,1
78556,89808,1,89808,1
78556,89808,1,89808,1
78556,89808,1,89808,1
78556,89808,1,89808,1
78556,89808,1,89808,1
78556,89808,1,89808,1
78556,89808,1,89808,1
78556,89808,1,89808,1
78556,89808,1,89808,1
78556,89808,1,89808,1
78556,89808,1,89808,1
78556,89808,1,89808,1
78556,89808,1,89877,1
78556,89877,1,89877,1
78556,89877,1,89877,1
78556,89877,1,89877,1
78556,89877,1,89877,1
78556,89877,1,89877,1
78556,89877,1,89877,1
78556,89877,1,89877,1
78556,89877,1,89877,1
78556,89877,1,89877,1
78556,89877,1,89877,1
78556,89877,1,89877,1
78556,89877,1,89877,1
78556,89877,1,89877,1
78556,89877,1,89877,1
78556,89877,1,89877,1
78556,89877,1,89877,1
78556,89877,1,89877,1
78556,89877,1,89877,1
78556,89877,1,89877,1
78556,89877,1,89877,1
78556,89877,1,89877,1
78556,89877,1,89877,1
78556,89877,1,89877,1
78556,89877,1,89877,1
78556,89877,1,89877,1
78556,89877,1,89877,1
78556,89877,1,89877,1
78556,89877,1,89877,1
78556,89877,1,89877,1
78556,89877,1,89877,1
78556,89877,1,89877,1
78556,89877,1,89877,1
78556,89877,1,89877,1
78556,89877,1,89877,1
78556,89877,1,89877,1
78556,89877,1,89877,1
78556,89877,1,89877,1
78556,89877,1,89877,1
78556,89877,1,89877,1
78556,89877,1,89877,1
78556,89877,1,89877,1
78556,89877,1,89877,1
78556,89877,1,89877,1
78556,89877,1,89877,1
78556,89877,1,89877,1
78556,89877,1,89877,1
78556,89877,1,89877,1
78556,89877,1,89877,1
78556,89877,1,89877,1
78556,89877,1,89877,1
78556,89877,1,89877,1
78556,89877,1,89877,1
78556,89877,1,89877,1
78556,89877,1,89877,1
78556,89877,1,89877,1
78556,89877,1,89877,1
78556,89877,1,89877,1
78556,89877,1,89877,1
78556,89877,1,89877,1
78556,89877,1,89877,1
78556,89877,1,89877,1
78556,89877,1,89877,1
78556,89877,1,89877,1
78556,89877,1,89877,1
78556,89877,1,89877,1
78556,89877,1,89877,1
78556,89877,1,89877,1
78556,89877,1,89877,1
78556,89877,1,89877,1
78556,89877,1,89877,1
78556,89877,1,89877,1
78556,89877,1,89877,1
78556,89877,1,89877,1
78556,89877,1,89877,1
78556,89877,1,89877,1
78556,89877,1,89877,1
78556,89877,1,89877,1
78556,89877,1,89877,1
78556,89877,1,89877,1
78556,89877,1,89877,1
78556,89877,1,89877,1
78556,89877,1,89877,1
78556,89877,1,89877,1
78556,89877,1,89877,1
78556,89877,1,89877,1
78556,89877,1,89877,1
78556,89877,1,89877,1
78556,89877,1,89877,1
78556,89877,1,89877,1
78556,89877,1,89877,1
78556,89877,1,89877,1
78556,89877,1,89877,1
78556,89877,1,173886,1
78556,173886,1,173905,1
78556,173905,1,173978,1
78556,173978,1,173990,1
78556,173990,1,91650,1
78556,91650,1,91650,1
78556,91650,1,91650,1
78556,91650,1,91650,1
78556,91650,1,91650,1
78556,91650,1,91650,1
78556,91650,1,91650,1
78556,91650,1,91650,1
78556,91650,1,91650,1
78556,91650,1,91650,1
78556,91650,1,91650,1
78556,91650,1,91650,1
78556,91650,1,91650,1
78556,91650,1,91650,1
78556,91650,1,91650,1
78556,91650,1,91650,1
78556,91650,1,91650,1
78556,91650,1,91650,1
78556,91650,1,91650,1
78556,91650,1,91650,1
78556,91650,1,91650,1
78556,91650,1,91650,1
78556,91650,1,91650,1
78556,91650,1,91650,1
78556,91650,1,91650,1
78556,91650,1,91650,1
78556,91650,1,91650,1
78556,91650,1,91650,1
78556,91650,1,91650,1
78556,91650,1,91650,1
78556,91650,1,91650,1
78556,91650,1,91650,1
78556,91650,1,91650,1
78556,91650,1,91650,1
78556,91650,1,91650,1
78556,91650,1,91650,1
78556,91650,1,91650,1
78556,91650,1,91650,1
78556,91650,1,91650,1
78556,91650,1,91650,1
78556,91650,1,91650,1
78556,91650,1,91650,1
78556,91650,1,91650,1
78556,91650,1,91650,1
78556,91650,1,91650,1
78556,91650,1,91650,1
78556,91650,1,91650,1
78556,91650,1,91650,1
78556,91650,1,91650,1
78556,91650,1,91650,1
78556,91650,1,91650,1
78556,91650,1,91650,1
78556,91650,1,91650,1
78556,91650,1,91650,1
78556,91650,1,91650,1
78556,91650,1,91650,1
78556,91650,1,91650,1
78556,91650,1,91650,1
78556,91650,1,91650,1
78556,91650,1,91650,1
78556,91650,1,91650,1
78556,91650,1,91650,1
78556,91650,1,91650,1
78556,91650,1,91650,1
78556,91650,1,91650,1
78556,91650,1,91650,1
78556,91650,1,91650,1
78556,91650,1,91650,1
78556,91650,1,91650,1
78556,91650,1,91650,1
78556,91650,1,91650,1
78556,91650,1,91650,1
78556,91650,1,91650,1
78556,91650,1,91650,1
78556,91650,1,91650,1
78556,91650,1,91650,1
78556,91650,1,91650,1
78556,91650,1,91650,1
78556,91650,1,91650,1
78556,91650,1,91650,1
78556,91650,1,91650,1
78556,91650,1,91650,1
78556,91650,1,91650,1
78556,91650,1,91650,1
78556,91650,1,91650,1
78556,91650,1,91650,1
78556,91650,1,91650,1
78556,91650,1,91650,1
78556,91650,1,91650,1
78556,91650,1,91650,1
78556,91650,1,91650,1
78556,91650,1,91650,1
78556,91650,1,91650,1
78556,91650,1,91651,1
78556,91651,1,91651,1
78556,91651,1,91651,1
78556,91651,1,91651,1
78556,91651,1,91651,1
78556,91651,1,91651,1
78556,91651,1,91651,1
78556,91651,1,91651,1
78556,91651,1,91651,1
78556,91651,1,91651,1
78556,91651,1,91651,1
78556,91651,1,91651,1
78556,91651,1,91651,1
78556,91651,1,91651,1
78556,91651,1,91651,1
78556,91651,1,91651,1
78556,91651,1,91651,1
78556,91651,1,91651,1
78556,91651,1,91651,1
78556,91651,1,91651,1
78556,91651,1,91651,1
78556,91651,1,91651,1
78556,91651,1,91651,1
78556,91651,1,91651,1
78556,91651,1,91651,1
78556,91651,1,91651,1
78556,91651,1,91651,1
78556,91651,1,91651,1
78556,91651,1,91651,1
78556,91651,1,91651,1
78556,91651,1,91651,1
78556,91651,1,91651,1
78556,91651,1,91651,1
78556,91651,1,91651,1
78556,91651,1,91651,1
78556,91651,1,91651,1
78556,91651,1,91651,1
78556,91651,1,91651,1
78556,91651,1,91651,1
78556,91651,1,91651,1
78556,91651,1,91651,1
78556,91651,1,91651,1
78556,91651,1,91651,1
78556,91651,1,91651,1
78557,93164,0,93164,0
78557,93164,0,93164,0
78557,93164,0,93164,0
78557,93164,0,93164,0
78557,93164,0,93164,0
78557,93164,0,93164,0
78557,93164,0,93164,0
78557,93164,0,93164,0
78557,93164,0,93164,0
78557,93164,0,93164,0
78557,93164,0,93164,0
78557,93164,0,93164,0
78557,93164,0,93164,0
78557,93164,0,93164,0
78557,93164,0,93164,0
78557,93164,0,93164,0
78557,93164,0,93164,0
78557,93164,0,93164,0
78557,93164,0,93164,0
78557,93164,0,93164,0
78557,93164,0,93164,0
78557,93164,0,93164,0
78557,93164,0,93164,0
78557,93164,0,93164,0
78557,93164,0,93164,0
78557,93164,0,93164,0
78557,93164,0,93164,0
78557,93164,0,93164,0
78557,93164,0,93164,0
78557,93164,0,93164,0
78557,93164,0,93164,0
78557,93164,0,93164,0
78557,93164,0,93164,0
78557,93164,0,93164,0
78557,93164,0,93164,0
78557,93164,0,93164,0
78557,93164,0,93164,0
78557,93164,0,93164,0
78557,93164,0,93164,0
78557,93164,0,93164,0
78557,93164,0,93164,0
78557,93164,0,93164,0
78557,93164,0,93164,0
78557,93164,0,93164,0
78557,93164,0,93164,0
78557,93164,0,93207,0
78557,93207,0,93207,0
78557,93207,0,93207,0
78557,93207,0,93207,0
78557,93207,0,93207,0
78557,93207,0,93207,0
78557,93207,0,93207,0
78557,93207,0,93207,0
78557,93207,0,93207,0
78557,93207,0,93207,0
78557,93207,0,93207,0
78557,93207,0,93207,0
78557,93207,0,93207,0
78557,93207,0,93207,0
78557,93207,0,93207,0
78557,93207,0,93207,0
78557,93207,0,93207,0
78557,93207,0,93207,0
78557,93207,0,93207,0
78557,93207,0,93207,0
78557,93207,0,93207,0
78557,93207,0,93207,0
78557,93207,0,93207,0
78557,93207,0,93207,0
78557,93207,0,93207,0
78557,93207,0,93207,0
78557,93207,0,93207,0
78557,93207,0,93207,0
78557,93207,0,93207,0
78557,93207,0,93207,0
78557,93207,0,93207,0
78557,93207,0,93207,0
78557,93207,0,93207,0
78557,93207,0,93207,0
78557,93207,0,93207,0
78557,93207,0,93207,0
78557,93207,0,93207,0
78557,93207,0,93207,0
78557,93207,0,93207,0
78557,93207,0,93207,0
78557,93207,0,93207,0
78557,93207,0,93207,0
78557,93207,0,93207,0
78557,93207,0,93207,0
78557,93207,0,93207,0
78557,93207,0,93207,0
78557,93207,0,93212,1
78557,93212,1,93212,1
78557,93212,1,93212,1
78557,93212,1,93212,1
78557,93212,1,93212,1
78557,93212,1,93212,1
78557,93212,1,93212,1
78557,93212,1,93212,1
78557,93212,1,93212,1
78557,93212,1,93212,1
78557,93212,1,93212,1
78557,93212,1,93212,1
78557,93212,1,93212,1
78557,93212,1,93212,1
78557,93212,1,93212,1
78557,93212,1,93212,1
78557,93212,1,93212,1
78557,93212,1,93212,1
78557,93212,1,93212,1
78557,93212,1,93212,1
78557,93212,1,93212,1
78557,93212,1,93212,1
78557,93212,1,93212,1
78557,93212,1,93212,1
78557,93212,1,93212,1
78557,93212,1,93212,1
78557,93212,1,93212,1
78557,93212,1,93212,1
78557,93212,1,93212,1
78557,93212,1,93212,1
78557,93212,1,93212,1
78557,93212,1,93212,1
78557,93212,1,93212,1
78557,93212,1,93212,1
78557,93212,1,93212,1
78557,93212,1,93212,1
78557,93212,1,93212,1
78557,93212,1,93212,1
78557,93212,1,93212,1
78557,93212,1,93212,1
78557,93212,1,93212,1
78557,93212,1,93212,1
78557,93212,1,93212,1
78557,93212,1,93212,1
78557,93212,1,93212,1
78557,93212,1,93212,1
78557,93212,1,93169,0
78557,93169,0,93169,0
78557,93169,0,93169,0
78557,93169,0,93169,0
78557,93169,0,93169,0
78557,93169,0,93169,0
78557,93169,0,93169,0
78557,93169,0,93169,0
78557,93169,0,93169,0
78557,93169,0,93169,0
78557,93169,0,93169,0
78557,93169,0,93169,0
78557,93169,0,93169,0
78557,93169,0,93169,0
78557,93169,0,93169,0
78557,93169,0,93169,0
78557,93169,0,93169,0
78557,93169,0,93169,0
78557,93169,0,93169,0
78557,93169,0,93169,0
78557,93169,0,93169,0
78557,93169,0,93169,0
78557,93169,0,93169,0
78557,93169,0,93169,0
78557,93169,0,93169,0
78557,93169,0,93169,0
78557,93169,0,93169,0
78557,93169,0,93169,0
78557,93169,0,93169,0
78557,93169,0,93169,0
78557,93169,0,93169,0
78557,93169,0,93169,0
78557,93169,0,93169,0
78557,93169,0,93169,0
78557,93169,0,93169,0
78557,93169,0,93169,0
78557,93169,0,93169,0
78557,93169,0,93169,0
78557,93169,0,93169,0
78557,93169,0,93169,0
78557,93169,0,93169,0
78557,93169,0,93169,0
78557,93169,0,93169,0
78557,93169,0,93169,0
78557,93169,0,93169,0
78557,93169,0,93169,0
78557,93169,0,93187,0
78557,93187,0,93187,0
78557,93187,0,93187,0
78557,93187,0,93187,0
78557,93187,0,93187,0
78557,93187,0,93187,0
78557,93187,0,93187,0
78557,93187,0,93187,0
78557,93187,0,93187,0
78557,93187,0,93187,0
78557,93187,0,93187,0
78557,93187,0,93187,0
78557,93187,0,93187,0
78557,93187,0,93187,0
78557,93187,0,93187,0
78557,93187,0,93187,0
78557,93187,0,93187,0
78557,93187,0,93187,0
78557,93187,0,93187,0
78557,93187,0,93187,0
78557,93187,0,93187,0
78557,93187,0,93187,0
78557,93187,0,93187,0
78557,93187,0,93187,0
78557,93187,0,93187,0
78557,93187,0,93187,0
78557,93187,0,93187,0
78557,93187,0,93187,0
78557,93187,0,93187,0
78557,93187,0,93187,0
78557,93187,0,93187,0
78557,93187,0,93187,0
78557,93187,0,93187,0
78557,93187,0,93187,0
78557,93187,0,93187,0
78557,93187,0,93187,0
78557,93187,0,93187,0
78557,93187,0,93187,0
78557,93187,0,93187,0
78557,93187,0,93187,0
78557,93187,0,93187,0
78557,93187,0,93187,0
78557,93187,0,93187,0
78557,93187,0,93187,0
78557,93187,0,93187,0
78557,93187,0,93187,0
78557,93187,0,93180,1
78557,93180,1,93180,1
78557,93180,1,93180,1
78557,93180,1,93180,1
78557,93180,1,93180,1
78557,93180,1,93180,1
78557,93180,1,93180,1
78557,93180,1,93180,1
78557,93180,1,93180,1
78557,93180,1,93180,1
78557,93180,1,93180,1
78557,93180,1,93180,1
78557,93180,1,93180,1
78557,93180,1,93180,1
78557,93180,1,93180,1
78557,93180,1,93180,1
78557,93180,1,93180,1
78557,93180,1,93180,1
78557,93180,1,93180,1
78557,93180,1,93180,1
78557,93180,1,93180,1
78557,93180,1,93180,1
78557,93180,1,93180,1
78557,93180,1,93180,1
78557,93180,1,93180,1
78557,93180,1,93180,1
78557,93180,1,93180,1
78557,93180,1,93180,1
78557,93180,1,93180,1
78557,93180,1,93180,1
78557,93180,1,93180,1
78557,93180,1,93180,1
78557,93180,1,93180,1
78557,93180,1,93180,1
78557,93180,1,93180,1
78557,93180,1,93180,1
78557,93180,1,93180,1
78557,93180,1,93180,1
78557,93180,1,93180,1
78557,93180,1,93180,1
78557,93180,1,93180,1
78557,93180,1,93180,1
78557,93180,1,93180,1
78557,93180,1,93180,1
78557,93180,1,93180,1
78557,93180,1,93180,1
78557,93180,1,93216,1
78557,93216,1,93216,1
78557,93216,1,93216,1
78557,93216,1,93216,1
78557,93216,1,93216,1
78557,93216,1,93216,1
78557,93216,1,93216,1
78557,93216,1,93216,1
78557,93216,1,93216,1
78557,93216,1,93216,1
78557,93216,1,93216,1
78557,93216,1,93216,1
78557,93216,1,93216,1
78557,93216,1,93216,1
78557,93216,1,93216,1
78557,93216,1,93216,1
78557,93216,1,93216,1
78557,93216,1,93216,1
78557,93216,1,93216,1
78557,93216,1,93216,1
78557,93216,1,93216,1
78557,93216,1,93216,1
78557,93216,1,93216,1
78557,93216,1,93216,1
78557,93216,1,93216,1
78557,93216,1,93216,1
78557,93216,1,93216,1
78557,93216,1,93216,1
78557,93216,1,93216,1
78557,93216,1,93216,1
78557,93216,1,93216,1
78557,93216,1,93216,1
78557,93216,1,93216,1
78557,93216,1,93216,1
78557,93216,1,93216,1
78557,93216,1,93216,1
78557,93216,1,93216,1
78557,93216,1,93216,1
78557,93216,1,93216,1
78557,93216,1,93216,1
78557,93216,1,93216,1
78557,93216,1,93216,1
78557,93216,1,93216,1
78557,93216,1,93216,1
78557,93216,1,93216,1
78557,93216,1,93216,1
78557,93216,1,85102,1
78557,85102,1,85102,1
78557,85102,1,85102,1
78557,85102,1,85102,1
78557,85102,1,85102,1
78557,85102,1,85102,1
78557,85102,1,85102,1
78557,85102,1,85102,1
78557,85102,1,85102,1
78557,85102,1,85102,1
78557,85102,1,85102,1
78557,85102,1,85102,1
78557,85102,1,85102,1
78557,85102,1,85102,1
78557,85102,1,85102,1
78557,85102,1,85102,1
78557,85102,1,85102,1
78557,85102,1,85102,1
78557,85102,1,85102,1
78557,85102,1,85102,1
78557,85102,1,85102,1
78557,85102,1,85102,1
78557,85102,1,85102,1
78557,85102,1,85102,1
78557,85102,1,85102,1
78557,85102,1,85102,1
78557,85102,1,85102,1
78557,85102,1,85102,1
78557,85102,1,85102,1
78557,85102,1,85102,1
78557,85102,1,85102,1
78557,85102,1,85102,1
78557,85102,1,85102,1
78557,85102,1,85102,1
78557,85102,1,85102,1
78557,85102,1,85102,1
78557,85102,1,85102,1
78557,85102,1,85102,1
78557,85102,1,85102,1
78557,85102,1,85102,1
78557,85102,1,85102,1
78557,85102,1,85102,1
78557,85102,1,85102,1
78557,85102,1,85102,1
78557,85102,1,85102,1
78557,85102,1,85102,1
78557,85102,1,85679,1
78557,85679,1,85679,1
78557,85679,1,85679,1
78557,85679,1,85679,1
78557,85679,1,85679,1
78557,85679,1,85679,1
78557,85679,1,85679,1
78557,85679,1,85679,1
78557,85679,1,85679,1
78557,85679,1,85679,1
78557,85679,1,85679,1
78557,85679,1,85679,1
78557,85679,1,85679,1
78557,85679,1,85679,1
78557,85679,1,85679,1
78557,85679,1,85679,1
78557,85679,1,85679,1
78557,85679,1,85679,1
78557,85679,1,85679,1
78557,85679,1,85679,1
78557,85679,1,85679,1
78557,85679,1,85679,1
78557,85679,1,85679,1
78557,85679,1,85679,1
78557,85679,1,85679,1
78557,85679,1,85679,1
78557,85679,1,85679,1
78557,85679,1,85679,1
78557,85679,1,85679,1
78557,85679,1,85679,1
78557,85679,1,85679,1
78557,85679,1,85679,1
78557,85679,1,85679,1
78557,85679,1,85679,1
78557,85679,1,85679,1
78557,85679,1,85679,1
78557,85679,1,85679,1
78557,85679,1,85679,1
78557,85679,1,85679,1
78557,85679,1,85679,1
78557,85679,1,85679,1
78557,85679,1,85679,1
78557,85679,1,85679,1
78557,85679,1,85679,1
78557,85679,1,85679,1
78557,85679,1,85679,1
78557,85679,1,85101,0
78557,85101,0,85101,0
78557,85101,0,85101,0
78557,85101,0,85101,0
78557,85101,0,85101,0
78557,85101,0,85101,0
78557,85101,0,85101,0
78557,85101,0,85101,0
78557,85101,0,85101,0
78557,85101,0,85101,0
78557,85101,0,85101,0
78557,85101,0,85101,0
78557,85101,0,85101,0
78557,85101,0,85101,0
78557,85101,0,85101,0
78557,85101,0,85101,0
78557,85101,0,85101,0
78557,85101,0,85101,0
78557,85101,0,85101,0
78557,85101,0,85101,0
78557,85101,0,85101,0
78557,85101,0,85101,0
78557,85101,0,85101,0
78557,85101,0,85101,0
78557,85101,0,85101,0
78557,85101,0,85101,0
78557,85101,0,85101,0
78557,85101,0,85101,0
78557,85101,0,85101,0
78557,85101,0,85101,0
78557,85101,0,85101,0
78557,85101,0,85101,0
78557,85101,0,85101,0
78557,85101,0,85101,0
78557,85101,0,85101,0
78557,85101,0,85101,0
78557,85101,0,85101,0
78557,85101,0,85101,0
78557,85101,0,85101,0
78557,85101,0,85101,0
78557,85101,0,85101,0
78557,85101,0,85101,0
78557,85101,0,85101,0
78557,85101,0,86105,1
78557,86105,1,86105,1
78557,86105,1,86105,1
78557,86105,1,86105,1
78557,86105,1,86105,1
78557,86105,1,86105,1
78557,86105,1,86105,1
78557,86105,1,86105,1
78557,86105,1,86105,1
78557,86105,1,86105,1
78557,86105,1,86105,1
78557,86105,1,86105,1
78557,86105,1,86105,1
78557,86105,1,86105,1
78557,86105,1,86105,1
78557,86105,1,86105,1
78557,86105,1,86105,1
78557,86105,1,86105,1
78557,86105,1,86105,1
78557,86105,1,86105,1
78557,86105,1,86105,1
78557,86105,1,86105,1
78557,86105,1,86105,1
78557,86105,1,86105,1
78557,86105,1,86105,1
78557,86105,1,86105,1
78557,86105,1,86105,1
78557,86105,1,86105,1
78557,86105,1,86105,1
78557,86105,1,86105,1
78557,86105,1,86105,1
78557,86105,1,86105,1
78557,86105,1,86105,1
78557,86105,1,86105,1
78557,86105,1,86105,1
78557,86105,1,86105,1
78557,86105,1,86105,1
78557,86105,1,86105,1
78557,86105,1,86105,1
78557,86105,1,86105,1
78557,86105,1,86105,1
78557,86105,1,86105,1
78557,86105,1,86105,1
78557,86105,1,86122,1
78557,86122,1,86122,1
78557,86122,1,86122,1
78557,86122,1,86122,1
78557,86122,1,86122,1
78557,86122,1,86122,1
78557,86122,1,86122,1
78557,86122,1,86122,1
78557,86122,1,86122,1
78557,86122,1,86122,1
78557,86122,1,86122,1
78557,86122,1,86122,1
78557,86122,1,86122,1
78557,86122,1,86122,1
78557,86122,1,86122,1
78557,86122,1,86122,1
78557,86122,1,86122,1
78557,86122,1,86122,1
78557,86122,1,86122,1
78557,86122,1,86122,1
78557,86122,1,86122,1
78557,86122,1,86122,1
78557,86122,1,86122,1
78557,86122,1,86122,1
78557,86122,1,86122,1
78557,86122,1,86122,1
78557,86122,1,86122,1
78557,86122,1,86122,1
78557,86122,1,86122,1
78557,86122,1,86122,1
78557,86122,1,86122,1
78557,86122,1,86122,1
78557,86122,1,86122,1
78557,86122,1,86122,1
78557,86122,1,86122,1
78557,86122,1,86122,1
78557,86122,1,86122,1
78557,86122,1,86122,1
78557,86122,1,86122,1
78557,86122,1,86122,1
78557,86122,1,86122,1
78557,86122,1,86122,1
78557,86122,1,86122,1
78557,86122,1,85672,0
78557,85672,0,85672,0
78557,85672,0,85672,0
78557,85672,0,85672,0
78557,85672,0,85672,0
78557,85672,0,85672,0
78557,85672,0,85672,0
78557,85672,0,85672,0
78557,85672,0,85672,0
78557,85672,0,85672,0
78557,85672,0,85672,0
78557,85672,0,85672,0
78557,85672,0,85672,0
78557,85672,0,85672,0
78557,85672,0,85672,0
78557,85672,0,85672,0
78557,85672,0,85672,0
78557,85672,0,85672,0
78557,85672,0,85672,0
78557,85672,0,85672,0
78557,85672,0,85672,0
78557,85672,0,85672,0
78557,85672,0,85672,0
78557,85672,0,85672,0
78557,85672,0,85672,0
78557,85672,0,85672,0
78557,85672,0,85672,0
78557,85672,0,85672,0
78557,85672,0,85672,0
78557,85672,0,85672,0
78557,85672,0,85672,0
78557,85672,0,85672,0
78557,85672,0,85672,0
78557,85672,0,85672,0
78557,85672,0,85672,0
78557,85672,0,85672,0
78557,85672,0,85672,0
78557,85672,0,85672,0
78557,85672,0,85672,0
78557,85672,0,85672,0
78557,85672,0,85672,0
78557,85672,0,85672,0
78557,85672,0,85672,0
78557,85672,0,85650,1
78557,85650,1,85650,1
78557,85650,1,85650,1
78557,85650,1,85650,1
78557,85650,1,85650,1
78557,85650,1,85650,1
78557,85650,1,85650,1
78557,85650,1,85650,1
78557,85650,1,85650,1
78557,85650,1,85650,1
78557,85650,1,85650,1
78557,85650,1,85650,1
78557,85650,1,85650,1
78557,85650,1,85650,1
78557,85650,1,85650,1
78557,85650,1,85650,1
78557,85650,1,85650,1
78557,85650,1,85650,1
78557,85650,1,85650,1
78557,85650,1,85650,1
78557,85650,1,85650,1
78557,85650,1,85650,1
78557,85650,1,85650,1
78557,85650,1,85650,1
78557,85650,1,85650,1
78557,85650,1,85650,1
78557,85650,1,85650,1
78557,85650,1,85650,1
78557,85650,1,85650,1
78557,85650,1,85650,1
78557,85650,1,85650,1
78557,85650,1,85650,1
78557,85650,1,85650,1
78557,85650,1,85650,1
78557,85650,1,85650,1
78557,85650,1,85650,1
78557,85650,1,85650,1
78557,85650,1,85650,1
78557,85650,1,85650,1
78557,85650,1,85650,1
78557,85650,1,85650,1
78557,85650,1,85650,1
78557,85650,1,85650,1
78557,85650,1,86098,1
78557,86098,1,86098,1
78557,86098,1,86098,1
78557,86098,1,86098,1
78557,86098,1,86098,1
78557,86098,1,86098,1
78557,86098,1,86098,1
78557,86098,1,86098,1
78557,86098,1,86098,1
78557,86098,1,86098,1
78557,86098,1,86098,1
78557,86098,1,86098,1
78557,86098,1,86098,1
78557,86098,1,86098,1
78557,86098,1,86098,1
78557,86098,1,86098,1
78557,86098,1,86098,1
78557,86098,1,86098,1
78557,86098,1,86098,1
78557,86098,1,86098,1
78557,86098,1,86098,1
78557,86098,1,86098,1
78557,86098,1,86098,1
78557,86098,1,86098,1
78557,86098,1,86098,1
78557,86098,1,86098,1
78557,86098,1,86098,1
78557,86098,1,86098,1
78557,86098,1,86098,1
78557,86098,1,86098,1
78557,86098,1,86098,1
78557,86098,1,86098,1
78557,86098,1,86098,1
78557,86098,1,86098,1
78557,86098,1,86098,1
78557,86098,1,86098,1
78557,86098,1,86098,1
78557,86098,1,86098,1
78557,86098,1,86098,1
78557,86098,1,86098,1
78557,86098,1,86098,1
78557,86098,1,86098,1
78557,86098,1,86098,1
78557,86098,1,85673,1
78557,85673,1,85673,1
78557,85673,1,85673,1
78557,85673,1,85673,1
78557,85673,1,85673,1
78557,85673,1,85673,1
78557,85673,1,85673,1
78557,85673,1,85673,1
78557,85673,1,85673,1
78557,85673,1,85673,1
78557,85673,1,85673,1
78557,85673,1,85673,1
78557,85673,1,85673,1
78557,85673,1,85673,1
78557,85673,1,85673,1
78557,85673,1,85673,1
78557,85673,1,85673,1
78557,85673,1,85673,1
78557,85673,1,85673,1
78557,85673,1,85673,1
78557,85673,1,85673,1
78557,85673,1,85673,1
78557,85673,1,85673,1
78557,85673,1,85673,1
78557,85673,1,85673,1
78557,85673,1,85673,1
78557,85673,1,85673,1
78557,85673,1,85673,1
78557,85673,1,85673,1
78557,85673,1,85673,1
78557,85673,1,85673,1
78557,85673,1,85673,1
78557,85673,1,85673,1
78557,85673,1,85673,1
78557,85673,1,85673,1
78557,85673,1,85673,1
78557,85673,1,85673,1
78557,85673,1,85673,1
78557,85673,1,85673,1
78557,85673,1,85673,1
78557,85673,1,85673,1
78557,85673,1,85673,1
78557,85673,1,85673,1
78557,85673,1,89300,1
78557,89300,1,89300,1
78557,89300,1,89300,1
78557,89300,1,89300,1
78557,89300,1,89300,1
78557,89300,1,89300,1
78557,89300,1,89300,1
78557,89300,1,89300,1
78557,89300,1,89300,1
78557,89300,1,89300,1
78557,89300,1,89300,1
78557,89300,1,89300,1
78557,89300,1,89300,1
78557,89300,1,89300,1
78557,89300,1,89300,1
78557,89300,1,89300,1
78557,89300,1,89300,1
78557,89300,1,89300,1
78557,89300,1,89300,1
78557,89300,1,89300,1
78557,89300,1,89300,1
78557,89300,1,89300,1
78557,89300,1,89300,1
78557,89300,1,89300,1
78557,89300,1,89300,1
78557,89300,1,89300,1
78557,89300,1,89300,1
78557,89300,1,89300,1
78557,89300,1,89300,1
78557,89300,1,89300,1
78557,89300,1,89300,1
78557,89300,1,89300,1
78557,89300,1,89300,1
78557,89300,1,89300,1
78557,89300,1,89300,1
78557,89300,1,89300,1
78557,89300,1,89300,1
78557,89300,1,89300,1
78557,89300,1,89300,1
78557,89300,1,89300,1
78557,89300,1,89300,1
78557,89300,1,89300,1
78557,89300,1,89300,1
78557,89300,1,89300,1
78557,89300,1,89300,1
78557,89300,1,89300,1
78557,89300,1,89300,1
78557,89300,1,91363,1
78557,91363,1,91363,1
78557,91363,1,91363,1
78557,91363,1,91363,1
78557,91363,1,91363,1
78557,91363,1,91363,1
78557,91363,1,91363,1
78557,91363,1,91363,1
78557,91363,1,91363,1
78557,91363,1,91363,1
78557,91363,1,91363,1
78557,91363,1,91363,1
78557,91363,1,91363,1
78557,91363,1,91363,1
78557,91363,1,91363,1
78557,91363,1,91363,1
78557,91363,1,91363,1
78557,91363,1,91363,1
78557,91363,1,91363,1
78557,91363,1,91363,1
78557,91363,1,91363,1
78557,91363,1,91363,1
78557,91363,1,91363,1
78557,91363,1,91363,1
78557,91363,1,91363,1
78557,91363,1,91363,1
78557,91363,1,91363,1
78557,91363,1,91363,1
78557,91363,1,91363,1
78557,91363,1,91363,1
78557,91363,1,91363,1
78557,91363,1,91363,1
78557,91363,1,91363,1
78557,91363,1,91363,1
78557,91363,1,91363,1
78557,91363,1,91363,1
78557,91363,1,91363,1
78557,91363,1,91363,1
78557,91363,1,91363,1
78557,91363,1,91363,1
78557,91363,1,91363,1
78557,91363,1,91363,1
78557,91363,1,91363,1
78557,91363,1,91363,1
78557,91363,1,91363,1
78557,91363,1,91363,1
78557,91363,1,91363,1
78557,91363,1,91363,1
78557,91363,1,91363,1
78557,91363,1,91363,1
78557,91363,1,91363,1
78557,91363,1,91363,1
78557,91363,1,91363,1
78557,91363,1,91363,1
78557,91363,1,91363,1
78557,91363,1,91363,1
78557,91363,1,91363,1
78557,91363,1,91363,1
78557,91363,1,91363,1
78557,91363,1,91363,1
78557,91363,1,91363,1
78557,91363,1,91363,1
78557,91363,1,91363,1
78557,91363,1,91363,1
78557,91363,1,91363,1
78557,91363,1,91363,1
78557,91363,1,91363,1
78557,91363,1,91363,1
78557,91363,1,91363,1
78557,91363,1,91363,1
78557,91363,1,91363,1
78557,91363,1,91363,1
78557,91363,1,91363,1
78557,91363,1,91363,1
78557,91363,1,91363,1
78557,91363,1,91363,1
78557,91363,1,91363,1
78557,91363,1,91363,1
78557,91363,1,91363,1
78557,91363,1,91363,1
78557,91363,1,91363,1
78557,91363,1,91363,1
78557,91363,1,91363,1
78557,91363,1,91363,1
78557,91363,1,91363,1
78557,91363,1,91363,1
78557,91363,1,91363,1
78557,91363,1,91363,1
78557,91363,1,91363,1
78557,91363,1,91363,1
78557,91363,1,91363,1
78557,91363,1,91363,1
78557,91363,1,91363,1
78557,91363,1,91363,1
78557,91363,1,91363,1
78557,91363,1,91363,1
78557,91363,1,91363,1
78557,91363,1,89267,1
78557,89267,1,89267,1
78557,89267,1,89267,1
78557,89267,1,89267,1
78557,89267,1,89267,1
78557,89267,1,89267,1
78557,89267,1,89267,1
78557,89267,1,89267,1
78557,89267,1,89267,1
78557,89267,1,89267,1
78557,89267,1,89267,1
78557,89267,1,89267,1
78557,89267,1,89267,1
78557,89267,1,89267,1
78557,89267,1,89267,1
78557,89267,1,89267,1
78557,89267,1,89267,1
78557,89267,1,89267,1
78557,89267,1,89267,1
78557,89267,1,89267,1
78557,89267,1,89267,1
78557,89267,1,89267,1
78557,89267,1,89267,1
78557,89267,1,89267,1
78557,89267,1,89267,1
78557,89267,1,89267,1
78557,89267,1,89267,1
78557,89267,1,89267,1
78557,89267,1,89267,1
78557,89267,1,89267,1
78557,89267,1,89267,1
78557,89267,1,89267,1
78557,89267,1,89267,1
78557,89267,1,89267,1
78557,89267,1,89267,1
78557,89267,1,89267,1
78557,89267,1,89267,1
78557,89267,1,89267,1
78557,89267,1,89267,1
78557,89267,1,89267,1
78557,89267,1,89267,1
78557,89267,1,89267,1
78557,89267,1,89267,1
78557,89267,1,89267,1
78557,89267,1,89267,1
78557,89267,1,89267,1
78557,89267,1,89267,1
78557,89267,1,89267,1
78557,89267,1,89267,1
78557,89267,1,89267,1
78557,89267,1,89267,1
78557,89267,1,89267,1
78557,89267,1,89267,1
78557,89267,1,89267,1
78557,89267,1,89267,1
78557,89267,1,89267,1
78557,89267,1,89267,1
78557,89267,1,89267,1
78557,89267,1,89267,1
78557,89267,1,89267,1
78557,89267,1,89267,1
78557,89267,1,89267,1
78557,89267,1,89267,1
78557,89267,1,89267,1
78557,89267,1,89267,1
78557,89267,1,89267,1
78557,89267,1,89267,1
78557,89267,1,89267,1
78557,89267,1,89267,1
78557,89267,1,89267,1
78557,89267,1,89267,1
78557,89267,1,89267,1
78557,89267,1,89267,1
78557,89267,1,89267,1
78557,89267,1,89267,1
78557,89267,1,89267,1
78557,89267,1,89267,1
78557,89267,1,89267,1
78557,89267,1,89267,1
78557,89267,1,89267,1
78557,89267,1,89267,1
78557,89267,1,89267,1
78557,89267,1,89267,1
78557,89267,1,89267,1
78557,89267,1,89267,1
78557,89267,1,89267,1
78557,89267,1,89267,1
78557,89267,1,89267,1
78557,89267,1,89267,1
78557,89267,1,89267,1
78557,89267,1,89267,1
78557,89267,1,89267,1
78557,89267,1,89267,1
78557,89267,1,89267,1
78557,89267,1,89267,1
78557,89267,1,89267,1
78557,89267,1,89267,1
78557,89267,1,89237,1
78557,89237,1,89237,1
78557,89237,1,89237,1
78557,89237,1,89237,1
78557,89237,1,89237,1
78557,89237,1,89237,1
78557,89237,1,89237,1
78557,89237,1,89237,1
78557,89237,1,89237,1
78557,89237,1,89237,1
78557,89237,1,89237,1
78557,89237,1,89237,1
78557,89237,1,89237,1
78557,89237,1,89237,1
78557,89237,1,89237,1
78557,89237,1,89237,1
78557,89237,1,89237,1
78557,89237,1,89237,1
78557,89237,1,89237,1
78557,89237,1,89237,1
78557,89237,1,89237,1
78557,89237,1,89237,1
78557,89237,1,89237,1
78557,89237,1,89237,1
78557,89237,1,89237,1
78557,89237,1,89237,1
78557,89237,1,89237,1
78557,89237,1,89237,1
78557,89237,1,89237,1
78557,89237,1,89237,1
78557,89237,1,89237,1
78557,89237,1,89237,1
78557,89237,1,89237,1
78557,89237,1,89237,1
78557,89237,1,89237,1
78557,89237,1,89237,1
78557,89237,1,89237,1
78557,89237,1,89237,1
78557,89237,1,89237,1
78557,89237,1,89237,1
78557,89237,1,89237,1
78557,89237,1,89237,1
78557,89237,1,89237,1
78557,89237,1,89237,1
78557,89237,1,89237,1
78557,89237,1,89237,1
78557,89237,1,89237,1
78557,89237,1,91365,1
78557,91365,1,91365,1
78557,91365,1,91365,1
78557,91365,1,91365,1
78557,91365,1,91365,1
78557,91365,1,91365,1
78557,91365,1,91365,1
78557,91365,1,91365,1
78557,91365,1,91365,1
78557,91365,1,91365,1
78557,91365,1,91365,1
78557,91365,1,91365,1
78557,91365,1,91365,1
78557,91365,1,91365,1
78557,91365,1,91365,1
78557,91365,1,91365,1
78557,91365,1,91365,1
78557,91365,1,91365,1
78557,91365,1,91365,1
78557,91365,1,91365,1
78557,91365,1,91365,1
78557,91365,1,91365,1
78557,91365,1,91365,1
78557,91365,1,91365,1
78557,91365,1,91365,1
78557,91365,1,91365,1
78557,91365,1,91365,1
78557,91365,1,91365,1
78557,91365,1,91365,1
78557,91365,1,91365,1
78557,91365,1,91365,1
78557,91365,1,91365,1
78557,91365,1,91365,1
78557,91365,1,91365,1
78557,91365,1,91365,1
78557,91365,1,91365,1
78557,91365,1,91365,1
78557,91365,1,91365,1
78557,91365,1,91365,1
78557,91365,1,91365,1
78557,91365,1,91365,1
78557,91365,1,91365,1
78557,91365,1,91365,1
78557,91365,1,91365,1
78557,91365,1,91365,1
78557,91365,1,91365,1
78557,91365,1,91365,1
78557,91365,1,91400,0
78557,91400,0,91400,0
78557,91400,0,91400,0
78557,91400,0,91400,0
78557,91400,0,91400,0
78557,91400,0,91400,0
78557,91400,0,91400,0
78557,91400,0,91400,0
78557,91400,0,91400,0
78557,91400,0,91400,0
78557,91400,0,91400,0
78557,91400,0,91400,0
78557,91400,0,91400,0
78557,91400,0,91400,0
78557,91400,0,91400,0
78557,91400,0,91400,0
78557,91400,0,91400,0
78557,91400,0,91400,0
78557,91400,0,91400,0
78557,91400,0,91400,0
78557,91400,0,91400,0
78557,91400,0,91400,0
78557,91400,0,91400,0
78557,91400,0,91400,0
78557,91400,0,91400,0
78557,91400,0,91400,0
78557,91400,0,91400,0
78557,91400,0,91400,0
78557,91400,0,91400,0
78557,91400,0,91400,0
78557,91400,0,91400,0
78557,91400,0,91400,0
78557,91400,0,91400,0
78557,91400,0,91400,0
78557,91400,0,91400,0
78557,91400,0,91400,0
78557,91400,0,91400,0
78557,91400,0,91400,0
78557,91400,0,91400,0
78557,91400,0,91400,0
78557,91400,0,91400,0
78557,91400,0,91400,0
78557,91400,0,91400,0
78557,91400,0,91400,0
78557,91400,0,91400,0
78557,91400,0,91400,0
78557,91400,0,91400,0
78557,91400,0,91400,0
78557,91400,0,91400,0
78557,91400,0,91400,0
78557,91400,0,91400,0
78557,91400,0,91400,0
78557,91400,0,91400,0
78557,91400,0,91400,0
78557,91400,0,91400,0
78557,91400,0,91400,0
78557,91400,0,91400,0
78557,91400,0,91400,0
78557,91400,0,91400,0
78557,91400,0,91400,0
78557,91400,0,91400,0
78557,91400,0,91400,0
78557,91400,0,91400,0
78557,91400,0,91400,0
78557,91400,0,91400,0
78557,91400,0,91400,0
78557,91400,0,91400,0
78557,91400,0,91400,0
78557,91400,0,91400,0
78557,91400,0,91400,0
78557,91400,0,91400,0
78557,91400,0,91400,0
78557,91400,0,91400,0
78557,91400,0,91400,0
78557,91400,0,91400,0
78557,91400,0,91400,0
78557,91400,0,91400,0
78557,91400,0,91400,0
78557,91400,0,91400,0
78557,91400,0,91400,0
78557,91400,0,91400,0
78557,91400,0,91400,0
78557,91400,0,91400,0
78557,91400,0,91400,0
78557,91400,0,91400,0
78557,91400,0,91400,0
78557,91400,0,91400,0
78557,91400,0,91400,0
78557,91400,0,91400,0
78557,91400,0,91400,0
78557,91400,0,91400,0
78557,91400,0,91400,0
78557,91400,0,91400,0
78557,91400,0,91400,0
78557,91400,0,91400,0
78557,91400,0,91400,0
78557,91400,0,91400,0
78557,91400,0,91404,1
78557,91404,1,91404,1
78557,91404,1,91404,1
78557,91404,1,91404,1
78557,91404,1,91404,1
78557,91404,1,91404,1
78557,91404,1,91404,1
78557,91404,1,91404,1
78557,91404,1,91404,1
78557,91404,1,91404,1
78557,91404,1,91404,1
78557,91404,1,91404,1
78557,91404,1,91404,1
78557,91404,1,91404,1
78557,91404,1,91404,1
78557,91404,1,91404,1
78557,91404,1,91404,1
78557,91404,1,91404,1
78557,91404,1,91404,1
78557,91404,1,91404,1
78557,91404,1,91404,1
78557,91404,1,91404,1
78557,91404,1,91404,1
78557,91404,1,91404,1
78557,91404,1,91404,1
78557,91404,1,91404,1
78557,91404,1,91404,1
78557,91404,1,91404,1
78557,91404,1,91404,1
78557,91404,1,91404,1
78557,91404,1,91404,1
78557,91404,1,91404,1
78557,91404,1,91404,1
78557,91404,1,91404,1
78557,91404,1,91404,1
78557,91404,1,91404,1
78557,91404,1,91404,1
78557,91404,1,91404,1
78557,91404,1,91404,1
78557,91404,1,91404,1
78557,91404,1,91404,1
78557,91404,1,91404,1
78557,91404,1,91404,1
78557,91404,1,91404,1
78557,91404,1,91404,1
78557,91404,1,91404,1
78557,91404,1,91404,1
78557,91404,1,91404,1
78557,91404,1,91404,1
78557,91404,1,91404,1
78557,91404,1,91404,1
78557,91404,1,91404,1
78557,91404,1,91404,1
78557,91404,1,91404,1
78557,91404,1,91404,1
78557,91404,1,91404,1
78557,91404,1,91404,1
78557,91404,1,91404,1
78557,91404,1,91404,1
78557,91404,1,91404,1
78557,91404,1,91404,1
78557,91404,1,91404,1
78557,91404,1,91404,1
78557,91404,1,91404,1
78557,91404,1,91404,1
78557,91404,1,91404,1
78557,91404,1,91404,1
78557,91404,1,91404,1
78557,91404,1,91404,1
78557,91404,1,91404,1
78557,91404,1,91404,1
78557,91404,1,91404,1
78557,91404,1,91404,1
78557,91404,1,91404,1
78557,91404,1,91404,1
78557,91404,1,91404,1
78557,91404,1,91404,1
78557,91404,1,91404,1
78557,91404,1,91404,1
78557,91404,1,91404,1
78557,91404,1,91404,1
78557,91404,1,91404,1
78557,91404,1,91404,1
78557,91404,1,91404,1
78557,91404,1,91404,1
78557,91404,1,91404,1
78557,91404,1,91404,1
78557,91404,1,91404,1
78557,91404,1,91404,1
78557,91404,1,91404,1
78557,91404,1,91404,1
78557,91404,1,91404,1
78557,91404,1,91404,1
78557,91404,1,91404,1
78557,91404,1,91404,1
78557,91404,1,91404,1
78557,91404,1,91404,1
78557,91404,1,91389,1
78557,91389,1,91389,1
78557,91389,1,91389,1
78557,91389,1,91389,1
78557,91389,1,91389,1
78557,91389,1,91389,1
78557,91389,1,91389,1
78557,91389,1,91389,1
78557,91389,1,91389,1
78557,91389,1,91389,1
78557,91389,1,91389,1
78557,91389,1,91389,1
78557,91389,1,91389,1
78557,91389,1,91389,1
78557,91389,1,91389,1
78557,91389,1,91389,1
78557,91389,1,91389,1
78557,91389,1,91389,1
78557,91389,1,91389,1
78557,91389,1,91389,1
78557,91389,1,91389,1
78557,91389,1,91389,1
78557,91389,1,91389,1
78557,91389,1,91389,1
78557,91389,1,91389,1
78557,91389,1,91389,1
78557,91389,1,91389,1
78557,91389,1,91389,1
78557,91389,1,91389,1
78557,91389,1,91389,1
78557,91389,1,91389,1
78557,91389,1,91389,1
78557,91389,1,91389,1
78557,91389,1,91389,1
78557,91389,1,91389,1
78557,91389,1,91389,1
78557,91389,1,91389,1
78557,91389,1,91389,1
78557,91389,1,91389,1
78557,91389,1,91389,1
78557,91389,1,91389,1
78557,91389,1,91389,1
78557,91389,1,91389,1
78557,91389,1,91389,1
78557,91389,1,91389,1
78557,91389,1,91389,1
78557,91389,1,91389,1
78557,91389,1,91389,1
78557,91389,1,91389,1
78557,91389,1,91389,1
78557,91389,1,91389,1
78557,91389,1,91389,1
78557,91389,1,91389,1
78557,91389,1,91389,1
78557,91389,1,91389,1
78557,91389,1,91389,1
78557,91389,1,91389,1
78557,91389,1,91389,1
78557,91389,1,91389,1
78557,91389,1,91389,1
78557,91389,1,91389,1
78557,91389,1,91389,1
78557,91389,1,91389,1
78557,91389,1,91389,1
78557,91389,1,91389,1
78557,91389,1,91389,1
78557,91389,1,91389,1
78557,91389,1,91389,1
78557,91389,1,91389,1
78557,91389,1,91389,1
78557,91389,1,91389,1
78557,91389,1,91389,1
78557,91389,1,91389,1
78557,91389,1,91389,1
78557,91389,1,91389,1
78557,91389,1,91389,1
78557,91389,1,91389,1
78557,91389,1,91389,1
78557,91389,1,91389,1
78557,91389,1,91389,1
78557,91389,1,91389,1
78557,91389,1,91389,1
78557,91389,1,91389,1
78557,91389,1,91389,1
78557,91389,1,91389,1
78557,91389,1,91389,1
78557,91389,1,91389,1
78557,91389,1,91389,1
78557,91389,1,91389,1
78557,91389,1,91389,1
78557,91389,1,91389,1
78557,91389,1,91389,1
78557,91389,1,91389,1
78557,91389,1,91389,1
78557,91389,1,91389,1
78557,91389,1,91389,1
78557,91389,1,91389,1
78557,91389,1,89272,0
78557,89272,0,89272,0
78557,89272,0,89272,0
78557,89272,0,89272,0
78557,89272,0,89272,0
78557,89272,0,89272,0
78557,89272,0,89272,0
78557,89272,0,89272,0
78557,89272,0,89272,0
78557,89272,0,89272,0
78557,89272,0,89272,0
78557,89272,0,89272,0
78557,89272,0,89272,0
78557,89272,0,89272,0
78557,89272,0,89272,0
78557,89272,0,89272,0
78557,89272,0,89272,0
78557,89272,0,89272,0
78557,89272,0,89272,0
78557,89272,0,89272,0
78557,89272,0,89272,0
78557,89272,0,89272,0
78557,89272,0,89272,0
78557,89272,0,89272,0
78557,89272,0,89272,0
78557,89272,0,89272,0
78557,89272,0,89272,0
78557,89272,0,89272,0
78557,89272,0,89272,0
78557,89272,0,89272,0
78557,89272,0,89272,0
78557,89272,0,89272,0
78557,89272,0,89272,0
78557,89272,0,89272,0
78557,89272,0,89272,0
78557,89272,0,89272,0
78557,89272,0,89272,0
78557,89272,0,89272,0
78557,89272,0,89272,0
78557,89272,0,89272,0
78557,89272,0,89272,0
78557,89272,0,89272,0
78557,89272,0,89272,0
78557,89272,0,89272,0
78557,89272,0,89272,0
78557,89272,0,89272,0
78557,89272,0,89272,0
78557,89272,0,89278,1
78557,89278,1,89278,1
78557,89278,1,89278,1
78557,89278,1,89278,1
78557,89278,1,89278,1
78557,89278,1,89278,1
78557,89278,1,89278,1
78557,89278,1,89278,1
78557,89278,1,89278,1
78557,89278,1,89278,1
78557,89278,1,89278,1
78557,89278,1,89278,1
78557,89278,1,89278,1
78557,89278,1,89278,1
78557,89278,1,89278,1
78557,89278,1,89278,1
78557,89278,1,89278,1
78557,89278,1,89278,1
78557,89278,1,89278,1
78557,89278,1,89278,1
78557,89278,1,89278,1
78557,89278,1,89278,1
78557,89278,1,89278,1
78557,89278,1,89278,1
78557,89278,1,89278,1
78557,89278,1,89278,1
78557,89278,1,89278,1
78557,89278,1,89278,1
78557,89278,1,89278,1
78557,89278,1,89278,1
78557,89278,1,89278,1
78557,89278,1,89278,1
78557,89278,1,89278,1
78557,89278,1,89278,1
78557,89278,1,89278,1
78557,89278,1,89278,1
78557,89278,1,89278,1
78557,89278,1,89278,1
78557,89278,1,89278,1
78557,89278,1,89278,1
78557,89278,1,89278,1
78557,89278,1,89278,1
78557,89278,1,89278,1
78557,89278,1,89278,1
78557,89278,1,89278,1
78557,89278,1,89278,1
78557,89278,1,89278,1
78557,89278,1,89777,1
78557,89777,1,89777,1
78557,89777,1,89777,1
78557,89777,1,89777,1
78557,89777,1,89777,1
78557,89777,1,89777,1
78557,89777,1,89777,1
78557,89777,1,89777,1
78557,89777,1,89777,1
78557,89777,1,89777,1
78557,89777,1,89777,1
78557,89777,1,89777,1
78557,89777,1,89777,1
78557,89777,1,89777,1
78557,89777,1,89777,1
78557,89777,1,89777,1
78557,89777,1,89777,1
78557,89777,1,89777,1
78557,89777,1,89777,1
78557,89777,1,89777,1
78557,89777,1,89777,1
78557,89777,1,89777,1
78557,89777,1,89777,1
78557,89777,1,89777,1
78557,89777,1,89777,1
78557,89777,1,89777,1
78557,89777,1,89777,1
78557,89777,1,89777,1
78557,89777,1,89777,1
78557,89777,1,89777,1
78557,89777,1,89777,1
78557,89777,1,89777,1
78557,89777,1,89777,1
78557,89777,1,89777,1
78557,89777,1,89777,1
78557,89777,1,89777,1
78557,89777,1,89777,1
78557,89777,1,89777,1
78557,89777,1,89777,1
78557,89777,1,89777,1
78557,89777,1,89777,1
78557,89777,1,89777,1
78557,89777,1,89777,1
78557,89777,1,89777,1
78557,89777,1,89777,1
78557,89777,1,89777,1
78557,89777,1,89777,1
78557,89777,1,89777,1
78557,89777,1,89777,1
78557,89777,1,89777,1
78557,89777,1,89777,1
78557,89777,1,89777,1
78557,89777,1,89777,1
78557,89777,1,89777,1
78557,89777,1,89777,1
78557,89777,1,89777,1
78557,89777,1,89777,1
78557,89777,1,89777,1
78557,89777,1,89777,1
78557,89777,1,89777,1
78557,89777,1,89777,1
78557,89777,1,89777,1
78557,89777,1,89777,1
78557,89777,1,89777,1
78557,89777,1,89777,1
78557,89777,1,89777,1
78557,89777,1,89777,1
78557,89777,1,89777,1
78557,89777,1,89777,1
78557,89777,1,89777,1
78557,89777,1,89777,1
78557,89777,1,89777,1
78557,89777,1,89777,1
78557,89777,1,89777,1
78557,89777,1,89777,1
78557,89777,1,89777,1
78557,89777,1,89777,1
78557,89777,1,89777,1
78557,89777,1,89777,1
78557,89777,1,89777,1
78557,89777,1,89777,1
78557,89777,1,89777,1
78557,89777,1,89777,1
78557,89777,1,89777,1
78557,89777,1,89777,1
78557,89777,1,89777,1
78557,89777,1,89777,1
78557,89777,1,89777,1
78557,89777,1,89777,1
78557,89777,1,89777,1
78557,89777,1,89777,1
78557,89777,1,89777,1
78557,89777,1,89777,1
78557,89777,1,91646,0
78557,91646,0,91646,0
78557,91646,0,91646,0
78557,91646,0,91646,0
78557,91646,0,91646,0
78557,91646,0,91646,0
78557,91646,0,91646,0
78557,91646,0,91646,0
78557,91646,0,91646,0
78557,91646,0,91646,0
78557,91646,0,91646,0
78557,91646,0,91646,0
78557,91646,0,91646,0
78557,91646,0,91646,0
78557,91646,0,91646,0
78557,91646,0,91646,0
78557,91646,0,91646,0
78557,91646,0,91646,0
78557,91646,0,91646,0
78557,91646,0,91646,0
78557,91646,0,91646,0
78557,91646,0,91646,0
78557,91646,0,91646,0
78557,91646,0,91646,0
78557,91646,0,91646,0
78557,91646,0,91646,0
78557,91646,0,91646,0
78557,91646,0,91646,0
78557,91646,0,91646,0
78557,91646,0,91646,0
78557,91646,0,91646,0
78557,91646,0,91646,0
78557,91646,0,91646,0
78557,91646,0,91646,0
78557,91646,0,91646,0
78557,91646,0,91646,0
78557,91646,0,91646,0
78557,91646,0,91646,0
78557,91646,0,91646,0
78557,91646,0,91646,0
78557,91646,0,91646,0
78557,91646,0,91646,0
78557,91646,0,91646,0
78557,91646,0,91646,0
78557,91646,0,89786,1
78557,89786,1,89786,1
78557,89786,1,89786,1
78557,89786,1,89786,1
78557,89786,1,89786,1
78557,89786,1,89786,1
78557,89786,1,89786,1
78557,89786,1,89786,1
78557,89786,1,89786,1
78557,89786,1,89786,1
78557,89786,1,89786,1
78557,89786,1,89786,1
78557,89786,1,89786,1
78557,89786,1,89786,1
78557,89786,1,89786,1
78557,89786,1,89786,1
78557,89786,1,89786,1
78557,89786,1,89786,1
78557,89786,1,89786,1
78557,89786,1,89786,1
78557,89786,1,89786,1
78557,89786,1,89786,1
78557,89786,1,89786,1
78557,89786,1,89786,1
78557,89786,1,89786,1
78557,89786,1,89786,1
78557,89786,1,89786,1
78557,89786,1,89786,1
78557,89786,1,89786,1
78557,89786,1,89786,1
78557,89786,1,89786,1
78557,89786,1,89786,1
78557,89786,1,89786,1
78557,89786,1,89786,1
78557,89786,1,89786,1
78557,89786,1,89786,1
78557,89786,1,89786,1
78557,89786,1,89786,1
78557,89786,1,89786,1
78557,89786,1,89786,1
78557,89786,1,89786,1
78557,89786,1,89786,1
78557,89786,1,89786,1
78557,89786,1,89786,1
78557,89786,1,89848,1
78557,89848,1,89848,1
78557,89848,1,89848,1
78557,89848,1,89848,1
78557,89848,1,89848,1
78557,89848,1,89848,1
78557,89848,1,89848,1
78557,89848,1,89848,1
78557,89848,1,89848,1
78557,89848,1,89848,1
78557,89848,1,89848,1
78557,89848,1,89848,1
78557,89848,1,89848,1
78557,89848,1,89848,1
78557,89848,1,89848,1
78557,89848,1,89848,1
78557,89848,1,89848,1
78557,89848,1,89848,1
78557,89848,1,89848,1
78557,89848,1,89848,1
78557,89848,1,89848,1
78557,89848,1,89848,1
78557,89848,1,89848,1
78557,89848,1,89848,1
78557,89848,1,89848,1
78557,89848,1,89848,1
78557,89848,1,89848,1
78557,89848,1,89848,1
78557,89848,1,89848,1
78557,89848,1,89848,1
78557,89848,1,89848,1
78557,89848,1,89848,1
78557,89848,1,89848,1
78557,89848,1,89848,1
78557,89848,1,89848,1
78557,89848,1,89848,1
78557,89848,1,89848,1
78557,89848,1,89848,1
78557,89848,1,89848,1
78557,89848,1,89848,1
78557,89848,1,89848,1
78557,89848,1,89848,1
78557,89848,1,89848,1
78557,89848,1,89848,1
78557,89848,1,173922,1
78557,173922,1,173909,1
78557,173909,1,174010,0
78557,174010,0,174017,1
78557,174017,1,174002,1
78557,174002,1,174001,1
78557,174001,1,91655,1
78557,91655,1,91655,1
78557,91655,1,91655,1
78557,91655,1,91655,1
78557,91655,1,91655,1
78557,91655,1,91655,1
78557,91655,1,91655,1
78557,91655,1,91655,1
78557,91655,1,91655,1
78557,91655,1,91655,1
78557,91655,1,91655,1
78557,91655,1,91655,1
78557,91655,1,91655,1
78557,91655,1,91655,1
78557,91655,1,91655,1
78557,91655,1,91655,1
78557,91655,1,91655,1
78557,91655,1,91655,1
78557,91655,1,91655,1
78557,91655,1,91655,1
78557,91655,1,91655,1
78557,91655,1,91655,1
78557,91655,1,91655,1
78557,91655,1,91655,1
78557,91655,1,91655,1
78557,91655,1,91655,1
78557,91655,1,91655,1
78557,91655,1,91655,1
78557,91655,1,91655,1
78557,91655,1,91655,1
78557,91655,1,91655,1
78557,91655,1,91655,1
78557,91655,1,91655,1
78557,91655,1,91655,1
78557,91655,1,91655,1
78557,91655,1,91655,1
78557,91655,1,91655,1
78557,91655,1,91655,1
78557,91655,1,91655,1
78557,91655,1,91655,1
78557,91655,1,91655,1
78557,91655,1,91655,1
78557,91655,1,91655,1
78557,91655,1,91655,1
78557,91655,1,91655,1
78557,91655,1,91655,1
78557,91655,1,91655,1
78557,91655,1,91655,1
78557,91655,1,91655,1
78557,91655,1,91655,1
78557,91655,1,91655,1
78557,91655,1,91655,1
78557,91655,1,91655,1
78557,91655,1,91655,1
78557,91655,1,91655,1
78557,91655,1,91655,1
78557,91655,1,91655,1
78557,91655,1,91655,1
78557,91655,1,91655,1
78557,91655,1,91655,1
78557,91655,1,91655,1
78557,91655,1,91655,1
78557,91655,1,91655,1
78557,91655,1,91655,1
78557,91655,1,91655,1
78557,91655,1,91655,1
78557,91655,1,91655,1
78557,91655,1,91655,1
78557,91655,1,91655,1
78557,91655,1,91655,1
78557,91655,1,91655,1
78557,91655,1,91655,1
78557,91655,1,91655,1
78557,91655,1,91655,1
78557,91655,1,91655,1
78557,91655,1,91655,1
78557,91655,1,91655,1
78557,91655,1,91655,1
78557,91655,1,91655,1
78557,91655,1,91655,1
78557,91655,1,91655,1
78557,91655,1,91655,1
78557,91655,1,91655,1
78557,91655,1,91655,1
78557,91655,1,91655,1
78557,91655,1,91655,1
78557,91655,1,91655,1
78557,91655,1,91655,1
78557,91655,1,91655,1
78557,91655,1,91655,1
78557,91655,1,91655,1
78557,91655,1,91655,1
78557,91655,1,91655,1
78557,91655,1,91658,1
78557,91658,1,91658,1
78557,91658,1,91658,1
78557,91658,1,91658,1
78557,91658,1,91658,1
78557,91658,1,91658,1
78557,91658,1,91658,1
78557,91658,1,91658,1
78557,91658,1,91658,1
78557,91658,1,91658,1
78557,91658,1,91658,1
78557,91658,1,91658,1
78557,91658,1,91658,1
78557,91658,1,91658,1
78557,91658,1,91658,1
78557,91658,1,91658,1
78557,91658,1,91658,1
78557,91658,1,91658,1
78557,91658,1,91658,1
78557,91658,1,91658,1
78557,91658,1,91658,1
78557,91658,1,91658,1
78557,91658,1,91658,1
78557,91658,1,91658,1
78557,91658,1,91658,1
78557,91658,1,91658,1
78557,91658,1,91658,1
78557,91658,1,91658,1
78557,91658,1,91658,1
78557,91658,1,91658,1
78557,91658,1,91658,1
78557,91658,1,91658,1
78557,91658,1,91658,1
78557,91658,1,91658,1
78557,91658,1,91658,1
78557,91658,1,91658,1
78557,91658,1,91658,1
78557,91658,1,91658,1
78557,91658,1,91658,1
78557,91658,1,91658,1
78557,91658,1,91658,1
78557,91658,1,91658,1
78557,91658,1,91658,1
78557,91658,1,91658,1
78557,91658,1,91650,1
78557,91650,1,91650,1
78557,91650,1,91650,1
78557,91650,1,91650,1
78557,91650,1,91650,1
78557,91650,1,91650,1
78557,91650,1,91650,1
78557,91650,1,91650,1
78557,91650,1,91650,1
78557,91650,1,91650,1
78557,91650,1,91650,1
78557,91650,1,91650,1
78557,91650,1,91650,1
78557,91650,1,91650,1
78557,91650,1,91650,1
78557,91650,1,91650,1
78557,91650,1,91650,1
78557,91650,1,91650,1
78557,91650,1,91650,1
78557,91650,1,91650,1
78557,91650,1,91650,1
78557,91650,1,91650,1
78557,91650,1,91650,1
78557,91650,1,91650,1
78557,91650,1,91650,1
78557,91650,1,91650,1
78557,91650,1,91650,1
78557,91650,1,91650,1
78557,91650,1,91650,1
78557,91650,1,91650,1
78557,91650,1,91650,1
78557,91650,1,91650,1
78557,91650,1,91650,1
78557,91650,1,91650,1
78557,91650,1,91650,1
78557,91650,1,91650,1
78557,91650,1,91650,1
78557,91650,1,91650,1
78557,91650,1,91650,1
78557,91650,1,91650,1
78557,91650,1,91650,1
78557,91650,1,91650,1
78557,91650,1,91650,1
78557,91650,1,91650,1
78557,91650,1,91650,1
78557,91650,1,91650,1
78558,93233,1,93233,1
78558,93233,1,93233,1
78558,93233,1,93233,1
78558,93233,1,93233,1
78558,93233,1,93233,1
78558,93233,1,93233,1
78558,93233,1,93233,1
78558,93233,1,93233,1
78558,93233,1,93233,1
78558,93233,1,93233,1
78558,93233,1,93233,1
78558,93233,1,93233,1
78558,93233,1,93233,1
78558,93233,1,93233,1
78558,93233,1,93233,1
78558,93233,1,93233,1
78558,93233,1,93233,1
78558,93233,1,93233,1
78558,93233,1,93233,1
78558,93233,1,93233,1
78558,93233,1,93233,1
78558,93233,1,93233,1
78558,93233,1,93233,1
78558,93233,1,93233,1
78558,93233,1,93233,1
78558,93233,1,93233,1
78558,93233,1,93233,1
78558,93233,1,93233,1
78558,93233,1,93233,1
78558,93233,1,93233,1
78558,93233,1,93233,1
78558,93233,1,93233,1
78558,93233,1,93233,1
78558,93233,1,93233,1
78558,93233,1,93233,1
78558,93233,1,93233,1
78558,93233,1,93233,1
78558,93233,1,93233,1
78558,93233,1,93233,1
78558,93233,1,93233,1
78558,93233,1,93233,1
78558,93233,1,93233,1
78558,93233,1,93233,1
78558,93233,1,93233,1
78558,93233,1,93233,1
78558,93233,1,93177,0
78558,93177,0,93177,0
78558,93177,0,93177,0
78558,93177,0,93177,0
78558,93177,0,93177,0
78558,93177,0,93177,0
78558,93177,0,93177,0
78558,93177,0,93177,0
78558,93177,0,93177,0
78558,93177,0,93177,0
78558,93177,0,93177,0
78558,93177,0,93177,0
78558,93177,0,93177,0
78558,93177,0,93177,0
78558,93177,0,93177,0
78558,93177,0,93177,0
78558,93177,0,93177,0
78558,93177,0,93177,0
78558,93177,0,93177,0
78558,93177,0,93177,0
78558,93177,0,93177,0
78558,93177,0,93177,0
78558,93177,0,93177,0
78558,93177,0,93177,0
78558,93177,0,93177,0
78558,93177,0,93177,0
78558,93177,0,93177,0
78558,93177,0,93177,0
78558,93177,0,93177,0
78558,93177,0,93177,0
78558,93177,0,93177,0
78558,93177,0,93177,0
78558,93177,0,93177,0
78558,93177,0,93177,0
78558,93177,0,93177,0
78558,93177,0,93177,0
78558,93177,0,93177,0
78558,93177,0,93177,0
78558,93177,0,93177,0
78558,93177,0,93177,0
78558,93177,0,93177,0
78558,93177,0,93177,0
78558,93177,0,93177,0
78558,93177,0,93177,0
78558,93177,0,93177,0
78558,93177,0,93177,0
78558,93177,0,93230,1
78558,93230,1,93230,1
78558,93230,1,93230,1
78558,93230,1,93230,1
78558,93230,1,93230,1
78558,93230,1,93230,1
78558,93230,1,93230,1
78558,93230,1,93230,1
78558,93230,1,93230,1
78558,93230,1,93230,1
78558,93230,1,93230,1
78558,93230,1,93230,1
78558,93230,1,93230,1
78558,93230,1,93230,1
78558,93230,1,93230,1
78558,93230,1,93230,1
78558,93230,1,93230,1
78558,93230,1,93230,1
78558,93230,1,93230,1
78558,93230,1,93230,1
78558,93230,1,93230,1
78558,93230,1,93230,1
78558,93230,1,93230,1
78558,93230,1,93230,1
78558,93230,1,93230,1
78558,93230,1,93230,1
78558,93230,1,93230,1
78558,93230,1,93230,1
78558,93230,1,93230,1
78558,93230,1,93230,1
78558,93230,1,93230,1
78558,93230,1,93230,1
78558,93230,1,93230,1
78558,93230,1,93230,1
78558,93230,1,93230,1
78558,93230,1,93230,1
78558,93230,1,93230,1
78558,93230,1,93230,1
78558,93230,1,93230,1
78558,93230,1,93230,1
78558,93230,1,93230,1
78558,93230,1,93230,1
78558,93230,1,93230,1
78558,93230,1,93230,1
78558,93230,1,93230,1
78558,93230,1,93230,1
78558,93230,1,93215,1
78558,93215,1,93215,1
78558,93215,1,93215,1
78558,93215,1,93215,1
78558,93215,1,93215,1
78558,93215,1,93215,1
78558,93215,1,93215,1
78558,93215,1,93215,1
78558,93215,1,93215,1
78558,93215,1,93215,1
78558,93215,1,93215,1
78558,93215,1,93215,1
78558,93215,1,93215,1
78558,93215,1,93215,1
78558,93215,1,93215,1
78558,93215,1,93215,1
78558,93215,1,93215,1
78558,93215,1,93215,1
78558,93215,1,93215,1
78558,93215,1,93215,1
78558,93215,1,93215,1
78558,93215,1,93215,1
78558,93215,1,93215,1
78558,93215,1,93215,1
78558,93215,1,93215,1
78558,93215,1,93215,1
78558,93215,1,93215,1
78558,93215,1,93215,1
78558,93215,1,93215,1
78558,93215,1,93215,1
78558,93215,1,93215,1
78558,93215,1,93215,1
78558,93215,1,93215,1
78558,93215,1,93215,1
78558,93215,1,93215,1
78558,93215,1,93215,1
78558,93215,1,93215,1
78558,93215,1,93215,1
78558,93215,1,93215,1
78558,93215,1,93215,1
78558,93215,1,93215,1
78558,93215,1,93215,1
78558,93215,1,93215,1
78558,93215,1,93215,1
78558,93215,1,93215,1
78558,93215,1,93215,1
78558,93215,1,93150,1
78558,93150,1,93150,1
78558,93150,1,93150,1
78558,93150,1,93150,1
78558,93150,1,93150,1
78558,93150,1,93150,1
78558,93150,1,93150,1
78558,93150,1,93150,1
78558,93150,1,93150,1
78558,93150,1,93150,1
78558,93150,1,93150,1
78558,93150,1,93150,1
78558,93150,1,93150,1
78558,93150,1,93150,1
78558,93150,1,93150,1
78558,93150,1,93150,1
78558,93150,1,93150,1
78558,93150,1,93150,1
78558,93150,1,93150,1
78558,93150,1,93150,1
78558,93150,1,93150,1
78558,93150,1,93150,1
78558,93150,1,93150,1
78558,93150,1,93150,1
78558,93150,1,93150,1
78558,93150,1,93150,1
78558,93150,1,93150,1
78558,93150,1,93150,1
78558,93150,1,93150,1
78558,93150,1,93150,1
78558,93150,1,93150,1
78558,93150,1,93150,1
78558,93150,1,93150,1
78558,93150,1,93150,1
78558,93150,1,93150,1
78558,93150,1,93150,1
78558,93150,1,93150,1
78558,93150,1,93150,1
78558,93150,1,93150,1
78558,93150,1,93150,1
78558,93150,1,93150,1
78558,93150,1,93150,1
78558,93150,1,93150,1
78558,93150,1,93150,1
78558,93150,1,93150,1
78558,93150,1,93150,1
78558,93150,1,93179,1
78558,93179,1,93179,1
78558,93179,1,93179,1
78558,93179,1,93179,1
78558,93179,1,93179,1
78558,93179,1,93179,1
78558,93179,1,93179,1
78558,93179,1,93179,1
78558,93179,1,93179,1
78558,93179,1,93179,1
78558,93179,1,93179,1
78558,93179,1,93179,1
78558,93179,1,93179,1
78558,93179,1,93179,1
78558,93179,1,93179,1
78558,93179,1,93179,1
78558,93179,1,93179,1
78558,93179,1,93179,1
78558,93179,1,93179,1
78558,93179,1,93179,1
78558,93179,1,93179,1
78558,93179,1,93179,1
78558,93179,1,93179,1
78558,93179,1,93179,1
78558,93179,1,93179,1
78558,93179,1,93179,1
78558,93179,1,93179,1
78558,93179,1,93179,1
78558,93179,1,93179,1
78558,93179,1,93179,1
78558,93179,1,93179,1
78558,93179,1,93179,1
78558,93179,1,93179,1
78558,93179,1,93179,1
78558,93179,1,93179,1
78558,93179,1,93179,1
78558,93179,1,93179,1
78558,93179,1,93179,1
78558,93179,1,93179,1
78558,93179,1,93179,1
78558,93179,1,93179,1
78558,93179,1,93179,1
78558,93179,1,93179,1
78558,93179,1,85099,1
78558,85099,1,85099,1
78558,85099,1,85099,1
78558,85099,1,85099,1
78558,85099,1,85099,1
78558,85099,1,85099,1
78558,85099,1,85099,1
78558,85099,1,85099,1
78558,85099,1,85099,1
78558,85099,1,85099,1
78558,85099,1,85099,1
78558,85099,1,85099,1
78558,85099,1,85099,1
78558,85099,1,85099,1
78558,85099,1,85099,1
78558,85099,1,85099,1
78558,85099,1,85099,1
78558,85099,1,85099,1
78558,85099,1,85099,1
78558,85099,1,85099,1
78558,85099,1,85099,1
78558,85099,1,85099,1
78558,85099,1,85099,1
78558,85099,1,85099,1
78558,85099,1,85099,1
78558,85099,1,85099,1
78558,85099,1,85099,1
78558,85099,1,85099,1
78558,85099,1,85099,1
78558,85099,1,85099,1
78558,85099,1,85099,1
78558,85099,1,85099,1
78558,85099,1,85099,1
78558,85099,1,85099,1
78558,85099,1,85099,1
78558,85099,1,85099,1
78558,85099,1,85099,1
78558,85099,1,85099,1
78558,85099,1,85099,1
78558,85099,1,85099,1
78558,85099,1,85099,1
78558,85099,1,85099,1
78558,85099,1,85099,1
78558,85099,1,85099,1
78558,85099,1,85099,1
78558,85099,1,85099,1
78558,85099,1,85673,1
78558,85673,1,85673,1
78558,85673,1,85673,1
78558,85673,1,85673,1
78558,85673,1,85673,1
78558,85673,1,85673,1
78558,85673,1,85673,1
78558,85673,1,85673,1
78558,85673,1,85673,1
78558,85673,1,85673,1
78558,85673,1,85673,1
78558,85673,1,85673,1
78558,85673,1,85673,1
78558,85673,1,85673,1
78558,85673,1,85673,1
78558,85673,1,85673,1
78558,85673,1,85673,1
78558,85673,1,85673,1
78558,85673,1,85673,1
78558,85673,1,85673,1
78558,85673,1,85673,1
78558,85673,1,85673,1
78558,85673,1,85673,1
78558,85673,1,85673,1
78558,85673,1,85673,1
78558,85673,1,85673,1
78558,85673,1,85673,1
78558,85673,1,85673,1
78558,85673,1,85673,1
78558,85673,1,85673,1
78558,85673,1,85673,1
78558,85673,1,85673,1
78558,85673,1,85673,1
78558,85673,1,85673,1
78558,85673,1,85673,1
78558,85673,1,85673,1
78558,85673,1,85673,1
78558,85673,1,85673,1
78558,85673,1,85673,1
78558,85673,1,85673,1
78558,85673,1,85673,1
78558,85673,1,85673,1
78558,85673,1,85673,1
78558,85673,1,85673,1
78558,85673,1,85673,1
78558,85673,1,85673,1
78558,85673,1,86105,0
78558,86105,0,86105,0
78558,86105,0,86105,0
78558,86105,0,86105,0
78558,86105,0,86105,0
78558,86105,0,86105,0
78558,86105,0,86105,0
78558,86105,0,86105,0
78558,86105,0,86105,0
78558,86105,0,86105,0
78558,86105,0,86105,0
78558,86105,0,86105,0
78558,86105,0,86105,0
78558,86105,0,86105,0
78558,86105,0,86105,0
78558,86105,0,86105,0
78558,86105,0,86105,0
78558,86105,0,86105,0
78558,86105,0,86105,0
78558,86105,0,86105,0
78558,86105,0,86105,0
78558,86105,0,86105,0
78558,86105,0,86105,0
78558,86105,0,86105,0
78558,86105,0,86105,0
78558,86105,0,86105,0
78558,86105,0,86105,0
78558,86105,0,86105,0
78558,86105,0,86105,0
78558,86105,0,86105,0
78558,86105,0,86105,0
78558,86105,0,86105,0
78558,86105,0,86105,0
78558,86105,0,86105,0
78558,86105,0,86105,0
78558,86105,0,86105,0
78558,86105,0,86105,0
78558,86105,0,86105,0
78558,86105,0,86105,0
78558,86105,0,86105,0
78558,86105,0,86105,0
78558,86105,0,86105,0
78558,86105,0,86105,0
78558,86105,0,84625,1
78558,84625,1,84625,1
78558,84625,1,84625,1
78558,84625,1,84625,1
78558,84625,1,84625,1
78558,84625,1,84625,1
78558,84625,1,84625,1
78558,84625,1,84625,1
78558,84625,1,84625,1
78558,84625,1,84625,1
78558,84625,1,84625,1
78558,84625,1,84625,1
78558,84625,1,84625,1
78558,84625,1,84625,1
78558,84625,1,84625,1
78558,84625,1,84625,1
78558,84625,1,84625,1
78558,84625,1,84625,1
78558,84625,1,84625,1
78558,84625,1,84625,1
78558,84625,1,84625,1
78558,84625,1,84625,1
78558,84625,1,84625,1
78558,84625,1,84625,1
78558,84625,1,84625,1
78558,84625,1,84625,1
78558,84625,1,84625,1
78558,84625,1,84625,1
78558,84625,1,84625,1
78558,84625,1,84625,1
78558,84625,1,84625,1
78558,84625,1,84625,1
78558,84625,1,84625,1
78558,84625,1,84625,1
78558,84625,1,84625,1
78558,84625,1,84625,1
78558,84625,1,84625,1
78558,84625,1,84625,1
78558,84625,1,84625,1
78558,84625,1,84625,1
78558,84625,1,84625,1
78558,84625,1,84625,1
78558,84625,1,84625,1
78558,84625,1,85675,1
78558,85675,1,85675,1
78558,85675,1,85675,1
78558,85675,1,85675,1
78558,85675,1,85675,1
78558,85675,1,85675,1
78558,85675,1,85675,1
78558,85675,1,85675,1
78558,85675,1,85675,1
78558,85675,1,85675,1
78558,85675,1,85675,1
78558,85675,1,85675,1
78558,85675,1,85675,1
78558,85675,1,85675,1
78558,85675,1,85675,1
78558,85675,1,85675,1
78558,85675,1,85675,1
78558,85675,1,85675,1
78558,85675,1,85675,1
78558,85675,1,85675,1
78558,85675,1,85675,1
78558,85675,1,85675,1
78558,85675,1,85675,1
78558,85675,1,85675,1
78558,85675,1,85675,1
78558,85675,1,85675,1
78558,85675,1,85675,1
78558,85675,1,85675,1
78558,85675,1,85675,1
78558,85675,1,85675,1
78558,85675,1,85675,1
78558,85675,1,85675,1
78558,85675,1,85675,1
78558,85675,1,85675,1
78558,85675,1,85675,1
78558,85675,1,85675,1
78558,85675,1,85675,1
78558,85675,1,85675,1
78558,85675,1,85675,1
78558,85675,1,85675,1
78558,85675,1,85675,1
78558,85675,1,85675,1
78558,85675,1,85675,1
78558,85675,1,84708,1
78558,84708,1,84708,1
78558,84708,1,84708,1
78558,84708,1,84708,1
78558,84708,1,84708,1
78558,84708,1,84708,1
78558,84708,1,84708,1
78558,84708,1,84708,1
78558,84708,1,84708,1
78558,84708,1,84708,1
78558,84708,1,84708,1
78558,84708,1,84708,1
78558,84708,1,84708,1
78558,84708,1,84708,1
78558,84708,1,84708,1
78558,84708,1,84708,1
78558,84708,1,84708,1
78558,84708,1,84708,1
78558,84708,1,84708,1
78558,84708,1,84708,1
78558,84708,1,84708,1
78558,84708,1,84708,1
78558,84708,1,84708,1
78558,84708,1,84708,1
78558,84708,1,84708,1
78558,84708,1,84708,1
78558,84708,1,84708,1
78558,84708,1,84708,1
78558,84708,1,84708,1
78558,84708,1,84708,1
78558,84708,1,84708,1
78558,84708,1,84708,1
78558,84708,1,84708,1
78558,84708,1,84708,1
78558,84708,1,84708,1
78558,84708,1,84708,1
78558,84708,1,84708,1
78558,84708,1,84708,1
78558,84708,1,84708,1
78558,84708,1,84708,1
78558,84708,1,84708,1
78558,84708,1,84708,1
78558,84708,1,84708,1
78558,84708,1,89265,1
78558,89265,1,89265,1
78558,89265,1,89265,1
78558,89265,1,89265,1
78558,89265,1,89265,1
78558,89265,1,89265,1
78558,89265,1,89265,1
78558,89265,1,89265,1
78558,89265,1,89265,1
78558,89265,1,89265,1
78558,89265,1,89265,1
78558,89265,1,89265,1
78558,89265,1,89265,1
78558,89265,1,89265,1
78558,89265,1,89265,1
78558,89265,1,89265,1
78558,89265,1,89265,1
78558,89265,1,89265,1
78558,89265,1,89265,1
78558,89265,1,89265,1
78558,89265,1,89265,1
78558,89265,1,89265,1
78558,89265,1,89265,1
78558,89265,1,89265,1
78558,89265,1,89265,1
78558,89265,1,89265,1
78558,89265,1,89265,1
78558,89265,1,89265,1
78558,89265,1,89265,1
78558,89265,1,89265,1
78558,89265,1,89265,1
78558,89265,1,89265,1
78558,89265,1,89265,1
78558,89265,1,89265,1
78558,89265,1,89265,1
78558,89265,1,89265,1
78558,89265,1,89265,1
78558,89265,1,89265,1
78558,89265,1,89265,1
78558,89265,1,89265,1
78558,89265,1,89265,1
78558,89265,1,89265,1
78558,89265,1,89265,1
78558,89265,1,89265,1
78558,89265,1,89265,1
78558,89265,1,89265,1
78558,89265,1,89265,1
78558,89265,1,89265,1
78558,89265,1,89265,1
78558,89265,1,89265,1
78558,89265,1,89265,1
78558,89265,1,89265,1
78558,89265,1,89265,1
78558,89265,1,89265,1
78558,89265,1,89265,1
78558,89265,1,89265,1
78558,89265,1,89265,1
78558,89265,1,89265,1
78558,89265,1,89265,1
78558,89265,1,89265,1
78558,89265,1,89265,1
78558,89265,1,89265,1
78558,89265,1,89265,1
78558,89265,1,89265,1
78558,89265,1,89265,1
78558,89265,1,89265,1
78558,89265,1,89265,1
78558,89265,1,89265,1
78558,89265,1,89265,1
78558,89265,1,89265,1
78558,89265,1,89265,1
78558,89265,1,89265,1
78558,89265,1,89265,1
78558,89265,1,89265,1
78558,89265,1,89265,1
78558,89265,1,89265,1
78558,89265,1,89265,1
78558,89265,1,89265,1
78558,89265,1,89265,1
78558,89265,1,89265,1
78558,89265,1,89265,1
78558,89265,1,89265,1
78558,89265,1,89265,1
78558,89265,1,89265,1
78558,89265,1,89265,1
78558,89265,1,89265,1
78558,89265,1,89265,1
78558,89265,1,89265,1
78558,89265,1,89265,1
78558,89265,1,89265,1
78558,89265,1,89265,1
78558,89265,1,89265,1
78558,89265,1,89265,1
78558,89265,1,89265,1
78558,89265,1,89265,1
78558,89265,1,89265,1
78558,89265,1,89265,1
78558,89265,1,89240,1
78558,89240,1,89240,1
78558,89240,1,89240,1
78558,89240,1,89240,1
78558,89240,1,89240,1
78558,89240,1,89240,1
78558,89240,1,89240,1
78558,89240,1,89240,1
78558,89240,1,89240,1
78558,89240,1,89240,1
78558,89240,1,89240,1
78558,89240,1,89240,1
78558,89240,1,89240,1
78558,89240,1,89240,1
78558,89240,1,89240,1
78558,89240,1,89240,1
78558,89240,1,89240,1
78558,89240,1,89240,1
78558,89240,1,89240,1
78558,89240,1,89240,1
78558,89240,1,89240,1
78558,89240,1,89240,1
78558,89240,1,89240,1
78558,89240,1,89240,1
78558,89240,1,89240,1
78558,89240,1,89240,1
78558,89240,1,89240,1
78558,89240,1,89240,1
78558,89240,1,89240,1
78558,89240,1,89240,1
78558,89240,1,89240,1
78558,89240,1,89240,1
78558,89240,1,89240,1
78558,89240,1,89240,1
78558,89240,1,89240,1
78558,89240,1,89240,1
78558,89240,1,89240,1
78558,89240,1,89240,1
78558,89240,1,89240,1
78558,89240,1,89240,1
78558,89240,1,89240,1
78558,89240,1,89240,1
78558,89240,1,89240,1
78558,89240,1,89240,1
78558,89240,1,89240,1
78558,89240,1,89240,1
78558,89240,1,89240,1
78558,89240,1,89240,1
78558,89240,1,89240,1
78558,89240,1,89240,1
78558,89240,1,89240,1
78558,89240,1,89240,1
78558,89240,1,89240,1
78558,89240,1,89240,1
78558,89240,1,89240,1
78558,89240,1,89240,1
78558,89240,1,89240,1
78558,89240,1,89240,1
78558,89240,1,89240,1
78558,89240,1,89240,1
78558,89240,1,89240,1
78558,89240,1,89240,1
78558,89240,1,89240,1
78558,89240,1,89240,1
78558,89240,1,89240,1
78558,89240,1,89240,1
78558,89240,1,89240,1
78558,89240,1,89240,1
78558,89240,1,89240,1
78558,89240,1,89240,1
78558,89240,1,89240,1
78558,89240,1,89240,1
78558,89240,1,89240,1
78558,89240,1,89240,1
78558,89240,1,89240,1
78558,89240,1,89240,1
78558,89240,1,89240,1
78558,89240,1,89240,1
78558,89240,1,89240,1
78558,89240,1,89240,1
78558,89240,1,89240,1
78558,89240,1,89240,1
78558,89240,1,89240,1
78558,89240,1,89240,1
78558,89240,1,89240,1
78558,89240,1,89240,1
78558,89240,1,89240,1
78558,89240,1,89240,1
78558,89240,1,89240,1
78558,89240,1,89240,1
78558,89240,1,89240,1
78558,89240,1,89240,1
78558,89240,1,89240,1
78558,89240,1,89240,1
78558,89240,1,89240,1
78558,89240,1,89240,1
78558,89240,1,89240,1
78558,89240,1,89273,0
78558,89273,0,89273,0
78558,89273,0,89273,0
78558,89273,0,89273,0
78558,89273,0,89273,0
78558,89273,0,89273,0
78558,89273,0,89273,0
78558,89273,0,89273,0
78558,89273,0,89273,0
78558,89273,0,89273,0
78558,89273,0,89273,0
78558,89273,0,89273,0
78558,89273,0,89273,0
78558,89273,0,89273,0
78558,89273,0,89273,0
78558,89273,0,89273,0
78558,89273,0,89273,0
78558,89273,0,89273,0
78558,89273,0,89273,0
78558,89273,0,89273,0
78558,89273,0,89273,0
78558,89273,0,89273,0
78558,89273,0,89273,0
78558,89273,0,89273,0
78558,89273,0,89273,0
78558,89273,0,89273,0
78558,89273,0,89273,0
78558,89273,0,89273,0
78558,89273,0,89273,0
78558,89273,0,89273,0
78558,89273,0,89273,0
78558,89273,0,89273,0
78558,89273,0,89273,0
78558,89273,0,89273,0
78558,89273,0,89273,0
78558,89273,0,89273,0
78558,89273,0,89273,0
78558,89273,0,89273,0
78558,89273,0,89273,0
78558,89273,0,89273,0
78558,89273,0,89273,0
78558,89273,0,89273,0
78558,89273,0,89273,0
78558,89273,0,89273,0
78558,89273,0,89273,0
78558,89273,0,89273,0
78558,89273,0,89273,0
78558,89273,0,89273,0
78558,89273,0,89273,0
78558,89273,0,89273,0
78558,89273,0,89273,0
78558,89273,0,89273,0
78558,89273,0,89273,0
78558,89273,0,89273,0
78558,89273,0,89273,0
78558,89273,0,89273,0
78558,89273,0,89273,0
78558,89273,0,89273,0
78558,89273,0,89273,0
78558,89273,0,89273,0
78558,89273,0,89273,0
78558,89273,0,89273,0
78558,89273,0,89273,0
78558,89273,0,89273,0
78558,89273,0,89273,0
78558,89273,0,89273,0
78558,89273,0,89273,0
78558,89273,0,89273,0
78558,89273,0,89273,0
78558,89273,0,89273,0
78558,89273,0,89273,0
78558,89273,0,89273,0
78558,89273,0,89273,0
78558,89273,0,89273,0
78558,89273,0,89273,0
78558,89273,0,89273,0
78558,89273,0,89273,0
78558,89273,0,89273,0
78558,89273,0,89273,0
78558,89273,0,89273,0
78558,89273,0,89273,0
78558,89273,0,89273,0
78558,89273,0,89273,0
78558,89273,0,89273,0
78558,89273,0,89273,0
78558,89273,0,89273,0
78558,89273,0,89273,0
78558,89273,0,89273,0
78558,89273,0,89273,0
78558,89273,0,89273,0
78558,89273,0,89273,0
78558,89273,0,89273,0
78558,89273,0,89273,0
78558,89273,0,89273,0
78558,89273,0,89273,0
78558,89273,0,89273,0
78558,89273,0,89273,0
78558,89273,0,91383,1
78558,91383,1,91383,1
78558,91383,1,91383,1
78558,91383,1,91383,1
78558,91383,1,91383,1
78558,91383,1,91383,1
78558,91383,1,91383,1
78558,91383,1,91383,1
78558,91383,1,91383,1
78558,91383,1,91383,1
78558,91383,1,91383,1
78558,91383,1,91383,1
78558,91383,1,91383,1
78558,91383,1,91383,1
78558,91383,1,91383,1
78558,91383,1,91383,1
78558,91383,1,91383,1
78558,91383,1,91383,1
78558,91383,1,91383,1
78558,91383,1,91383,1
78558,91383,1,91383,1
78558,91383,1,91383,1
78558,91383,1,91383,1
78558,91383,1,91383,1
78558,91383,1,91383,1
78558,91383,1,91383,1
78558,91383,1,91383,1
78558,91383,1,91383,1
78558,91383,1,91383,1
78558,91383,1,91383,1
78558,91383,1,91383,1
78558,91383,1,91383,1
78558,91383,1,91383,1
78558,91383,1,91383,1
78558,91383,1,91383,1
78558,91383,1,91383,1
78558,91383,1,91383,1
78558,91383,1,91383,1
78558,91383,1,91383,1
78558,91383,1,91383,1
78558,91383,1,91383,1
78558,91383,1,91383,1
78558,91383,1,91383,1
78558,91383,1,91383,1
78558,91383,1,91383,1
78558,91383,1,91383,1
78558,91383,1,91383,1
78558,91383,1,91383,1
78558,91383,1,91383,1
78558,91383,1,91383,1
78558,91383,1,91383,1
78558,91383,1,91383,1
78558,91383,1,91383,1
78558,91383,1,91383,1
78558,91383,1,91383,1
78558,91383,1,91383,1
78558,91383,1,91383,1
78558,91383,1,91383,1
78558,91383,1,91383,1
78558,91383,1,91383,1
78558,91383,1,91383,1
78558,91383,1,91383,1
78558,91383,1,91383,1
78558,91383,1,91383,1
78558,91383,1,91383,1
78558,91383,1,91383,1
78558,91383,1,91383,1
78558,91383,1,91383,1
78558,91383,1,91383,1
78558,91383,1,91383,1
78558,91383,1,91383,1
78558,91383,1,91383,1
78558,91383,1,91383,1
78558,91383,1,91383,1
78558,91383,1,91383,1
78558,91383,1,91383,1
78558,91383,1,91383,1
78558,91383,1,91383,1
78558,91383,1,91383,1
78558,91383,1,91383,1
78558,91383,1,91383,1
78558,91383,1,91383,1
78558,91383,1,91383,1
78558,91383,1,91383,1
78558,91383,1,91383,1
78558,91383,1,91383,1
78558,91383,1,91383,1
78558,91383,1,91383,1
78558,91383,1,91383,1
78558,91383,1,91383,1
78558,91383,1,91383,1
78558,91383,1,91383,1
78558,91383,1,91383,1
78558,91383,1,91383,1
78558,91383,1,91383,1
78558,91383,1,91383,1
78558,91383,1,91383,1
78558,91383,1,91385,1
78558,91385,1,91385,1
78558,91385,1,91385,1
78558,91385,1,91385,1
78558,91385,1,91385,1
78558,91385,1,91385,1
78558,91385,1,91385,1
78558,91385,1,91385,1
78558,91385,1,91385,1
78558,91385,1,91385,1
78558,91385,1,91385,1
78558,91385,1,91385,1
78558,91385,1,91385,1
78558,91385,1,91385,1
78558,91385,1,91385,1
78558,91385,1,91385,1
78558,91385,1,91385,1
78558,91385,1,91385,1
78558,91385,1,91385,1
78558,91385,1,91385,1
78558,91385,1,91385,1
78558,91385,1,91385,1
78558,91385,1,91385,1
78558,91385,1,91385,1
78558,91385,1,91385,1
78558,91385,1,91385,1
78558,91385,1,91385,1
78558,91385,1,91385,1
78558,91385,1,91385,1
78558,91385,1,91385,1
78558,91385,1,91385,1
78558,91385,1,91385,1
78558,91385,1,91385,1
78558,91385,1,91385,1
78558,91385,1,91385,1
78558,91385,1,91385,1
78558,91385,1,91385,1
78558,91385,1,91385,1
78558,91385,1,91385,1
78558,91385,1,91385,1
78558,91385,1,91385,1
78558,91385,1,91385,1
78558,91385,1,91385,1
78558,91385,1,91385,1
78558,91385,1,91385,1
78558,91385,1,91385,1
78558,91385,1,91385,1
78558,91385,1,89835,1
78558,89835,1,89835,1
78558,89835,1,89835,1
78558,89835,1,89835,1
78558,89835,1,89835,1
78558,89835,1,89835,1
78558,89835,1,89835,1
78558,89835,1,89835,1
78558,89835,1,89835,1
78558,89835,1,89835,1
78558,89835,1,89835,1
78558,89835,1,89835,1
78558,89835,1,89835,1
78558,89835,1,89835,1
78558,89835,1,89835,1
78558,89835,1,89835,1
78558,89835,1,89835,1
78558,89835,1,89835,1
78558,89835,1,89835,1
78558,89835,1,89835,1
78558,89835,1,89835,1
78558,89835,1,89835,1
78558,89835,1,89835,1
78558,89835,1,89835,1
78558,89835,1,89835,1
78558,89835,1,89835,1
78558,89835,1,89835,1
78558,89835,1,89835,1
78558,89835,1,89835,1
78558,89835,1,89835,1
78558,89835,1,89835,1
78558,89835,1,89835,1
78558,89835,1,89835,1
78558,89835,1,89835,1
78558,89835,1,89835,1
78558,89835,1,89835,1
78558,89835,1,89835,1
78558,89835,1,89835,1
78558,89835,1,89835,1
78558,89835,1,89835,1
78558,89835,1,89835,1
78558,89835,1,89835,1
78558,89835,1,89835,1
78558,89835,1,89835,1
78558,89835,1,89835,1
78558,89835,1,89835,1
78558,89835,1,89835,1
78558,89835,1,89835,1
78558,89835,1,89835,1
78558,89835,1,89835,1
78558,89835,1,89835,1
78558,89835,1,89835,1
78558,89835,1,89835,1
78558,89835,1,89835,1
78558,89835,1,89835,1
78558,89835,1,89835,1
78558,89835,1,89835,1
78558,89835,1,89835,1
78558,89835,1,89835,1
78558,89835,1,89835,1
78558,89835,1,89835,1
78558,89835,1,89835,1
78558,89835,1,89835,1
78558,89835,1,89835,1
78558,89835,1,89835,1
78558,89835,1,89835,1
78558,89835,1,89835,1
78558,89835,1,89835,1
78558,89835,1,89835,1
78558,89835,1,89835,1
78558,89835,1,89835,1
78558,89835,1,89835,1
78558,89835,1,89835,1
78558,89835,1,89835,1
78558,89835,1,89835,1
78558,89835,1,89835,1
78558,89835,1,89835,1
78558,89835,1,89835,1
78558,89835,1,89835,1
78558,89835,1,89835,1
78558,89835,1,89835,1
78558,89835,1,89835,1
78558,89835,1,89835,1
78558,89835,1,89835,1
78558,89835,1,89835,1
78558,89835,1,89835,1
78558,89835,1,89835,1
78558,89835,1,89835,1
78558,89835,1,89835,1
78558,89835,1,89835,1
78558,89835,1,89835,1
78558,89835,1,89835,1
78558,89835,1,89835,1
78558,89835,1,89820,1
78558,89820,1,89820,1
78558,89820,1,89820,1
78558,89820,1,89820,1
78558,89820,1,89820,1
78558,89820,1,89820,1
78558,89820,1,89820,1
78558,89820,1,89820,1
78558,89820,1,89820,1
78558,89820,1,89820,1
78558,89820,1,89820,1
78558,89820,1,89820,1
78558,89820,1,89820,1
78558,89820,1,89820,1
78558,89820,1,89820,1
78558,89820,1,89820,1
78558,89820,1,89820,1
78558,89820,1,89820,1
78558,89820,1,89820,1
78558,89820,1,89820,1
78558,89820,1,89820,1
78558,89820,1,89820,1
78558,89820,1,89820,1
78558,89820,1,89820,1
78558,89820,1,89820,1
78558,89820,1,89820,1
78558,89820,1,89820,1
78558,89820,1,89820,1
78558,89820,1,89820,1
78558,89820,1,89820,1
78558,89820,1,89820,1
78558,89820,1,89820,1
78558,89820,1,89820,1
78558,89820,1,89820,1
78558,89820,1,89820,1
78558,89820,1,89820,1
78558,89820,1,89820,1
78558,89820,1,89820,1
78558,89820,1,89820,1
78558,89820,1,89820,1
78558,89820,1,89820,1
78558,89820,1,89820,1
78558,89820,1,89820,1
78558,89820,1,89820,1
78558,89820,1,89820,1
78558,89820,1,89820,1
78558,89820,1,89820,1
78558,89820,1,89820,1
78558,89820,1,89820,1
78558,89820,1,89820,1
78558,89820,1,89820,1
78558,89820,1,89820,1
78558,89820,1,89820,1
78558,89820,1,89820,1
78558,89820,1,89820,1
78558,89820,1,89820,1
78558,89820,1,89820,1
78558,89820,1,89820,1
78558,89820,1,89820,1
78558,89820,1,89820,1
78558,89820,1,89820,1
78558,89820,1,89820,1
78558,89820,1,89820,1
78558,89820,1,89820,1
78558,89820,1,89820,1
78558,89820,1,89820,1
78558,89820,1,89820,1
78558,89820,1,89820,1
78558,89820,1,89820,1
78558,89820,1,89820,1
78558,89820,1,89820,1
78558,89820,1,89820,1
78558,89820,1,89820,1
78558,89820,1,89820,1
78558,89820,1,89820,1
78558,89820,1,89820,1
78558,89820,1,89820,1
78558,89820,1,89820,1
78558,89820,1,89820,1
78558,89820,1,89820,1
78558,89820,1,89820,1
78558,89820,1,89820,1
78558,89820,1,89820,1
78558,89820,1,89820,1
78558,89820,1,89820,1
78558,89820,1,89820,1
78558,89820,1,89820,1
78558,89820,1,89820,1
78558,89820,1,89820,1
78558,89820,1,89820,1
78558,89820,1,89820,1
78558,89820,1,89820,1
78558,89820,1,89820,1
78558,89820,1,89794,1
78558,89794,1,89794,1
78558,89794,1,89794,1
78558,89794,1,89794,1
78558,89794,1,89794,1
78558,89794,1,89794,1
78558,89794,1,89794,1
78558,89794,1,89794,1
78558,89794,1,89794,1
78558,89794,1,89794,1
78558,89794,1,89794,1
78558,89794,1,89794,1
78558,89794,1,89794,1
78558,89794,1,89794,1
78558,89794,1,89794,1
78558,89794,1,89794,1
78558,89794,1,89794,1
78558,89794,1,89794,1
78558,89794,1,89794,1
78558,89794,1,89794,1
78558,89794,1,89794,1
78558,89794,1,89794,1
78558,89794,1,89794,1
78558,89794,1,89794,1
78558,89794,1,89794,1
78558,89794,1,89794,1
78558,89794,1,89794,1
78558,89794,1,89794,1
78558,89794,1,89794,1
78558,89794,1,89794,1
78558,89794,1,89794,1
78558,89794,1,89794,1
78558,89794,1,89794,1
78558,89794,1,89794,1
78558,89794,1,89794,1
78558,89794,1,89794,1
78558,89794,1,89794,1
78558,89794,1,89794,1
78558,89794,1,89794,1
78558,89794,1,89794,1
78558,89794,1,89794,1
78558,89794,1,89794,1
78558,89794,1,89794,1
78558,89794,1,89794,1
78558,89794,1,89794,1
78558,89794,1,89794,1
78558,89794,1,173884,1
78558,173884,1,173932,1
78558,173932,1,174018,1
78558,174018,1,173960,1
78559,93242,1,93242,1
78559,93242,1,93242,1
78559,93242,1,93242,1
78559,93242,1,93242,1
78559,93242,1,93242,1
78559,93242,1,93242,1
78559,93242,1,93242,1
78559,93242,1,93242,1
78559,93242,1,93242,1
78559,93242,1,93242,1
78559,93242,1,93242,1
78559,93242,1,93242,1
78559,93242,1,93242,1
78559,93242,1,93242,1
78559,93242,1,93242,1
78559,93242,1,93242,1
78559,93242,1,93242,1
78559,93242,1,93242,1
78559,93242,1,93242,1
78559,93242,1,93242,1
78559,93242,1,93242,1
78559,93242,1,93242,1
78559,93242,1,93242,1
78559,93242,1,93242,1
78559,93242,1,93242,1
78559,93242,1,93242,1
78559,93242,1,93242,1
78559,93242,1,93242,1
78559,93242,1,93242,1
78559,93242,1,93242,1
78559,93242,1,93242,1
78559,93242,1,93242,1
78559,93242,1,93242,1
78559,93242,1,93242,1
78559,93242,1,93242,1
78559,93242,1,93242,1
78559,93242,1,93242,1
78559,93242,1,93242,1
78559,93242,1,93242,1
78559,93242,1,93242,1
78559,93242,1,93242,1
78559,93242,1,93242,1
78559,93242,1,93242,1
78559,93242,1,93242,1
78559,93242,1,93242,1
78559,93242,1,93150,0
78559,93150,0,93150,0
78559,93150,0,93150,0
78559,93150,0,93150,0
78559,93150,0,93150,0
78559,93150,0,93150,0
78559,93150,0,93150,0
78559,93150,0,93150,0
78559,93150,0,93150,0
78559,93150,0,93150,0
78559,93150,0,93150,0
78559,93150,0,93150,0
78559,93150,0,93150,0
78559,93150,0,93150,0
78559,93150,0,93150,0
78559,93150,0,93150,0
78559,93150,0,93150,0
78559,93150,0,93150,0
78559,93150,0,93150,0
78559,93150,0,93150,0
78559,93150,0,93150,0
78559,93150,0,93150,0
78559,93150,0,93150,0
78559,93150,0,93150,0
78559,93150,0,93150,0
78559,93150,0,93150,0
78559,93150,0,93150,0
78559,93150,0,93150,0
78559,93150,0,93150,0
78559,93150,0,93150,0
78559,93150,0,93150,0
78559,93150,0,93150,0
78559,93150,0,93150,0
78559,93150,0,93150,0
78559,93150,0,93150,0
78559,93150,0,93150,0
78559,93150,0,93150,0
78559,93150,0,93150,0
78559,93150,0,93150,0
78559,93150,0,93150,0
78559,93150,0,93150,0
78559,93150,0,93150,0
78559,93150,0,93150,0
78559,93150,0,93150,0
78559,93150,0,93150,0
78559,93150,0,93150,0
78559,93150,0,93206,1
78559,93206,1,93206,1
78559,93206,1,93206,1
78559,93206,1,93206,1
78559,93206,1,93206,1
78559,93206,1,93206,1
78559,93206,1,93206,1
78559,93206,1,93206,1
78559,93206,1,93206,1
78559,93206,1,93206,1
78559,93206,1,93206,1
78559,93206,1,93206,1
78559,93206,1,93206,1
78559,93206,1,93206,1
78559,93206,1,93206,1
78559,93206,1,93206,1
78559,93206,1,93206,1
78559,93206,1,93206,1
78559,93206,1,93206,1
78559,93206,1,93206,1
78559,93206,1,93206,1
78559,93206,1,93206,1
78559,93206,1,93206,1
78559,93206,1,93206,1
78559,93206,1,93206,1
78559,93206,1,93206,1
78559,93206,1,93206,1
78559,93206,1,93206,1
78559,93206,1,93206,1
78559,93206,1,93206,1
78559,93206,1,93206,1
78559,93206,1,93206,1
78559,93206,1,93206,1
78559,93206,1,93206,1
78559,93206,1,93206,1
78559,93206,1,93206,1
78559,93206,1,93206,1
78559,93206,1,93206,1
78559,93206,1,93206,1
78559,93206,1,93206,1
78559,93206,1,93206,1
78559,93206,1,93206,1
78559,93206,1,93206,1
78559,93206,1,93206,1
78559,93206,1,93206,1
78559,93206,1,93206,1
78559,93206,1,93172,1
78559,93172,1,93172,1
78559,93172,1,93172,1
78559,93172,1,93172,1
78559,93172,1,93172,1
78559,93172,1,93172,1
78559,93172,1,93172,1
78559,93172,1,93172,1
78559,93172,1,93172,1
78559,93172,1,93172,1
78559,93172,1,93172,1
78559,93172,1,93172,1
78559,93172,1,93172,1
78559,93172,1,93172,1
78559,93172,1,93172,1
78559,93172,1,93172,1
78559,93172,1,93172,1
78559,93172,1,93172,1
78559,93172,1,93172,1
78559,93172,1,93172,1
78559,93172,1,93172,1
78559,93172,1,93172,1
78559,93172,1,93172,1
78559,93172,1,93172,1
78559,93172,1,93172,1
78559,93172,1,93172,1
78559,93172,1,93172,1
78559,93172,1,93172,1
78559,93172,1,93172,1
78559,93172,1,93172,1
78559,93172,1,93172,1
78559,93172,1,93172,1
78559,93172,1,93172,1
78559,93172,1,93172,1
78559,93172,1,93172,1
78559,93172,1,93172,1
78559,93172,1,93172,1
78559,93172,1,93172,1
78559,93172,1,93172,1
78559,93172,1,93172,1
78559,93172,1,93172,1
78559,93172,1,93172,1
78559,93172,1,93172,1
78559,93172,1,93172,1
78559,93172,1,93172,1
78559,93172,1,93172,1
78559,93172,1,93235,1
78559,93235,1,93235,1
78559,93235,1,93235,1
78559,93235,1,93235,1
78559,93235,1,93235,1
78559,93235,1,93235,1
78559,93235,1,93235,1
78559,93235,1,93235,1
78559,93235,1,93235,1
78559,93235,1,93235,1
78559,93235,1,93235,1
78559,93235,1,93235,1
78559,93235,1,93235,1
78559,93235,1,93235,1
78559,93235,1,93235,1
78559,93235,1,93235,1
78559,93235,1,93235,1
78559,93235,1,93235,1
78559,93235,1,93235,1
78559,93235,1,93235,1
78559,93235,1,93235,1
78559,93235,1,93235,1
78559,93235,1,93235,1
78559,93235,1,93235,1
78559,93235,1,93235,1
78559,93235,1,93235,1
78559,93235,1,93235,1
78559,93235,1,93235,1
78559,93235,1,93235,1
78559,93235,1,93235,1
78559,93235,1,93235,1
78559,93235,1,93235,1
78559,93235,1,93235,1
78559,93235,1,93235,1
78559,93235,1,93235,1
78559,93235,1,93235,1
78559,93235,1,93235,1
78559,93235,1,93235,1
78559,93235,1,93235,1
78559,93235,1,93235,1
78559,93235,1,93235,1
78559,93235,1,93235,1
78559,93235,1,93235,1
78559,93235,1,93235,1
78559,93235,1,93235,1
78559,93235,1,93235,1
78559,93235,1,93172,1
78559,93172,1,93172,1
78559,93172,1,93172,1
78559,93172,1,93172,1
78559,93172,1,93172,1
78559,93172,1,93172,1
78559,93172,1,93172,1
78559,93172,1,93172,1
78559,93172,1,93172,1
78559,93172,1,93172,1
78559,93172,1,93172,1
78559,93172,1,93172,1
78559,93172,1,93172,1
78559,93172,1,93172,1
78559,93172,1,93172,1
78559,93172,1,93172,1
78559,93172,1,93172,1
78559,93172,1,93172,1
78559,93172,1,93172,1
78559,93172,1,93172,1
78559,93172,1,93172,1
78559,93172,1,93172,1
78559,93172,1,93172,1
78559,93172,1,93172,1
78559,93172,1,93172,1
78559,93172,1,93172,1
78559,93172,1,93172,1
78559,93172,1,93172,1
78559,93172,1,93172,1
78559,93172,1,93172,1
78559,93172,1,93172,1
78559,93172,1,93172,1
78559,93172,1,93172,1
78559,93172,1,93172,1
78559,93172,1,93172,1
78559,93172,1,93172,1
78559,93172,1,93172,1
78559,93172,1,93172,1
78559,93172,1,93172,1
78559,93172,1,93172,1
78559,93172,1,93172,1
78559,93172,1,93172,1
78559,93172,1,93172,1
78559,93172,1,84619,1
78559,84619,1,84619,1
78559,84619,1,84619,1
78559,84619,1,84619,1
78559,84619,1,84619,1
78559,84619,1,84619,1
78559,84619,1,84619,1
78559,84619,1,84619,1
78559,84619,1,84619,1
78559,84619,1,84619,1
78559,84619,1,84619,1
78559,84619,1,84619,1
78559,84619,1,84619,1
78559,84619,1,84619,1
78559,84619,1,84619,1
78559,84619,1,84619,1
78559,84619,1,84619,1
78559,84619,1,84619,1
78559,84619,1,84619,1
78559,84619,1,84619,1
78559,84619,1,84619,1
78559,84619,1,84619,1
78559,84619,1,84619,1
78559,84619,1,84619,1
78559,84619,1,84619,1
78559,84619,1,84619,1
78559,84619,1,84619,1
78559,84619,1,84619,1
78559,84619,1,84619,1
78559,84619,1,84619,1
78559,84619,1,84619,1
78559,84619,1,84619,1
78559,84619,1,84619,1
78559,84619,1,84619,1
78559,84619,1,84619,1
78559,84619,1,84619,1
78559,84619,1,84619,1
78559,84619,1,84619,1
78559,84619,1,84619,1
78559,84619,1,84619,1
78559,84619,1,84619,1
78559,84619,1,84619,1
78559,84619,1,84619,1
78559,84619,1,84619,1
78559,84619,1,84619,1
78559,84619,1,84619,1
78559,84619,1,86105,1
78559,86105,1,86105,1
78559,86105,1,86105,1
78559,86105,1,86105,1
78559,86105,1,86105,1
78559,86105,1,86105,1
78559,86105,1,86105,1
78559,86105,1,86105,1
78559,86105,1,86105,1
78559,86105,1,86105,1
78559,86105,1,86105,1
78559,86105,1,86105,1
78559,86105,1,86105,1
78559,86105,1,86105,1
78559,86105,1,86105,1
78559,86105,1,86105,1
78559,86105,1,86105,1
78559,86105,1,86105,1
78559,86105,1,86105,1
78559,86105,1,86105,1
78559,86105,1,86105,1
78559,86105,1,86105,1
78559,86105,1,86105,1
78559,86105,1,86105,1
78559,86105,1,86105,1
78559,86105,1,86105,1
78559,86105,1,86105,1
78559,86105,1,86105,1
78559,86105,1,86105,1
78559,86105,1,86105,1
78559,86105,1,86105,1
78559,86105,1,86105,1
78559,86105,1,86105,1
78559,86105,1,86105,1
78559,86105,1,86105,1
78559,86105,1,86105,1
78559,86105,1,86105,1
78559,86105,1,86105,1
78559,86105,1,86105,1
78559,86105,1,86105,1
78559,86105,1,86105,1
78559,86105,1,86105,1
78559,86105,1,86105,1
78559,86105,1,86105,1
78559,86105,1,86105,1
78559,86105,1,86105,1
78559,86105,1,85666,1
78559,85666,1,85666,1
78559,85666,1,85666,1
78559,85666,1,85666,1
78559,85666,1,85666,1
78559,85666,1,85666,1
78559,85666,1,85666,1
78559,85666,1,85666,1
78559,85666,1,85666,1
78559,85666,1,85666,1
78559,85666,1,85666,1
78559,85666,1,85666,1
78559,85666,1,85666,1
78559,85666,1,85666,1
78559,85666,1,85666,1
78559,85666,1,85666,1
78559,85666,1,85666,1
78559,85666,1,85666,1
78559,85666,1,85666,1
78559,85666,1,85666,1
78559,85666,1,85666,1
78559,85666,1,85666,1
78559,85666,1,85666,1
78559,85666,1,85666,1
78559,85666,1,85666,1
78559,85666,1,85666,1
78559,85666,1,85666,1
78559,85666,1,85666,1
78559,85666,1,85666,1
78559,85666,1,85666,1
78559,85666,1,85666,1
78559,85666,1,85666,1
78559,85666,1,85666,1
78559,85666,1,85666,1
78559,85666,1,85666,1
78559,85666,1,85666,1
78559,85666,1,85666,1
78559,85666,1,85666,1
78559,85666,1,85666,1
78559,85666,1,85666,1
78559,85666,1,85666,1
78559,85666,1,85666,1
78559,85666,1,85666,1
78559,85666,1,89237,1
78559,89237,1,89237,1
78559,89237,1,89237,1
78559,89237,1,89237,1
78559,89237,1,89237,1
78559,89237,1,89237,1
78559,89237,1,89237,1
78559,89237,1,89237,1
78559,89237,1,89237,1
78559,89237,1,89237,1
78559,89237,1,89237,1
78559,89237,1,89237,1
78559,89237,1,89237,1
78559,89237,1,89237,1
78559,89237,1,89237,1
78559,89237,1,89237,1
78559,89237,1,89237,1
78559,89237,1,89237,1
78559,89237,1,89237,1
78559,89237,1,89237,1
78559,89237,1,89237,1
78559,89237,1,89237,1
78559,89237,1,89237,1
78559,89237,1,89237,1
78559,89237,1,89237,1
78559,89237,1,89237,1
78559,89237,1,89237,1
78559,89237,1,89237,1
78559,89237,1,89237,1
78559,89237,1,89237,1
78559,89237,1,89237,1
78559,89237,1,89237,1
78559,89237,1,89237,1
78559,89237,1,89237,1
78559,89237,1,89237,1
78559,89237,1,89237,1
78559,89237,1,89237,1
78559,89237,1,89237,1
78559,89237,1,89237,1
78559,89237,1,89237,1
78559,89237,1,89237,1
78559,89237,1,89237,1
78559,89237,1,89237,1
78559,89237,1,89237,1
78559,89237,1,89237,1
78559,89237,1,89237,1
78559,89237,1,89237,1
78559,89237,1,89237,1
78559,89237,1,89237,1
78559,89237,1,89237,1
78559,89237,1,89237,1
78559,89237,1,89237,1
78559,89237,1,89237,1
78559,89237,1,89237,1
78559,89237,1,89237,1
78559,89237,1,89237,1
78559,89237,1,89237,1
78559,89237,1,89237,1
78559,89237,1,89237,1
78559,89237,1,89237,1
78559,89237,1,89237,1
78559,89237,1,89237,1
78559,89237,1,89237,1
78559,89237,1,89237,1
78559,89237,1,89237,1
78559,89237,1,89237,1
78559,89237,1,89237,1
78559,89237,1,89237,1
78559,89237,1,89237,1
78559,89237,1,89237,1
78559,89237,1,89237,1
78559,89237,1,89237,1
78559,89237,1,89237,1
78559,89237,1,89237,1
78559,89237,1,89237,1
78559,89237,1,89237,1
78559,89237,1,89237,1
78559,89237,1,89237,1
78559,89237,1,89237,1
78559,89237,1,89237,1
78559,89237,1,89237,1
78559,89237,1,89237,1
78559,89237,1,89237,1
78559,89237,1,89237,1
78559,89237,1,89237,1
78559,89237,1,89237,1
78559,89237,1,89237,1
78559,89237,1,89237,1
78559,89237,1,89237,1
78559,89237,1,89237,1
78559,89237,1,89237,1
78559,89237,1,89237,1
78559,89237,1,89237,1
78559,89237,1,89237,1
78559,89237,1,89237,1
78559,89237,1,89237,1
78559,89237,1,89237,1
78559,89237,1,91357,1
78559,91357,1,91357,1
78559,91357,1,91357,1
78559,91357,1,91357,1
78559,91357,1,91357,1
78559,91357,1,91357,1
78559,91357,1,91357,1
78559,91357,1,91357,1
78559,91357,1,91357,1
78559,91357,1,91357,1
78559,91357,1,91357,1
78559,91357,1,91357,1
78559,91357,1,91357,1
78559,91357,1,91357,1
78559,91357,1,91357,1
78559,91357,1,91357,1
78559,91357,1,91357,1
78559,91357,1,91357,1
78559,91357,1,91357,1
78559,91357,1,91357,1
78559,91357,1,91357,1
78559,91357,1,91357,1
78559,91357,1,91357,1
78559,91357,1,91357,1
78559,91357,1,91357,1
78559,91357,1,91357,1
78559,91357,1,91357,1
78559,91357,1,91357,1
78559,91357,1,91357,1
78559,91357,1,91357,1
78559,91357,1,91357,1
78559,91357,1,91357,1
78559,91357,1,91357,1
78559,91357,1,91357,1
78559,91357,1,91357,1
78559,91357,1,91357,1
78559,91357,1,91357,1
78559,91357,1,91357,1
78559,91357,1,91357,1
78559,91357,1,91357,1
78559,91357,1,91357,1
78559,91357,1,91357,1
78559,91357,1,91357,1
78559,91357,1,91357,1
78559,91357,1,91357,1
78559,91357,1,91357,1
78559,91357,1,91357,1
78559,91357,1,89279,1
78559,89279,1,89279,1
78559,89279,1,89279,1
78559,89279,1,89279,1
78559,89279,1,89279,1
78559,89279,1,89279,1
78559,89279,1,89279,1
78559,89279,1,89279,1
78559,89279,1,89279,1
78559,89279,1,89279,1
78559,89279,1,89279,1
78559,89279,1,89279,1
78559,89279,1,89279,1
78559,89279,1,89279,1
78559,89279,1,89279,1
78559,89279,1,89279,1
78559,89279,1,89279,1
78559,89279,1,89279,1
78559,89279,1,89279,1
78559,89279,1,89279,1
78559,89279,1,89279,1
78559,89279,1,89279,1
78559,89279,1,89279,1
78559,89279,1,89279,1
78559,89279,1,89279,1
78559,89279,1,89279,1
78559,89279,1,89279,1
78559,89279,1,89279,1
78559,89279,1,89279,1
78559,89279,1,89279,1
78559,89279,1,89279,1
78559,89279,1,89279,1
78559,89279,1,89279,1
78559,89279,1,89279,1
78559,89279,1,89279,1
78559,89279,1,89279,1
78559,89279,1,89279,1
78559,89279,1,89279,1
78559,89279,1,89279,1
78559,89279,1,89279,1
78559,89279,1,89279,1
78559,89279,1,89279,1
78559,89279,1,89279,1
78559,89279,1,89279,1
78559,89279,1,89279,1
78559,89279,1,89279,1
78559,89279,1,89279,1
78559,89279,1,89279,1
78559,89279,1,89279,1
78559,89279,1,89279,1
78559,89279,1,89279,1
78559,89279,1,89279,1
78559,89279,1,89279,1
78559,89279,1,89279,1
78559,89279,1,89279,1
78559,89279,1,89279,1
78559,89279,1,89279,1
78559,89279,1,89279,1
78559,89279,1,89279,1
78559,89279,1,89279,1
78559,89279,1,89279,1
78559,89279,1,89279,1
78559,89279,1,89279,1
78559,89279,1,89279,1
78559,89279,1,89279,1
78559,89279,1,89279,1
78559,89279,1,89279,1
78559,89279,1,89279,1
78559,89279,1,89279,1
78559,89279,1,89279,1
78559,89279,1,89279,1
78559,89279,1,89279,1
78559,89279,1,89279,1
78559,89279,1,89279,1
78559,89279,1,89279,1
78559,89279,1,89279,1
78559,89279,1,89279,1
78559,89279,1,89279,1
78559,89279,1,89279,1
78559,89279,1,89279,1
78559,89279,1,89279,1
78559,89279,1,89279,1
78559,89279,1,89279,1
78559,89279,1,89279,1
78559,89279,1,89279,1
78559,89279,1,89279,1
78559,89279,1,89279,1
78559,89279,1,89279,1
78559,89279,1,89279,1
78559,89279,1,89279,1
78559,89279,1,89279,1
78559,89279,1,89279,1
78559,89279,1,89279,1
78559,89279,1,89279,1
78559,89279,1,89279,1
78559,89279,1,89279,1
78559,89279,1,89279,1
78559,89279,1,91391,1
78559,91391,1,91391,1
78559,91391,1,91391,1
78559,91391,1,91391,1
78559,91391,1,91391,1
78559,91391,1,91391,1
78559,91391,1,91391,1
78559,91391,1,91391,1
78559,91391,1,91391,1
78559,91391,1,91391,1
78559,91391,1,91391,1
78559,91391,1,91391,1
78559,91391,1,91391,1
78559,91391,1,91391,1
78559,91391,1,91391,1
78559,91391,1,91391,1
78559,91391,1,91391,1
78559,91391,1,91391,1
78559,91391,1,91391,1
78559,91391,1,91391,1
78559,91391,1,91391,1
78559,91391,1,91391,1
78559,91391,1,91391,1
78559,91391,1,91391,1
78559,91391,1,91391,1
78559,91391,1,91391,1
78559,91391,1,91391,1
78559,91391,1,91391,1
78559,91391,1,91391,1
78559,91391,1,91391,1
78559,91391,1,91391,1
78559,91391,1,91391,1
78559,91391,1,91391,1
78559,91391,1,91391,1
78559,91391,1,91391,1
78559,91391,1,91391,1
78559,91391,1,91391,1
78559,91391,1,91391,1
78559,91391,1,91391,1
78559,91391,1,91391,1
78559,91391,1,91391,1
78559,91391,1,91391,1
78559,91391,1,91391,1
78559,91391,1,91391,1
78559,91391,1,91391,1
78559,91391,1,91391,1
78559,91391,1,91391,1
78559,91391,1,91640,1
78559,91640,1,91640,1
78559,91640,1,91640,1
78559,91640,1,91640,1
78559,91640,1,91640,1
78559,91640,1,91640,1
78559,91640,1,91640,1
78559,91640,1,91640,1
78559,91640,1,91640,1
78559,91640,1,91640,1
78559,91640,1,91640,1
78559,91640,1,91640,1
78559,91640,1,91640,1
78559,91640,1,91640,1
78559,91640,1,91640,1
78559,91640,1,91640,1
78559,91640,1,91640,1
78559,91640,1,91640,1
78559,91640,1,91640,1
78559,91640,1,91640,1
78559,91640,1,91640,1
78559,91640,1,91640,1
78559,91640,1,91640,1
78559,91640,1,91640,1
78559,91640,1,91640,1
78559,91640,1,91640,1
78559,91640,1,91640,1
78559,91640,1,91640,1
78559,91640,1,91640,1
78559,91640,1,91640,1
78559,91640,1,91640,1
78559,91640,1,91640,1
78559,91640,1,91640,1
78559,91640,1,91640,1
78559,91640,1,91640,1
78559,91640,1,91640,1
78559,91640,1,91640,1
78559,91640,1,91640,1
78559,91640,1,91640,1
78559,91640,1,91640,1
78559,91640,1,91640,1
78559,91640,1,91640,1
78559,91640,1,91640,1
78559,91640,1,91640,1
78559,91640,1,91640,1
78559,91640,1,91640,1
78559,91640,1,89804,1
78559,89804,1,89804,1
78559,89804,1,89804,1
78559,89804,1,89804,1
78559,89804,1,89804,1
78559,89804,1,89804,1
78559,89804,1,89804,1
78559,89804,1,89804,1
78559,89804,1,89804,1
78559,89804,1,89804,1
78559,89804,1,89804,1
78559,89804,1,89804,1
78559,89804,1,89804,1
78559,89804,1,89804,1
78559,89804,1,89804,1
78559,89804,1,89804,1
78559,89804,1,89804,1
78559,89804,1,89804,1
78559,89804,1,89804,1
78559,89804,1,89804,1
78559,89804,1,89804,1
78559,89804,1,89804,1
78559,89804,1,89804,1
78559,89804,1,89804,1
78559,89804,1,89804,1
78559,89804,1,89804,1
78559,89804,1,89804,1
78559,89804,1,89804,1
78559,89804,1,89804,1
78559,89804,1,89804,1
78559,89804,1,89804,1
78559,89804,1,89804,1
78559,89804,1,89804,1
78559,89804,1,89804,1
78559,89804,1,89804,1
78559,89804,1,89804,1
78559,89804,1,89804,1
78559,89804,1,89804,1
78559,89804,1,89804,1
78559,89804,1,89804,1
78559,89804,1,89804,1
78559,89804,1,89804,1
78559,89804,1,89804,1
78559,89804,1,89804,1
78559,89804,1,89804,1
78559,89804,1,89804,1
78559,89804,1,89804,1
78559,89804,1,89804,1
78559,89804,1,89804,1
78559,89804,1,89804,1
78559,89804,1,89804,1
78559,89804,1,89804,1
78559,89804,1,89804,1
78559,89804,1,89804,1
78559,89804,1,89804,1
78559,89804,1,89804,1
78559,89804,1,89804,1
78559,89804,1,89804,1
78559,89804,1,89804,1
78559,89804,1,89804,1
78559,89804,1,89804,1
78559,89804,1,89804,1
78559,89804,1,89804,1
78559,89804,1,89804,1
78559,89804,1,89804,1
78559,89804,1,89804,1
78559,89804,1,89804,1
78559,89804,1,89804,1
78559,89804,1,89804,1
78559,89804,1,89804,1
78559,89804,1,89804,1
78559,89804,1,89804,1
78559,89804,1,89804,1
78559,89804,1,89804,1
78559,89804,1,89804,1
78559,89804,1,89804,1
78559,89804,1,89804,1
78559,89804,1,89804,1
78559,89804,1,89804,1
78559,89804,1,89804,1
78559,89804,1,89804,1
78559,89804,1,89804,1
78559,89804,1,89804,1
78559,89804,1,89804,1
78559,89804,1,89804,1
78559,89804,1,89804,1
78559,89804,1,89804,1
78559,89804,1,89804,1
78559,89804,1,89804,1
78559,89804,1,89804,1
78559,89804,1,89804,1
78559,89804,1,89804,1
78559,89804,1,89804,1
78559,89804,1,89835,1
78559,89835,1,89835,1
78559,89835,1,89835,1
78559,89835,1,89835,1
78559,89835,1,89835,1
78559,89835,1,89835,1
78559,89835,1,89835,1
78559,89835,1,89835,1
78559,89835,1,89835,1
78559,89835,1,89835,1
78559,89835,1,89835,1
78559,89835,1,89835,1
78559,89835,1,89835,1
78559,89835,1,89835,1
78559,89835,1,89835,1
78559,89835,1,89835,1
78559,89835,1,89835,1
78559,89835,1,89835,1
78559,89835,1,89835,1
78559,89835,1,89835,1
78559,89835,1,89835,1
78559,89835,1,89835,1
78559,89835,1,89835,1
78559,89835,1,89835,1
78559,89835,1,89835,1
78559,89835,1,89835,1
78559,89835,1,89835,1
78559,89835,1,89835,1
78559,89835,1,89835,1
78559,89835,1,89835,1
78559,89835,1,89835,1
78559,89835,1,89835,1
78559,89835,1,89835,1
78559,89835,1,89835,1
78559,89835,1,89835,1
78559,89835,1,89835,1
78559,89835,1,89835,1
78559,89835,1,89835,1
78559,89835,1,89835,1
78559,89835,1,89835,1
78559,89835,1,89835,1
78559,89835,1,89835,1
78559,89835,1,89835,1
78559,89835,1,89835,1
78559,89835,1,173933,0
78559,173933,0,173941,1
78559,173941,1,173923,1
78559,173923,1,173924,0
78559,173924,0,173930,1
78559,173930,1,173919,1
78559,173919,1,173947,1
78559,173947,1,173998,1
78559,173998,1,174020,0
78559,174020,0,173982,1
78559,173982,1,174021,1
78559,174021,1,174009,0
78559,174009,0,173955,1
78559,173955,1,174016,1
78559,174016,1,174018,1
78559,174018,1,91659,1
78559,91659,1,91659,1
78559,91659,1,91659,1
78559,91659,1,91659,1
78559,91659,1,91659,1
78559,91659,1,91659,1
78559,91659,1,91659,1
78559,91659,1,91659,1
78559,91659,1,91659,1
78559,91659,1,91659,1
78559,91659,1,91659,1
78559,91659,1,91659,1
78559,91659,1,91659,1
78559,91659,1,91659,1
78559,91659,1,91659,1
78559,91659,1,91659,1
78559,91659,1,91659,1
78559,91659,1,91659,1
78559,91659,1,91659,1
78559,91659,1,91659,1
78559,91659,1,91659,1
78559,91659,1,91659,1
78559,91659,1,91659,1
78559,91659,1,91659,1
78559,91659,1,91659,1
78559,91659,1,91659,1
78559,91659,1,91659,1
78559,91659,1,91659,1
78559,91659,1,91659,1
78559,91659,1,91659,1
78559,91659,1,91659,1
78559,91659,1,91659,1
78559,91659,1,91659,1
78559,91659,1,91659,1
78559,91659,1,91659,1
78559,91659,1,91659,1
78559,91659,1,91659,1
78559,91659,1,91659,1
78559,91659,1,91659,1
78559,91659,1,91659,1
78559,91659,1,91659,1
78559,91659,1,91659,1
78559,91659,1,91659,1
78559,91659,1,91659,1
78559,91659,1,91659,1
78559,91659,1,91659,1
78559,91659,1,91659,1
78559,91659,1,91659,1
78559,91659,1,91659,1
78559,91659,1,91659,1
78559,91659,1,91659,1
78559,91659,1,91659,1
78559,91659,1,91659,1
78559,91659,1,91659,1
78559,91659,1,91659,1
78559,91659,1,91659,1
78559,91659,1,91659,1
78559,91659,1,91659,1
78559,91659,1,91659,1
78559,91659,1,91659,1
78559,91659,1,91659,1
78559,91659,1,91659,1
78559,91659,1,91659,1
78559,91659,1,91659,1
78559,91659,1,91659,1
78559,91659,1,91659,1
78559,91659,1,91659,1
78559,91659,1,91659,1
78559,91659,1,91659,1
78559,91659,1,91659,1
78559,91659,1,91659,1
78559,91659,1,91659,1
78559,91659,1,91659,1
78559,91659,1,91659,1
78559,91659,1,91659,1
78559,91659,1,91659,1
78559,91659,1,91659,1
78559,91659,1,91659,1
78559,91659,1,91659,1
78559,91659,1,91659,1
78559,91659,1,91659,1
78559,91659,1,91659,1
78559,91659,1,91659,1
78559,91659,1,91659,1
78559,91659,1,91659,1
78559,91659,1,91659,1
78559,91659,1,91659,1
78559,91659,1,91659,1
78559,91659,1,91659,1
78559,91659,1,91659,1
78559,91659,1,91659,1
78559,91659,1,91659,1
78559,91659,1,91659,1
78560,93167,1,93167,1
78560,93167,1,93167,1
78560,93167,1,93167,1
78560,93167,1,93167,1
78560,93167,1,93167,1
78560,93167,1,93167,1
78560,93167,1,93167,1
78560,93167,1,93167,1
78560,93167,1,93167,1
78560,93167,1,93167,1
78560,93167,1,93167,1
78560,93167,1,93167,1
78560,93167,1,93167,1
78560,93167,1,93167,1
78560,93167,1,93167,1
78560,93167,1,93167,1
78560,93167,1,93167,1
78560,93167,1,93167,1
78560,93167,1,93167,1
78560,93167,1,93167,1
78560,93167,1,93167,1
78560,93167,1,93167,1
78560,93167,1,93167,1
78560,93167,1,93167,1
78560,93167,1,93167,1
78560,93167,1,93167,1
78560,93167,1,93167,1
78560,93167,1,93167,1
78560,93167,1,93167,1
78560,93167,1,93167,1
78560,93167,1,93167,1
78560,93167,1,93167,1
78560,93167,1,93167,1
78560,93167,1,93167,1
78560,93167,1,93167,1
78560,93167,1,93167,1
78560,93167,1,93167,1
78560,93167,1,93167,1
78560,93167,1,93167,1
78560,93167,1,93167,1
78560,93167,1,93167,1
78560,93167,1,93167,1
78560,93167,1,93167,1
78560,93167,1,93167,1
78560,93167,1,93167,1
78560,93167,1,93194,1
78560,93194,1,93194,1
78560,93194,1,93194,1
78560,93194,1,93194,1
78560,93194,1,93194,1
78560,93194,1,93194,1
78560,93194,1,93194,1
78560,93194,1,93194,1
78560,93194,1,93194,1
78560,93194,1,93194,1
78560,93194,1,93194,1
78560,93194,1,93194,1
78560,93194,1,93194,1
78560,93194,1,93194,1
78560,93194,1,93194,1
78560,93194,1,93194,1
78560,93194,1,93194,1
78560,93194,1,93194,1
78560,93194,1,93194,1
78560,93194,1,93194,1
78560,93194,1,93194,1
78560,93194,1,93194,1
78560,93194,1,93194,1
78560,93194,1,93194,1
78560,93194,1,93194,1
78560,93194,1,93194,1
78560,93194,1,93194,1
78560,93194,1,93194,1
78560,93194,1,93194,1
78560,93194,1,93194,1
78560,93194,1,93194,1
78560,93194,1,93194,1
78560,93194,1,93194,1
78560,93194,1,93194,1
78560,93194,1,93194,1
78560,93194,1,93194,1
78560,93194,1,93194,1
78560,93194,1,93194,1
78560,93194,1,93194,1
78560,93194,1,93194,1
78560,93194,1,93194,1
78560,93194,1,93194,1
78560,93194,1,93194,1
78560,93194,1,93194,1
78560,93194,1,93194,1
78560,93194,1,93194,1
78560,93194,1,93225,1
78560,93225,1,93225,1
78560,93225,1,93225,1
78560,93225,1,93225,1
78560,93225,1,93225,1
78560,93225,1,93225,1
78560,93225,1,93225,1
78560,93225,1,93225,1
78560,93225,1,93225,1
78560,93225,1,93225,1
78560,93225,1,93225,1
78560,93225,1,93225,1
78560,93225,1,93225,1
78560,93225,1,93225,1
78560,93225,1,93225,1
78560,93225,1,93225,1
78560,93225,1,93225,1
78560,93225,1,93225,1
78560,93225,1,93225,1
78560,93225,1,93225,1
78560,93225,1,93225,1
78560,93225,1,93225,1
78560,93225,1,93225,1
78560,93225,1,93225,1
78560,93225,1,93225,1
78560,93225,1,93225,1
78560,93225,1,93225,1
78560,93225,1,93225,1
78560,93225,1,93225,1
78560,93225,1,93225,1
78560,93225,1,93225,1
78560,93225,1,93225,1
78560,93225,1,93225,1
78560,93225,1,93225,1
78560,93225,1,93225,1
78560,93225,1,93225,1
78560,93225,1,93225,1
78560,93225,1,93225,1
78560,93225,1,93225,1
78560,93225,1,93225,1
78560,93225,1,93225,1
78560,93225,1,93225,1
78560,93225,1,93225,1
78560,93225,1,85678,1
78560,85678,1,85678,1
78560,85678,1,85678,1
78560,85678,1,85678,1
78560,85678,1,85678,1
78560,85678,1,85678,1
78560,85678,1,85678,1
78560,85678,1,85678,1
78560,85678,1,85678,1
78560,85678,1,85678,1
78560,85678,1,85678,1
78560,85678,1,85678,1
78560,85678,1,85678,1
78560,85678,1,85678,1
78560,85678,1,85678,1
78560,85678,1,85678,1
78560,85678,1,85678,1
78560,85678,1,85678,1
78560,85678,1,85678,1
78560,85678,1,85678,1
78560,85678,1,85678,1
78560,85678,1,85678,1
78560,85678,1,85678,1
78560,85678,1,85678,1
78560,85678,1,85678,1
78560,85678,1,85678,1
78560,85678,1,85678,1
78560,85678,1,85678,1
78560,85678,1,85678,1
78560,85678,1,85678,1
78560,85678,1,85678,1
78560,85678,1,85678,1
78560,85678,1,85678,1
78560,85678,1,85678,1
78560,85678,1,85678,1
78560,85678,1,85678,1
78560,85678,1,85678,1
78560,85678,1,85678,1
78560,85678,1,85678,1
78560,85678,1,85678,1
78560,85678,1,85678,1
78560,85678,1,85678,1
78560,85678,1,85678,1
78560,85678,1,85678,1
78560,85678,1,85678,1
78560,85678,1,85678,1
78560,85678,1,84622,1
78560,84622,1,84622,1
78560,84622,1,84622,1
78560,84622,1,84622,1
78560,84622,1,84622,1
78560,84622,1,84622,1
78560,84622,1,84622,1
78560,84622,1,84622,1
78560,84622,1,84622,1
78560,84622,1,84622,1
78560,84622,1,84622,1
78560,84622,1,84622,1
78560,84622,1,84622,1
78560,84622,1,84622,1
78560,84622,1,84622,1
78560,84622,1,84622,1
78560,84622,1,84622,1
78560,84622,1,84622,1
78560,84622,1,84622,1
78560,84622,1,84622,1
78560,84622,1,84622,1
78560,84622,1,84622,1
78560,84622,1,84622,1
78560,84622,1,84622,1
78560,84622,1,84622,1
78560,84622,1,84622,1
78560,84622,1,84622,1
78560,84622,1,84622,1
78560,84622,1,84622,1
78560,84622,1,84622,1
78560,84622,1,84622,1
78560,84622,1,84622,1
78560,84622,1,84622,1
78560,84622,1,84622,1
78560,84622,1,84622,1
78560,84622,1,84622,1
78560,84622,1,84622,1
78560,84622,1,84622,1
78560,84622,1,84622,1
78560,84622,1,84622,1
78560,84622,1,84622,1
78560,84622,1,84622,1
78560,84622,1,84622,1
78560,84622,1,84622,1
78560,84622,1,84622,1
78560,84622,1,84622,1
78560,84622,1,84628,0
78560,84628,0,84628,0
78560,84628,0,84628,0
78560,84628,0,84628,0
78560,84628,0,84628,0
78560,84628,0,84628,0
78560,84628,0,84628,0
78560,84628,0,84628,0
78560,84628,0,84628,0
78560,84628,0,84628,0
78560,84628,0,84628,0
78560,84628,0,84628,0
78560,84628,0,84628,0
78560,84628,0,84628,0
78560,84628,0,84628,0
78560,84628,0,84628,0
78560,84628,0,84628,0
78560,84628,0,84628,0
78560,84628,0,84628,0
78560,84628,0,84628,0
78560,84628,0,84628,0
78560,84628,0,84628,0
78560,84628,0,84628,0
78560,84628,0,84628,0
78560,84628,0,84628,0
78560,84628,0,84628,0
78560,84628,0,84628,0
78560,84628,0,84628,0
78560,84628,0,84628,0
78560,84628,0,84628,0
78560,84628,0,84628,0
78560,84628,0,84628,0
78560,84628,0,84628,0
78560,84628,0,84628,0
78560,84628,0,84628,0
78560,84628,0,84628,0
78560,84628,0,84628,0
78560,84628,0,84628,0
78560,84628,0,84628,0
78560,84628,0,84628,0
78560,84628,0,84628,0
78560,84628,0,84628,0
78560,84628,0,84628,0
78560,84628,0,85654,0
78560,85654,0,85654,0
78560,85654,0,85654,0
78560,85654,0,85654,0
78560,85654,0,85654,0
78560,85654,0,85654,0
78560,85654,0,85654,0
78560,85654,0,85654,0
78560,85654,0,85654,0
78560,85654,0,85654,0
78560,85654,0,85654,0
78560,85654,0,85654,0
78560,85654,0,85654,0
78560,85654,0,85654,0
78560,85654,0,85654,0
78560,85654,0,85654,0
78560,85654,0,85654,0
78560,85654,0,85654,0
78560,85654,0,85654,0
78560,85654,0,85654,0
78560,85654,0,85654,0
78560,85654,0,85654,0
78560,85654,0,85654,0
78560,85654,0,85654,0
78560,85654,0,85654,0
78560,85654,0,85654,0
78560,85654,0,85654,0
78560,85654,0,85654,0
78560,85654,0,85654,0
78560,85654,0,85654,0
78560,85654,0,85654,0
78560,85654,0,85654,0
78560,85654,0,85654,0
78560,85654,0,85654,0
78560,85654,0,85654,0
78560,85654,0,85654,0
78560,85654,0,85654,0
78560,85654,0,85654,0
78560,85654,0,85654,0
78560,85654,0,85654,0
78560,85654,0,85654,0
78560,85654,0,85654,0
78560,85654,0,85654,0
78560,85654,0,85669,1
78560,85669,1,85669,1
78560,85669,1,85669,1
78560,85669,1,85669,1
78560,85669,1,85669,1
78560,85669,1,85669,1
78560,85669,1,85669,1
78560,85669,1,85669,1
78560,85669,1,85669,1
78560,85669,1,85669,1
78560,85669,1,85669,1
78560,85669,1,85669,1
78560,85669,1,85669,1
78560,85669,1,85669,1
78560,85669,1,85669,1
78560,85669,1,85669,1
78560,85669,1,85669,1
78560,85669,1,85669,1
78560,85669,1,85669,1
78560,85669,1,85669,1
78560,85669,1,85669,1
78560,85669,1,85669,1
78560,85669,1,85669,1
78560,85669,1,85669,1
78560,85669,1,85669,1
78560,85669,1,85669,1
78560,85669,1,85669,1
78560,85669,1,85669,1
78560,85669,1,85669,1
78560,85669,1,85669,1
78560,85669,1,85669,1
78560,85669,1,85669,1
78560,85669,1,85669,1
78560,85669,1,85669,1
78560,85669,1,85669,1
78560,85669,1,85669,1
78560,85669,1,85669,1
78560,85669,1,85669,1
78560,85669,1,85669,1
78560,85669,1,85669,1
78560,85669,1,85669,1
78560,85669,1,85669,1
78560,85669,1,85669,1
78560,85669,1,86105,1
78560,86105,1,86105,1
78560,86105,1,86105,1
78560,86105,1,86105,1
78560,86105,1,86105,1
78560,86105,1,86105,1
78560,86105,1,86105,1
78560,86105,1,86105,1
78560,86105,1,86105,1
78560,86105,1,86105,1
78560,86105,1,86105,1
78560,86105,1,86105,1
78560,86105,1,86105,1
78560,86105,1,86105,1
78560,86105,1,86105,1
78560,86105,1,86105,1
78560,86105,1,86105,1
78560,86105,1,86105,1
78560,86105,1,86105,1
78560,86105,1,86105,1
78560,86105,1,86105,1
78560,86105,1,86105,1
78560,86105,1,86105,1
78560,86105,1,86105,1
78560,86105,1,86105,1
78560,86105,1,86105,1
78560,86105,1,86105,1
78560,86105,1,86105,1
78560,86105,1,86105,1
78560,86105,1,86105,1
78560,86105,1,86105,1
78560,86105,1,86105,1
78560,86105,1,86105,1
78560,86105,1,86105,1
78560,86105,1,86105,1
78560,86105,1,86105,1
78560,86105,1,86105,1
78560,86105,1,86105,1
78560,86105,1,86105,1
78560,86105,1,86105,1
78560,86105,1,86105,1
78560,86105,1,86105,1
78560,86105,1,86105,1
78560,86105,1,85097,1
78560,85097,1,85097,1
78560,85097,1,85097,1
78560,85097,1,85097,1
78560,85097,1,85097,1
78560,85097,1,85097,1
78560,85097,1,85097,1
78560,85097,1,85097,1
78560,85097,1,85097,1
78560,85097,1,85097,1
78560,85097,1,85097,1
78560,85097,1,85097,1
78560,85097,1,85097,1
78560,85097,1,85097,1
78560,85097,1,85097,1
78560,85097,1,85097,1
78560,85097,1,85097,1
78560,85097,1,85097,1
78560,85097,1,85097,1
78560,85097,1,85097,1
78560,85097,1,85097,1
78560,85097,1,85097,1
78560,85097,1,85097,1
78560,85097,1,85097,1
78560,85097,1,85097,1
78560,85097,1,85097,1
78560,85097,1,85097,1
78560,85097,1,85097,1
78560,85097,1,85097,1
78560,85097,1,85097,1
78560,85097,1,85097,1
78560,85097,1,85097,1
78560,85097,1,85097,1
78560,85097,1,85097,1
78560,85097,1,85097,1
78560,85097,1,85097,1
78560,85097,1,85097,1
78560,85097,1,85097,1
78560,85097,1,85097,1
78560,85097,1,85097,1
78560,85097,1,85097,1
78560,85097,1,85097,1
78560,85097,1,85097,1
78560,85097,1,91353,1
78560,91353,1,91353,1
78560,91353,1,91353,1
78560,91353,1,91353,1
78560,91353,1,91353,1
78560,91353,1,91353,1
78560,91353,1,91353,1
78560,91353,1,91353,1
78560,91353,1,91353,1
78560,91353,1,91353,1
78560,91353,1,91353,1
78560,91353,1,91353,1
78560,91353,1,91353,1
78560,91353,1,91353,1
78560,91353,1,91353,1
78560,91353,1,91353,1
78560,91353,1,91353,1
78560,91353,1,91353,1
78560,91353,1,91353,1
78560,91353,1,91353,1
78560,91353,1,91353,1
78560,91353,1,91353,1
78560,91353,1,91353,1
78560,91353,1,91353,1
78560,91353,1,91353,1
78560,91353,1,91353,1
78560,91353,1,91353,1
78560,91353,1,91353,1
78560,91353,1,91353,1
78560,91353,1,91353,1
78560,91353,1,91353,1
78560,91353,1,91353,1
78560,91353,1,91353,1
78560,91353,1,91353,1
78560,91353,1,91353,1
78560,91353,1,91353,1
78560,91353,1,91353,1
78560,91353,1,91353,1
78560,91353,1,91353,1
78560,91353,1,91353,1
78560,91353,1,91353,1
78560,91353,1,91353,1
78560,91353,1,91353,1
78560,91353,1,91353,1
78560,91353,1,91353,1
78560,91353,1,91353,1
78560,91353,1,91353,1
78560,91353,1,91350,1
78560,91350,1,91350,1
78560,91350,1,91350,1
78560,91350,1,91350,1
78560,91350,1,91350,1
78560,91350,1,91350,1
78560,91350,1,91350,1
78560,91350,1,91350,1
78560,91350,1,91350,1
78560,91350,1,91350,1
78560,91350,1,91350,1
78560,91350,1,91350,1
78560,91350,1,91350,1
78560,91350,1,91350,1
78560,91350,1,91350,1
78560,91350,1,91350,1
78560,91350,1,91350,1
78560,91350,1,91350,1
78560,91350,1,91350,1
78560,91350,1,91350,1
78560,91350,1,91350,1
78560,91350,1,91350,1
78560,91350,1,91350,1
78560,91350,1,91350,1
78560,91350,1,91350,1
78560,91350,1,91350,1
78560,91350,1,91350,1
78560,91350,1,91350,1
78560,91350,1,91350,1
78560,91350,1,91350,1
78560,91350,1,91350,1
78560,91350,1,91350,1
78560,91350,1,91350,1
78560,91350,1,91350,1
78560,91350,1,91350,1
78560,91350,1,91350,1
78560,91350,1,91350,1
78560,91350,1,91350,1
78560,91350,1,91350,1
78560,91350,1,91350,1
78560,91350,1,91350,1
78560,91350,1,91350,1
78560,91350,1,91350,1
78560,91350,1,91350,1
78560,91350,1,91350,1
78560,91350,1,91350,1
78560,91350,1,91350,1
78560,91350,1,89281,1
78560,89281,1,89281,1
78560,89281,1,89281,1
78560,89281,1,89281,1
78560,89281,1,89281,1
78560,89281,1,89281,1
78560,89281,1,89281,1
78560,89281,1,89281,1
78560,89281,1,89281,1
78560,89281,1,89281,1
78560,89281,1,89281,1
78560,89281,1,89281,1
78560,89281,1,89281,1
78560,89281,1,89281,1
78560,89281,1,89281,1
78560,89281,1,89281,1
78560,89281,1,89281,1
78560,89281,1,89281,1
78560,89281,1,89281,1
78560,89281,1,89281,1
78560,89281,1,89281,1
78560,89281,1,89281,1
78560,89281,1,89281,1
78560,89281,1,89281,1
78560,89281,1,89281,1
78560,89281,1,89281,1
78560,89281,1,89281,1
78560,89281,1,89281,1
78560,89281,1,89281,1
78560,89281,1,89281,1
78560,89281,1,89281,1
78560,89281,1,89281,1
78560,89281,1,89281,1
78560,89281,1,89281,1
78560,89281,1,89281,1
78560,89281,1,89281,1
78560,89281,1,89281,1
78560,89281,1,89281,1
78560,89281,1,89281,1
78560,89281,1,89281,1
78560,89281,1,89281,1
78560,89281,1,89281,1
78560,89281,1,89281,1
78560,89281,1,89281,1
78560,89281,1,89281,1
78560,89281,1,89281,1
78560,89281,1,89281,1
78560,89281,1,89281,1
78560,89281,1,89281,1
78560,89281,1,89281,1
78560,89281,1,89281,1
78560,89281,1,89281,1
78560,89281,1,89281,1
78560,89281,1,89281,1
78560,89281,1,89281,1
78560,89281,1,89281,1
78560,89281,1,89281,1
78560,89281,1,89281,1
78560,89281,1,89281,1
78560,89281,1,89281,1
78560,89281,1,89281,1
78560,89281,1,89281,1
78560,89281,1,89281,1
78560,89281,1,89281,1
78560,89281,1,89281,1
78560,89281,1,89281,1
78560,89281,1,89281,1
78560,89281,1,89281,1
78560,89281,1,89281,1
78560,89281,1,89281,1
78560,89281,1,89281,1
78560,89281,1,89281,1
78560,89281,1,89281,1
78560,89281,1,89281,1
78560,89281,1,89281,1
78560,89281,1,89281,1
78560,89281,1,89281,1
78560,89281,1,89281,1
78560,89281,1,89281,1
78560,89281,1,89281,1
78560,89281,1,89281,1
78560,89281,1,89281,1
78560,89281,1,89281,1
78560,89281,1,89281,1
78560,89281,1,89281,1
78560,89281,1,89281,1
78560,89281,1,89281,1
78560,89281,1,89281,1
78560,89281,1,89281,1
78560,89281,1,89281,1
78560,89281,1,89281,1
78560,89281,1,89281,1
78560,89281,1,89281,1
78560,89281,1,89281,1
78560,89281,1,89281,1
78560,89281,1,89281,1
78560,89281,1,89281,1
78560,89281,1,91379,1
78560,91379,1,91379,1
78560,91379,1,91379,1
78560,91379,1,91379,1
78560,91379,1,91379,1
78560,91379,1,91379,1
78560,91379,1,91379,1
78560,91379,1,91379,1
78560,91379,1,91379,1
78560,91379,1,91379,1
78560,91379,1,91379,1
78560,91379,1,91379,1
78560,91379,1,91379,1
78560,91379,1,91379,1
78560,91379,1,91379,1
78560,91379,1,91379,1
78560,91379,1,91379,1
78560,91379,1,91379,1
78560,91379,1,91379,1
78560,91379,1,91379,1
78560,91379,1,91379,1
78560,91379,1,91379,1
78560,91379,1,91379,1
78560,91379,1,91379,1
78560,91379,1,91379,1
78560,91379,1,91379,1
78560,91379,1,91379,1
78560,91379,1,91379,1
78560,91379,1,91379,1
78560,91379,1,91379,1
78560,91379,1,91379,1
78560,91379,1,91379,1
78560,91379,1,91379,1
78560,91379,1,91379,1
78560,91379,1,91379,1
78560,91379,1,91379,1
78560,91379,1,91379,1
78560,91379,1,91379,1
78560,91379,1,91379,1
78560,91379,1,91379,1
78560,91379,1,91379,1
78560,91379,1,91379,1
78560,91379,1,91379,1
78560,91379,1,91379,1
78560,91379,1,91379,1
78560,91379,1,91379,1
78560,91379,1,91379,1
78560,91379,1,91379,1
78560,91379,1,91379,1
78560,91379,1,91379,1
78560,91379,1,91379,1
78560,91379,1,91379,1
78560,91379,1,91379,1
78560,91379,1,91379,1
78560,91379,1,91379,1
78560,91379,1,91379,1
78560,91379,1,91379,1
78560,91379,1,91379,1
78560,91379,1,91379,1
78560,91379,1,91379,1
78560,91379,1,91379,1
78560,91379,1,91379,1
78560,91379,1,91379,1
78560,91379,1,91379,1
78560,91379,1,91379,1
78560,91379,1,91379,1
78560,91379,1,91379,1
78560,91379,1,91379,1
78560,91379,1,91379,1
78560,91379,1,91379,1
78560,91379,1,91379,1
78560,91379,1,91379,1
78560,91379,1,91379,1
78560,91379,1,91379,1
78560,91379,1,91379,1
78560,91379,1,91379,1
78560,91379,1,91379,1
78560,91379,1,91379,1
78560,91379,1,91379,1
78560,91379,1,91379,1
78560,91379,1,91379,1
78560,91379,1,91379,1
78560,91379,1,91379,1
78560,91379,1,91379,1
78560,91379,1,91379,1
78560,91379,1,91379,1
78560,91379,1,91379,1
78560,91379,1,91379,1
78560,91379,1,91379,1
78560,91379,1,91379,1
78560,91379,1,91379,1
78560,91379,1,91379,1
78560,91379,1,91379,1
78560,91379,1,91379,1
78560,91379,1,91379,1
78560,91379,1,91379,1
78560,91379,1,91379,1
78560,91379,1,91639,1
78560,91639,1,91639,1
78560,91639,1,91639,1
78560,91639,1,91639,1
78560,91639,1,91639,1
78560,91639,1,91639,1
78560,91639,1,91639,1
78560,91639,1,91639,1
78560,91639,1,91639,1
78560,91639,1,91639,1
78560,91639,1,91639,1
78560,91639,1,91639,1
78560,91639,1,91639,1
78560,91639,1,91639,1
78560,91639,1,91639,1
78560,91639,1,91639,1
78560,91639,1,91639,1
78560,91639,1,91639,1
78560,91639,1,91639,1
78560,91639,1,91639,1
78560,91639,1,91639,1
78560,91639,1,91639,1
78560,91639,1,91639,1
78560,91639,1,91639,1
78560,91639,1,91639,1
78560,91639,1,91639,1
78560,91639,1,91639,1
78560,91639,1,91639,1
78560,91639,1,91639,1
78560,91639,1,91639,1
78560,91639,1,91639,1
78560,91639,1,91639,1
78560,91639,1,91639,1
78560,91639,1,91639,1
78560,91639,1,91639,1
78560,91639,1,91639,1
78560,91639,1,91639,1
78560,91639,1,91639,1
78560,91639,1,91639,1
78560,91639,1,91639,1
78560,91639,1,91639,1
78560,91639,1,91639,1
78560,91639,1,91639,1
78560,91639,1,91639,1
78560,91639,1,89761,1
78560,89761,1,89761,1
78560,89761,1,89761,1
78560,89761,1,89761,1
78560,89761,1,89761,1
78560,89761,1,89761,1
78560,89761,1,89761,1
78560,89761,1,89761,1
78560,89761,1,89761,1
78560,89761,1,89761,1
78560,89761,1,89761,1
78560,89761,1,89761,1
78560,89761,1,89761,1
78560,89761,1,89761,1
78560,89761,1,89761,1
78560,89761,1,89761,1
78560,89761,1,89761,1
78560,89761,1,89761,1
78560,89761,1,89761,1
78560,89761,1,89761,1
78560,89761,1,89761,1
78560,89761,1,89761,1
78560,89761,1,89761,1
78560,89761,1,89761,1
78560,89761,1,89761,1
78560,89761,1,89761,1
78560,89761,1,89761,1
78560,89761,1,89761,1
78560,89761,1,89761,1
78560,89761,1,89761,1
78560,89761,1,89761,1
78560,89761,1,89761,1
78560,89761,1,89761,1
78560,89761,1,89761,1
78560,89761,1,89761,1
78560,89761,1,89761,1
78560,89761,1,89761,1
78560,89761,1,89761,1
78560,89761,1,89761,1
78560,89761,1,89761,1
78560,89761,1,89761,1
78560,89761,1,89761,1
78560,89761,1,89761,1
78560,89761,1,89761,1
78560,89761,1,89761,1
78560,89761,1,89761,1
78560,89761,1,89835,1
78560,89835,1,89835,1
78560,89835,1,89835,1
78560,89835,1,89835,1
78560,89835,1,89835,1
78560,89835,1,89835,1
78560,89835,1,89835,1
78560,89835,1,89835,1
78560,89835,1,89835,1
78560,89835,1,89835,1
78560,89835,1,89835,1
78560,89835,1,89835,1
78560,89835,1,89835,1
78560,89835,1,89835,1
78560,89835,1,89835,1
78560,89835,1,89835,1
78560,89835,1,89835,1
78560,89835,1,89835,1
78560,89835,1,89835,1
78560,89835,1,89835,1
78560,89835,1,89835,1
78560,89835,1,89835,1
78560,89835,1,89835,1
78560,89835,1,89835,1
78560,89835,1,89835,1
78560,89835,1,89835,1
78560,89835,1,89835,1
78560,89835,1,89835,1
78560,89835,1,89835,1
78560,89835,1,89835,1
78560,89835,1,89835,1
78560,89835,1,89835,1
78560,89835,1,89835,1
78560,89835,1,89835,1
78560,89835,1,89835,1
78560,89835,1,89835,1
78560,89835,1,89835,1
78560,89835,1,89835,1
78560,89835,1,89835,1
78560,89835,1,89835,1
78560,89835,1,89835,1
78560,89835,1,89835,1
78560,89835,1,89835,1
78560,89835,1,89835,1
78560,89835,1,89835,1
78560,89835,1,89835,1
78560,89835,1,89835,1
78560,89835,1,89835,1
78560,89835,1,89835,1
78560,89835,1,89835,1
78560,89835,1,89835,1
78560,89835,1,89835,1
78560,89835,1,89835,1
78560,89835,1,89835,1
78560,89835,1,89835,1
78560,89835,1,89835,1
78560,89835,1,89835,1
78560,89835,1,89835,1
78560,89835,1,89835,1
78560,89835,1,89835,1
78560,89835,1,89835,1
78560,89835,1,89835,1
78560,89835,1,89835,1
78560,89835,1,89835,1
78560,89835,1,89835,1
78560,89835,1,89835,1
78560,89835,1,89835,1
78560,89835,1,89835,1
78560,89835,1,89835,1
78560,89835,1,89835,1
78560,89835,1,89835,1
78560,89835,1,89835,1
78560,89835,1,89835,1
78560,89835,1,89835,1
78560,89835,1,89835,1
78560,89835,1,89835,1
78560,89835,1,89835,1
78560,89835,1,89835,1
78560,89835,1,89835,1
78560,89835,1,89835,1
78560,89835,1,89835,1
78560,89835,1,89835,1
78560,89835,1,89835,1
78560,89835,1,89835,1
78560,89835,1,89835,1
78560,89835,1,89835,1
78560,89835,1,89835,1
78560,89835,1,89835,1
78560,89835,1,89835,1
78560,89835,1,89835,1
78560,89835,1,89835,1
78560,89835,1,89835,1
78560,89835,1,89835,1
78560,89835,1,89793,1
78560,89793,1,89793,1
78560,89793,1,89793,1
78560,89793,1,89793,1
78560,89793,1,89793,1
78560,89793,1,89793,1
78560,89793,1,89793,1
78560,89793,1,89793,1
78560,89793,1,89793,1
78560,89793,1,89793,1
78560,89793,1,89793,1
78560,89793,1,89793,1
78560,89793,1,89793,1
78560,89793,1,89793,1
78560,89793,1,89793,1
78560,89793,1,89793,1
78560,89793,1,89793,1
78560,89793,1,89793,1
78560,89793,1,89793,1
78560,89793,1,89793,1
78560,89793,1,89793,1
78560,89793,1,89793,1
78560,89793,1,89793,1
78560,89793,1,89793,1
78560,89793,1,89793,1
78560,89793,1,89793,1
78560,89793,1,89793,1
78560,89793,1,89793,1
78560,89793,1,89793,1
78560,89793,1,89793,1
78560,89793,1,89793,1
78560,89793,1,89793,1
78560,89793,1,89793,1
78560,89793,1,89793,1
78560,89793,1,89793,1
78560,89793,1,89793,1
78560,89793,1,89793,1
78560,89793,1,89793,1
78560,89793,1,89793,1
78560,89793,1,89793,1
78560,89793,1,89793,1
78560,89793,1,89793,1
78560,89793,1,89793,1
78560,89793,1,89793,1
78560,89793,1,89793,1
78560,89793,1,89793,1
78560,89793,1,89793,1
78560,89793,1,89793,1
78560,89793,1,89793,1
78560,89793,1,89793,1
78560,89793,1,89793,1
78560,89793,1,89793,1
78560,89793,1,89793,1
78560,89793,1,89793,1
78560,89793,1,89793,1
78560,89793,1,89793,1
78560,89793,1,89793,1
78560,89793,1,89793,1
78560,89793,1,89793,1
78560,89793,1,89793,1
78560,89793,1,89793,1
78560,89793,1,89793,1
78560,89793,1,89793,1
78560,89793,1,89793,1
78560,89793,1,89793,1
78560,89793,1,89793,1
78560,89793,1,89793,1
78560,89793,1,89793,1
78560,89793,1,89793,1
78560,89793,1,89793,1
78560,89793,1,89793,1
78560,89793,1,89793,1
78560,89793,1,89793,1
78560,89793,1,89793,1
78560,89793,1,89793,1
78560,89793,1,89793,1
78560,89793,1,89793,1
78560,89793,1,89793,1
78560,89793,1,89793,1
78560,89793,1,89793,1
78560,89793,1,89793,1
78560,89793,1,89793,1
78560,89793,1,89793,1
78560,89793,1,89793,1
78560,89793,1,89793,1
78560,89793,1,89793,1
78560,89793,1,89793,1
78560,89793,1,89793,1
78560,89793,1,89793,1
78560,89793,1,89793,1
78560,89793,1,89793,1
78560,89793,1,89793,1
78560,89793,1,89793,1
78560,89793,1,173943,1
78560,173943,1,173922,1
78560,173922,1,173974,1
78560,173974,1,174008,1
78561,93227,0,93227,0
78561,93227,0,93227,0
78561,93227,0,93227,0
78561,93227,0,93227,0
78561,93227,0,93227,0
78561,93227,0,93227,0
78561,93227,0,93227,0
78561,93227,0,93227,0
78561,93227,0,93227,0
78561,93227,0,93227,0
78561,93227,0,93227,0
78561,93227,0,93227,0
78561,93227,0,93227,0
78561,93227,0,93227,0
78561,93227,0,93227,0
78561,93227,0,93227,0
78561,93227,0,93227,0
78561,93227,0,93227,0
78561,93227,0,93227,0
78561,93227,0,93227,0
78561,93227,0,93227,0
78561,93227,0,93227,0
78561,93227,0,93227,0
78561,93227,0,93227,0
78561,93227,0,93227,0
78561,93227,0,93227,0
78561,93227,0,93227,0
78561,93227,0,93227,0
78561,93227,0,93227,0
78561,93227,0,93227,0
78561,93227,0,93227,0
78561,93227,0,93227,0
78561,93227,0,93227,0
78561,93227,0,93227,0
78561,93227,0,93227,0
78561,93227,0,93227,0
78561,93227,0,93227,0
78561,93227,0,93227,0
78561,93227,0,93227,0
78561,93227,0,93227,0
78561,93227,0,93227,0
78561,93227,0,93227,0
78561,93227,0,93227,0
78561,93227,0,93227,0
78561,93227,0,93227,0
78561,93227,0,93192,1
78561,93192,1,93192,1
78561,93192,1,93192,1
78561,93192,1,93192,1
78561,93192,1,93192,1
78561,93192,1,93192,1
78561,93192,1,93192,1
78561,93192,1,93192,1
78561,93192,1,93192,1
78561,93192,1,93192,1
78561,93192,1,93192,1
78561,93192,1,93192,1
78561,93192,1,93192,1
78561,93192,1,93192,1
78561,93192,1,93192,1
78561,93192,1,93192,1
78561,93192,1,93192,1
78561,93192,1,93192,1
78561,93192,1,93192,1
78561,93192,1,93192,1
78561,93192,1,93192,1
78561,93192,1,93192,1
78561,93192,1,93192,1
78561,93192,1,93192,1
78561,93192,1,93192,1
78561,93192,1,93192,1
78561,93192,1,93192,1
78561,93192,1,93192,1
78561,93192,1,93192,1
78561,93192,1,93192,1
78561,93192,1,93192,1
78561,93192,1,93192,1
78561,93192,1,93192,1
78561,93192,1,93192,1
78561,93192,1,93192,1
78561,93192,1,93192,1
78561,93192,1,93192,1
78561,93192,1,93192,1
78561,93192,1,93192,1
78561,93192,1,93192,1
78561,93192,1,93192,1
78561,93192,1,93192,1
78561,93192,1,93192,1
78561,93192,1,93192,1
78561,93192,1,93192,1
78561,93192,1,93192,1
78561,93192,1,93236,1
78561,93236,1,93236,1
78561,93236,1,93236,1
78561,93236,1,93236,1
78561,93236,1,93236,1
78561,93236,1,93236,1
78561,93236,1,93236,1
78561,93236,1,93236,1
78561,93236,1,93236,1
78561,93236,1,93236,1
78561,93236,1,93236,1
78561,93236,1,93236,1
78561,93236,1,93236,1
78561,93236,1,93236,1
78561,93236,1,93236,1
78561,93236,1,93236,1
78561,93236,1,93236,1
78561,93236,1,93236,1
78561,93236,1,93236,1
78561,93236,1,93236,1
78561,93236,1,93236,1
78561,93236,1,93236,1
78561,93236,1,93236,1
78561,93236,1,93236,1
78561,93236,1,93236,1
78561,93236,1,93236,1
78561,93236,1,93236,1
78561,93236,1,93236,1
78561,93236,1,93236,1
78561,93236,1,93236,1
78561,93236,1,93236,1
78561,93236,1,93236,1
78561,93236,1,93236,1
78561,93236,1,93236,1
78561,93236,1,93236,1
78561,93236,1,93236,1
78561,93236,1,93236,1
78561,93236,1,93236,1
78561,93236,1,93236,1
78561,93236,1,93236,1
78561,93236,1,93236,1
78561,93236,1,93236,1
78561,93236,1,93236,1
78561,93236,1,93236,1
78561,93236,1,93236,1
78561,93236,1,93236,1
78561,93236,1,93176,1
78561,93176,1,93176,1
78561,93176,1,93176,1
78561,93176,1,93176,1
78561,93176,1,93176,1
78561,93176,1,93176,1
78561,93176,1,93176,1
78561,93176,1,93176,1
78561,93176,1,93176,1
78561,93176,1,93176,1
78561,93176,1,93176,1
78561,93176,1,93176,1
78561,93176,1,93176,1
78561,93176,1,93176,1
78561,93176,1,93176,1
78561,93176,1,93176,1
78561,93176,1,93176,1
78561,93176,1,93176,1
78561,93176,1,93176,1
78561,93176,1,93176,1
78561,93176,1,93176,1
78561,93176,1,93176,1
78561,93176,1,93176,1
78561,93176,1,93176,1
78561,93176,1,93176,1
78561,93176,1,93176,1
78561,93176,1,93176,1
78561,93176,1,93176,1
78561,93176,1,93176,1
78561,93176,1,93176,1
78561,93176,1,93176,1
78561,93176,1,93176,1
78561,93176,1,93176,1
78561,93176,1,93176,1
78561,93176,1,93176,1
78561,93176,1,93176,1
78561,93176,1,93176,1
78561,93176,1,93176,1
78561,93176,1,93176,1
78561,93176,1,93176,1
78561,93176,1,93176,1
78561,93176,1,93176,1
78561,93176,1,93176,1
78561,93176,1,93176,1
78561,93176,1,93176,1
78561,93176,1,93176,1
78561,93176,1,93223,1
78561,93223,1,93223,1
78561,93223,1,93223,1
78561,93223,1,93223,1
78561,93223,1,93223,1
78561,93223,1,93223,1
78561,93223,1,93223,1
78561,93223,1,93223,1
78561,93223,1,93223,1
78561,93223,1,93223,1
78561,93223,1,93223,1
78561,93223,1,93223,1
78561,93223,1,93223,1
78561,93223,1,93223,1
78561,93223,1,93223,1
78561,93223,1,93223,1
78561,93223,1,93223,1
78561,93223,1,93223,1
78561,93223,1,93223,1
78561,93223,1,93223,1
78561,93223,1,93223,1
78561,93223,1,93223,1
78561,93223,1,93223,1
78561,93223,1,93223,1
78561,93223,1,93223,1
78561,93223,1,93223,1
78561,93223,1,93223,1
78561,93223,1,93223,1
78561,93223,1,93223,1
78561,93223,1,93223,1
78561,93223,1,93223,1
78561,93223,1,93223,1
78561,93223,1,93223,1
78561,93223,1,93223,1
78561,93223,1,93223,1
78561,93223,1,93223,1
78561,93223,1,93223,1
78561,93223,1,93223,1
78561,93223,1,93223,1
78561,93223,1,93223,1
78561,93223,1,93223,1
78561,93223,1,93223,1
78561,93223,1,93223,1
78561,93223,1,85670,0
78561,85670,0,85670,0
78561,85670,0,85670,0
78561,85670,0,85670,0
78561,85670,0,85670,0
78561,85670,0,85670,0
78561,85670,0,85670,0
78561,85670,0,85670,0
78561,85670,0,85670,0
78561,85670,0,85670,0
78561,85670,0,85670,0
78561,85670,0,85670,0
78561,85670,0,85670,0
78561,85670,0,85670,0
78561,85670,0,85670,0
78561,85670,0,85670,0
78561,85670,0,85670,0
78561,85670,0,85670,0
78561,85670,0,85670,0
78561,85670,0,85670,0
78561,85670,0,85670,0
78561,85670,0,85670,0
78561,85670,0,85670,0
78561,85670,0,85670,0
78561,85670,0,85670,0
78561,85670,0,85670,0
78561,85670,0,85670,0
78561,85670,0,85670,0
78561,85670,0,85670,0
78561,85670,0,85670,0
78561,85670,0,85670,0
78561,85670,0,85670,0
78561,85670,0,85670,0
78561,85670,0,85670,0
78561,85670,0,85670,0
78561,85670,0,85670,0
78561,85670,0,85670,0
78561,85670,0,85670,0
78561,85670,0,85670,0
78561,85670,0,85670,0
78561,85670,0,85670,0
78561,85670,0,85670,0
78561,85670,0,85670,0
78561,85670,0,85670,0
78561,85670,0,85670,0
78561,85670,0,85670,0
78561,85670,0,85103,1
78561,85103,1,85103,1
78561,85103,1,85103,1
78561,85103,1,85103,1
78561,85103,1,85103,1
78561,85103,1,85103,1
78561,85103,1,85103,1
78561,85103,1,85103,1
78561,85103,1,85103,1
78561,85103,1,85103,1
78561,85103,1,85103,1
78561,85103,1,85103,1
78561,85103,1,85103,1
78561,85103,1,85103,1
78561,85103,1,85103,1
78561,85103,1,85103,1
78561,85103,1,85103,1
78561,85103,1,85103,1
78561,85103,1,85103,1
78561,85103,1,85103,1
78561,85103,1,85103,1
78561,85103,1,85103,1
78561,85103,1,85103,1
78561,85103,1,85103,1
78561,85103,1,85103,1
78561,85103,1,85103,1
78561,85103,1,85103,1
78561,85103,1,85103,1
78561,85103,1,85103,1
78561,85103,1,85103,1
78561,85103,1,85103,1
78561,85103,1,85103,1
78561,85103,1,85103,1
78561,85103,1,85103,1
78561,85103,1,85103,1
78561,85103,1,85103,1
78561,85103,1,85103,1
78561,85103,1,85103,1
78561,85103,1,85103,1
78561,85103,1,85103,1
78561,85103,1,85103,1
78561,85103,1,85103,1
78561,85103,1,85103,1
78561,85103,1,85103,1
78561,85103,1,85103,1
78561,85103,1,85103,1
78561,85103,1,85672,1
78561,85672,1,85672,1
78561,85672,1,85672,1
78561,85672,1,85672,1
78561,85672,1,85672,1
78561,85672,1,85672,1
78561,85672,1,85672,1
78561,85672,1,85672,1
78561,85672,1,85672,1
78561,85672,1,85672,1
78561,85672,1,85672,1
78561,85672,1,85672,1
78561,85672,1,85672,1
78561,85672,1,85672,1
78561,85672,1,85672,1
78561,85672,1,85672,1
78561,85672,1,85672,1
78561,85672,1,85672,1
78561,85672,1,85672,1
78561,85672,1,85672,1
78561,85672,1,85672,1
78561,85672,1,85672,1
78561,85672,1,85672,1
78561,85672,1,85672,1
78561,85672,1,85672,1
78561,85672,1,85672,1
78561,85672,1,85672,1
78561,85672,1,85672,1
78561,85672,1,85672,1
78561,85672,1,85672,1
78561,85672,1,85672,1
78561,85672,1,85672,1
78561,85672,1,85672,1
78561,85672,1,85672,1
78561,85672,1,85672,1
78561,85672,1,85672,1
78561,85672,1,85672,1
78561,85672,1,85672,1
78561,85672,1,85672,1
78561,85672,1,85672,1
78561,85672,1,85672,1
78561,85672,1,85672,1
78561,85672,1,85672,1
78561,85672,1,85672,1
78561,85672,1,85672,1
78561,85672,1,85672,1
78561,85672,1,85650,0
78561,85650,0,85650,0
78561,85650,0,85650,0
78561,85650,0,85650,0
78561,85650,0,85650,0
78561,85650,0,85650,0
78561,85650,0,85650,0
78561,85650,0,85650,0
78561,85650,0,85650,0
78561,85650,0,85650,0
78561,85650,0,85650,0
78561,85650,0,85650,0
78561,85650,0,85650,0
78561,85650,0,85650,0
78561,85650,0,85650,0
78561,85650,0,85650,0
78561,85650,0,85650,0
78561,85650,0,85650,0
78561,85650,0,85650,0
78561,85650,0,85650,0
78561,85650,0,85650,0
78561,85650,0,85650,0
78561,85650,0,85650,0
78561,85650,0,85650,0
78561,85650,0,85650,0
78561,85650,0,85650,0
78561,85650,0,85650,0
78561,85650,0,85650,0
78561,85650,0,85650,0
78561,85650,0,85650,0
78561,85650,0,85650,0
78561,85650,0,85650,0
78561,85650,0,85650,0
78561,85650,0,85650,0
78561,85650,0,85650,0
78561,85650,0,85650,0
78561,85650,0,85650,0
78561,85650,0,85650,0
78561,85650,0,85650,0
78561,85650,0,85650,0
78561,85650,0,85650,0
78561,85650,0,85650,0
78561,85650,0,85650,0
78561,85650,0,85650,0
78561,85650,0,85650,0
78561,85650,0,85650,0
78561,85650,0,84620,1
78561,84620,1,84620,1
78561,84620,1,84620,1
78561,84620,1,84620,1
78561,84620,1,84620,1
78561,84620,1,84620,1
78561,84620,1,84620,1
78561,84620,1,84620,1
78561,84620,1,84620,1
78561,84620,1,84620,1
78561,84620,1,84620,1
78561,84620,1,84620,1
78561,84620,1,84620,1
78561,84620,1,84620,1
78561,84620,1,84620,1
78561,84620,1,84620,1
78561,84620,1,84620,1
78561,84620,1,84620,1
78561,84620,1,84620,1
78561,84620,1,84620,1
78561,84620,1,84620,1
78561,84620,1,84620,1
78561,84620,1,84620,1
78561,84620,1,84620,1
78561,84620,1,84620,1
78561,84620,1,84620,1
78561,84620,1,84620,1
78561,84620,1,84620,1
78561,84620,1,84620,1
78561,84620,1,84620,1
78561,84620,1,84620,1
78561,84620,1,84620,1
78561,84620,1,84620,1
78561,84620,1,84620,1
78561,84620,1,84620,1
78561,84620,1,84620,1
78561,84620,1,84620,1
78561,84620,1,84620,1
78561,84620,1,84620,1
78561,84620,1,84620,1
78561,84620,1,84620,1
78561,84620,1,84620,1
78561,84620,1,84620,1
78561,84620,1,84620,1
78561,84620,1,84620,1
78561,84620,1,84620,1
78561,84620,1,85656,1
78561,85656,1,85656,1
78561,85656,1,85656,1
78561,85656,1,85656,1
78561,85656,1,85656,1
78561,85656,1,85656,1
78561,85656,1,85656,1
78561,85656,1,85656,1
78561,85656,1,85656,1
78561,85656,1,85656,1
78561,85656,1,85656,1
78561,85656,1,85656,1
78561,85656,1,85656,1
78561,85656,1,85656,1
78561,85656,1,85656,1
78561,85656,1,85656,1
78561,85656,1,85656,1
78561,85656,1,85656,1
78561,85656,1,85656,1
78561,85656,1,85656,1
78561,85656,1,85656,1
78561,85656,1,85656,1
78561,85656,1,85656,1
78561,85656,1,85656,1
78561,85656,1,85656,1
78561,85656,1,85656,1
78561,85656,1,85656,1
78561,85656,1,85656,1
78561,85656,1,85656,1
78561,85656,1,85656,1
78561,85656,1,85656,1
78561,85656,1,85656,1
78561,85656,1,85656,1
78561,85656,1,85656,1
78561,85656,1,85656,1
78561,85656,1,85656,1
78561,85656,1,85656,1
78561,85656,1,85656,1
78561,85656,1,85656,1
78561,85656,1,85656,1
78561,85656,1,85656,1
78561,85656,1,85656,1
78561,85656,1,85656,1
78561,85656,1,85656,1
78561,85656,1,85656,1
78561,85656,1,85656,1
78561,85656,1,85098,1
78561,85098,1,85098,1
78561,85098,1,85098,1
78561,85098,1,85098,1
78561,85098,1,85098,1
78561,85098,1,85098,1
78561,85098,1,85098,1
78561,85098,1,85098,1
78561,85098,1,85098,1
78561,85098,1,85098,1
78561,85098,1,85098,1
78561,85098,1,85098,1
78561,85098,1,85098,1
78561,85098,1,85098,1
78561,85098,1,85098,1
78561,85098,1,85098,1
78561,85098,1,85098,1
78561,85098,1,85098,1
78561,85098,1,85098,1
78561,85098,1,85098,1
78561,85098,1,85098,1
78561,85098,1,85098,1
78561,85098,1,85098,1
78561,85098,1,85098,1
78561,85098,1,85098,1
78561,85098,1,85098,1
78561,85098,1,85098,1
78561,85098,1,85098,1
78561,85098,1,85098,1
78561,85098,1,85098,1
78561,85098,1,85098,1
78561,85098,1,85098,1
78561,85098,1,85098,1
78561,85098,1,85098,1
78561,85098,1,85098,1
78561,85098,1,85098,1
78561,85098,1,85098,1
78561,85098,1,85098,1
78561,85098,1,85098,1
78561,85098,1,85098,1
78561,85098,1,85098,1
78561,85098,1,85098,1
78561,85098,1,85098,1
78561,85098,1,85098,1
78561,85098,1,85098,1
78561,85098,1,85098,1
78561,85098,1,86101,0
78561,86101,0,86101,0
78561,86101,0,86101,0
78561,86101,0,86101,0
78561,86101,0,86101,0
78561,86101,0,86101,0
78561,86101,0,86101,0
78561,86101,0,86101,0
78561,86101,0,86101,0
78561,86101,0,86101,0
78561,86101,0,86101,0
78561,86101,0,86101,0
78561,86101,0,86101,0
78561,86101,0,86101,0
78561,86101,0,86101,0
78561,86101,0,86101,0
78561,86101,0,86101,0
78561,86101,0,86101,0
78561,86101,0,86101,0
78561,86101,0,86101,0
78561,86101,0,86101,0
78561,86101,0,86101,0
78561,86101,0,86101,0
78561,86101,0,86101,0
78561,86101,0,86101,0
78561,86101,0,86101,0
78561,86101,0,86101,0
78561,86101,0,86101,0
78561,86101,0,86101,0
78561,86101,0,86101,0
78561,86101,0,86101,0
78561,86101,0,86101,0
78561,86101,0,86101,0
78561,86101,0,86101,0
78561,86101,0,86101,0
78561,86101,0,86101,0
78561,86101,0,86101,0
78561,86101,0,86101,0
78561,86101,0,86101,0
78561,86101,0,86101,0
78561,86101,0,86101,0
78561,86101,0,86101,0
78561,86101,0,86101,0
78561,86101,0,85684,0
78561,85684,0,85684,0
78561,85684,0,85684,0
78561,85684,0,85684,0
78561,85684,0,85684,0
78561,85684,0,85684,0
78561,85684,0,85684,0
78561,85684,0,85684,0
78561,85684,0,85684,0
78561,85684,0,85684,0
78561,85684,0,85684,0
78561,85684,0,85684,0
78561,85684,0,85684,0
78561,85684,0,85684,0
78561,85684,0,85684,0
78561,85684,0,85684,0
78561,85684,0,85684,0
78561,85684,0,85684,0
78561,85684,0,85684,0
78561,85684,0,85684,0
78561,85684,0,85684,0
78561,85684,0,85684,0
78561,85684,0,85684,0
78561,85684,0,85684,0
78561,85684,0,85684,0
78561,85684,0,85684,0
78561,85684,0,85684,0
78561,85684,0,85684,0
78561,85684,0,85684,0
78561,85684,0,85684,0
78561,85684,0,85684,0
78561,85684,0,85684,0
78561,85684,0,85684,0
78561,85684,0,85684,0
78561,85684,0,85684,0
78561,85684,0,85684,0
78561,85684,0,85684,0
78561,85684,0,85684,0
78561,85684,0,85684,0
78561,85684,0,85684,0
78561,85684,0,85684,0
78561,85684,0,85684,0
78561,85684,0,85684,0
78561,85684,0,85650,0
78561,85650,0,85650,0
78561,85650,0,85650,0
78561,85650,0,85650,0
78561,85650,0,85650,0
78561,85650,0,85650,0
78561,85650,0,85650,0
78561,85650,0,85650,0
78561,85650,0,85650,0
78561,85650,0,85650,0
78561,85650,0,85650,0
78561,85650,0,85650,0
78561,85650,0,85650,0
78561,85650,0,85650,0
78561,85650,0,85650,0
78561,85650,0,85650,0
78561,85650,0,85650,0
78561,85650,0,85650,0
78561,85650,0,85650,0
78561,85650,0,85650,0
78561,85650,0,85650,0
78561,85650,0,85650,0
78561,85650,0,85650,0
78561,85650,0,85650,0
78561,85650,0,85650,0
78561,85650,0,85650,0
78561,85650,0,85650,0
78561,85650,0,85650,0
78561,85650,0,85650,0
78561,85650,0,85650,0
78561,85650,0,85650,0
78561,85650,0,85650,0
78561,85650,0,85650,0
78561,85650,0,85650,0
78561,85650,0,85650,0
78561,85650,0,85650,0
78561,85650,0,85650,0
78561,85650,0,85650,0
78561,85650,0,85650,0
78561,85650,0,85650,0
78561,85650,0,85650,0
78561,85650,0,85650,0
78561,85650,0,85650,0
78561,85650,0,85654,1
78561,85654,1,85654,1
78561,85654,1,85654,1
78561,85654,1,85654,1
78561,85654,1,85654,1
78561,85654,1,85654,1
78561,85654,1,85654,1
78561,85654,1,85654,1
78561,85654,1,85654,1
78561,85654,1,85654,1
78561,85654,1,85654,1
78561,85654,1,85654,1
78561,85654,1,85654,1
78561,85654,1,85654,1
78561,85654,1,85654,1
78561,85654,1,85654,1
78561,85654,1,85654,1
78561,85654,1,85654,1
78561,85654,1,85654,1
78561,85654,1,85654,1
78561,85654,1,85654,1
78561,85654,1,85654,1
78561,85654,1,85654,1
78561,85654,1,85654,1
78561,85654,1,85654,1
78561,85654,1,85654,1
78561,85654,1,85654,1
78561,85654,1,85654,1
78561,85654,1,85654,1
78561,85654,1,85654,1
78561,85654,1,85654,1
78561,85654,1,85654,1
78561,85654,1,85654,1
78561,85654,1,85654,1
78561,85654,1,85654,1
78561,85654,1,85654,1
78561,85654,1,85654,1
78561,85654,1,85654,1
78561,85654,1,85654,1
78561,85654,1,85654,1
78561,85654,1,85654,1
78561,85654,1,85654,1
78561,85654,1,85654,1
78561,85654,1,85092,0
78561,85092,0,85092,0
78561,85092,0,85092,0
78561,85092,0,85092,0
78561,85092,0,85092,0
78561,85092,0,85092,0
78561,85092,0,85092,0
78561,85092,0,85092,0
78561,85092,0,85092,0
78561,85092,0,85092,0
78561,85092,0,85092,0
78561,85092,0,85092,0
78561,85092,0,85092,0
78561,85092,0,85092,0
78561,85092,0,85092,0
78561,85092,0,85092,0
78561,85092,0,85092,0
78561,85092,0,85092,0
78561,85092,0,85092,0
78561,85092,0,85092,0
78561,85092,0,85092,0
78561,85092,0,85092,0
78561,85092,0,85092,0
78561,85092,0,85092,0
78561,85092,0,85092,0
78561,85092,0,85092,0
78561,85092,0,85092,0
78561,85092,0,85092,0
78561,85092,0,85092,0
78561,85092,0,85092,0
78561,85092,0,85092,0
78561,85092,0,85092,0
78561,85092,0,85092,0
78561,85092,0,85092,0
78561,85092,0,85092,0
78561,85092,0,85092,0
78561,85092,0,85092,0
78561,85092,0,85092,0
78561,85092,0,85092,0
78561,85092,0,85092,0
78561,85092,0,85092,0
78561,85092,0,85092,0
78561,85092,0,85092,0
78561,85092,0,85687,1
78561,85687,1,85687,1
78561,85687,1,85687,1
78561,85687,1,85687,1
78561,85687,1,85687,1
78561,85687,1,85687,1
78561,85687,1,85687,1
78561,85687,1,85687,1
78561,85687,1,85687,1
78561,85687,1,85687,1
78561,85687,1,85687,1
78561,85687,1,85687,1
78561,85687,1,85687,1
78561,85687,1,85687,1
78561,85687,1,85687,1
78561,85687,1,85687,1
78561,85687,1,85687,1
78561,85687,1,85687,1
78561,85687,1,85687,1
78561,85687,1,85687,1
78561,85687,1,85687,1
78561,85687,1,85687,1
78561,85687,1,85687,1
78561,85687,1,85687,1
78561,85687,1,85687,1
78561,85687,1,85687,1
78561,85687,1,85687,1
78561,85687,1,85687,1
78561,85687,1,85687,1
78561,85687,1,85687,1
78561,85687,1,85687,1
78561,85687,1,85687,1
78561,85687,1,85687,1
78561,85687,1,85687,1
78561,85687,1,85687,1
78561,85687,1,85687,1
78561,85687,1,85687,1
78561,85687,1,85687,1
78561,85687,1,85687,1
78561,85687,1,85687,1
78561,85687,1,85687,1
78561,85687,1,85687,1
78561,85687,1,85687,1
78561,85687,1,85672,1
78561,85672,1,85672,1
78561,85672,1,85672,1
78561,85672,1,85672,1
78561,85672,1,85672,1
78561,85672,1,85672,1
78561,85672,1,85672,1
78561,85672,1,85672,1
78561,85672,1,85672,1
78561,85672,1,85672,1
78561,85672,1,85672,1
78561,85672,1,85672,1
78561,85672,1,85672,1
78561,85672,1,85672,1
78561,85672,1,85672,1
78561,85672,1,85672,1
78561,85672,1,85672,1
78561,85672,1,85672,1
78561,85672,1,85672,1
78561,85672,1,85672,1
78561,85672,1,85672,1
78561,85672,1,85672,1
78561,85672,1,85672,1
78561,85672,1,85672,1
78561,85672,1,85672,1
78561,85672,1,85672,1
78561,85672,1,85672,1
78561,85672,1,85672,1
78561,85672,1,85672,1
78561,85672,1,85672,1
78561,85672,1,85672,1
78561,85672,1,85672,1
78561,85672,1,85672,1
78561,85672,1,85672,1
78561,85672,1,85672,1
78561,85672,1,85672,1
78561,85672,1,85672,1
78561,85672,1,85672,1
78561,85672,1,85672,1
78561,85672,1,85672,1
78561,85672,1,85672,1
78561,85672,1,85672,1
78561,85672,1,85672,1
78561,85672,1,89270,1
78561,89270,1,89270,1
78561,89270,1,89270,1
78561,89270,1,89270,1
78561,89270,1,89270,1
78561,89270,1,89270,1
78561,89270,1,89270,1
78561,89270,1,89270,1
78561,89270,1,89270,1
78561,89270,1,89270,1
78561,89270,1,89270,1
78561,89270,1,89270,1
78561,89270,1,89270,1
78561,89270,1,89270,1
78561,89270,1,89270,1
78561,89270,1,89270,1
78561,89270,1,89270,1
78561,89270,1,89270,1
78561,89270,1,89270,1
78561,89270,1,89270,1
78561,89270,1,89270,1
78561,89270,1,89270,1
78561,89270,1,89270,1
78561,89270,1,89270,1
78561,89270,1,89270,1
78561,89270,1,89270,1
78561,89270,1,89270,1
78561,89270,1,89270,1
78561,89270,1,89270,1
78561,89270,1,89270,1
78561,89270,1,89270,1
78561,89270,1,89270,1
78561,89270,1,89270,1
78561,89270,1,89270,1
78561,89270,1,89270,1
78561,89270,1,89270,1
78561,89270,1,89270,1
78561,89270,1,89270,1
78561,89270,1,89270,1
78561,89270,1,89270,1
78561,89270,1,89270,1
78561,89270,1,89270,1
78561,89270,1,89270,1
78561,89270,1,89270,1
78561,89270,1,89270,1
78561,89270,1,89270,1
78561,89270,1,89270,1
78561,89270,1,89270,1
78561,89270,1,89270,1
78561,89270,1,89270,1
78561,89270,1,89270,1
78561,89270,1,89270,1
78561,89270,1,89270,1
78561,89270,1,89270,1
78561,89270,1,89270,1
78561,89270,1,89270,1
78561,89270,1,89270,1
78561,89270,1,89270,1
78561,89270,1,89270,1
78561,89270,1,89270,1
78561,89270,1,89270,1
78561,89270,1,89270,1
78561,89270,1,89270,1
78561,89270,1,89270,1
78561,89270,1,89270,1
78561,89270,1,89270,1
78561,89270,1,89270,1
78561,89270,1,89270,1
78561,89270,1,89270,1
78561,89270,1,89270,1
78561,89270,1,89270,1
78561,89270,1,89270,1
78561,89270,1,89270,1
78561,89270,1,89270,1
78561,89270,1,89270,1
78561,89270,1,89270,1
78561,89270,1,89270,1
78561,89270,1,89270,1
78561,89270,1,89270,1
78561,89270,1,89270,1
78561,89270,1,89270,1
78561,89270,1,89270,1
78561,89270,1,89270,1
78561,89270,1,89270,1
78561,89270,1,89270,1
78561,89270,1,89270,1
78561,89270,1,89270,1
78561,89270,1,89270,1
78561,89270,1,89270,1
78561,89270,1,89270,1
78561,89270,1,89270,1
78561,89270,1,89270,1
78561,89270,1,89270,1
78561,89270,1,89270,1
78561,89270,1,89270,1
78561,89270,1,89270,1
78561,89270,1,89270,1
78561,89270,1,89234,1
78561,89234,1,89234,1
78561,89234,1,89234,1
78561,89234,1,89234,1
78561,89234,1,89234,1
78561,89234,1,89234,1
78561,89234,1,89234,1
78561,89234,1,89234,1
78561,89234,1,89234,1
78561,89234,1,89234,1
78561,89234,1,89234,1
78561,89234,1,89234,1
78561,89234,1,89234,1
78561,89234,1,89234,1
78561,89234,1,89234,1
78561,89234,1,89234,1
78561,89234,1,89234,1
78561,89234,1,89234,1
78561,89234,1,89234,1
78561,89234,1,89234,1
78561,89234,1,89234,1
78561,89234,1,89234,1
78561,89234,1,89234,1
78561,89234,1,89234,1
78561,89234,1,89234,1
78561,89234,1,89234,1
78561,89234,1,89234,1
78561,89234,1,89234,1
78561,89234,1,89234,1
78561,89234,1,89234,1
78561,89234,1,89234,1
78561,89234,1,89234,1
78561,89234,1,89234,1
78561,89234,1,89234,1
78561,89234,1,89234,1
78561,89234,1,89234,1
78561,89234,1,89234,1
78561,89234,1,89234,1
78561,89234,1,89234,1
78561,89234,1,89234,1
78561,89234,1,89234,1
78561,89234,1,89234,1
78561,89234,1,89234,1
78561,89234,1,89234,1
78561,89234,1,89234,1
78561,89234,1,89234,1
78561,89234,1,89234,1
78561,89234,1,89234,1
78561,89234,1,89234,1
78561,89234,1,89234,1
78561,89234,1,89234,1
78561,89234,1,89234,1
78561,89234,1,89234,1
78561,89234,1,89234,1
78561,89234,1,89234,1
78561,89234,1,89234,1
78561,89234,1,89234,1
78561,89234,1,89234,1
78561,89234,1,89234,1
78561,89234,1,89234,1
78561,89234,1,89234,1
78561,89234,1,89234,1
78561,89234,1,89234,1
78561,89234,1,89234,1
78561,89234,1,89234,1
78561,89234,1,89234,1
78561,89234,1,89234,1
78561,89234,1,89234,1
78561,89234,1,89234,1
78561,89234,1,89234,1
78561,89234,1,89234,1
78561,89234,1,89234,1
78561,89234,1,89234,1
78561,89234,1,89234,1
78561,89234,1,89234,1
78561,89234,1,89234,1
78561,89234,1,89234,1
78561,89234,1,89234,1
78561,89234,1,89234,1
78561,89234,1,89234,1
78561,89234,1,89234,1
78561,89234,1,89234,1
78561,89234,1,89234,1
78561,89234,1,89234,1
78561,89234,1,89234,1
78561,89234,1,89234,1
78561,89234,1,89234,1
78561,89234,1,89234,1
78561,89234,1,89234,1
78561,89234,1,89234,1
78561,89234,1,89234,1
78561,89234,1,89234,1
78561,89234,1,89234,1
78561,89234,1,89234,1
78561,89234,1,89234,1
78561,89234,1,89234,1
78561,89234,1,89234,1
78561,89234,1,91363,1
78561,91363,1,91363,1
78561,91363,1,91363,1
78561,91363,1,91363,1
78561,91363,1,91363,1
78561,91363,1,91363,1
78561,91363,1,91363,1
78561,91363,1,91363,1
78561,91363,1,91363,1
78561,91363,1,91363,1
78561,91363,1,91363,1
78561,91363,1,91363,1
78561,91363,1,91363,1
78561,91363,1,91363,1
78561,91363,1,91363,1
78561,91363,1,91363,1
78561,91363,1,91363,1
78561,91363,1,91363,1
78561,91363,1,91363,1
78561,91363,1,91363,1
78561,91363,1,91363,1
78561,91363,1,91363,1
78561,91363,1,91363,1
78561,91363,1,91363,1
78561,91363,1,91363,1
78561,91363,1,91363,1
78561,91363,1,91363,1
78561,91363,1,91363,1
78561,91363,1,91363,1
78561,91363,1,91363,1
78561,91363,1,91363,1
78561,91363,1,91363,1
78561,91363,1,91363,1
78561,91363,1,91363,1
78561,91363,1,91363,1
78561,91363,1,91363,1
78561,91363,1,91363,1
78561,91363,1,91363,1
78561,91363,1,91363,1
78561,91363,1,91363,1
78561,91363,1,91363,1
78561,91363,1,91363,1
78561,91363,1,91363,1
78561,91363,1,91363,1
78561,91363,1,91363,1
78561,91363,1,91363,1
78561,91363,1,91363,1
78561,91363,1,91363,1
78561,91363,1,91363,1
78561,91363,1,91363,1
78561,91363,1,91363,1
78561,91363,1,91363,1
78561,91363,1,91363,1
78561,91363,1,91363,1
78561,91363,1,91363,1
78561,91363,1,91363,1
78561,91363,1,91363,1
78561,91363,1,91363,1
78561,91363,1,91363,1
78561,91363,1,91363,1
78561,91363,1,91363,1
78561,91363,1,91363,1
78561,91363,1,91363,1
78561,91363,1,91363,1
78561,91363,1,91363,1
78561,91363,1,91363,1
78561,91363,1,91363,1
78561,91363,1,91363,1
78561,91363,1,91363,1
78561,91363,1,91363,1
78561,91363,1,91363,1
78561,91363,1,91363,1
78561,91363,1,91363,1
78561,91363,1,91363,1
78561,91363,1,91363,1
78561,91363,1,91363,1
78561,91363,1,91363,1
78561,91363,1,91363,1
78561,91363,1,91363,1
78561,91363,1,91363,1
78561,91363,1,91363,1
78561,91363,1,91363,1
78561,91363,1,91363,1
78561,91363,1,91363,1
78561,91363,1,91363,1
78561,91363,1,91363,1
78561,91363,1,91363,1
78561,91363,1,91363,1
78561,91363,1,91363,1
78561,91363,1,91363,1
78561,91363,1,91363,1
78561,91363,1,91363,1
78561,91363,1,91363,1
78561,91363,1,91363,1
78561,91363,1,91363,1
78561,91363,1,91363,1
78561,91363,1,91363,1
78561,91363,1,89271,1
78561,89271,1,89271,1
78561,89271,1,89271,1
78561,89271,1,89271,1
78561,89271,1,89271,1
78561,89271,1,89271,1
78561,89271,1,89271,1
78561,89271,1,89271,1
78561,89271,1,89271,1
78561,89271,1,89271,1
78561,89271,1,89271,1
78561,89271,1,89271,1
78561,89271,1,89271,1
78561,89271,1,89271,1
78561,89271,1,89271,1
78561,89271,1,89271,1
78561,89271,1,89271,1
78561,89271,1,89271,1
78561,89271,1,89271,1
78561,89271,1,89271,1
78561,89271,1,89271,1
78561,89271,1,89271,1
78561,89271,1,89271,1
78561,89271,1,89271,1
78561,89271,1,89271,1
78561,89271,1,89271,1
78561,89271,1,89271,1
78561,89271,1,89271,1
78561,89271,1,89271,1
78561,89271,1,89271,1
78561,89271,1,89271,1
78561,89271,1,89271,1
78561,89271,1,89271,1
78561,89271,1,89271,1
78561,89271,1,89271,1
78561,89271,1,89271,1
78561,89271,1,89271,1
78561,89271,1,89271,1
78561,89271,1,89271,1
78561,89271,1,89271,1
78561,89271,1,89271,1
78561,89271,1,89271,1
78561,89271,1,89271,1
78561,89271,1,89271,1
78561,89271,1,89271,1
78561,89271,1,89271,1
78561,89271,1,89271,1
78561,89271,1,89270,1
78561,89270,1,89270,1
78561,89270,1,89270,1
78561,89270,1,89270,1
78561,89270,1,89270,1
78561,89270,1,89270,1
78561,89270,1,89270,1
78561,89270,1,89270,1
78561,89270,1,89270,1
78561,89270,1,89270,1
78561,89270,1,89270,1
78561,89270,1,89270,1
78561,89270,1,89270,1
78561,89270,1,89270,1
78561,89270,1,89270,1
78561,89270,1,89270,1
78561,89270,1,89270,1
78561,89270,1,89270,1
78561,89270,1,89270,1
78561,89270,1,89270,1
78561,89270,1,89270,1
78561,89270,1,89270,1
78561,89270,1,89270,1
78561,89270,1,89270,1
78561,89270,1,89270,1
78561,89270,1,89270,1
78561,89270,1,89270,1
78561,89270,1,89270,1
78561,89270,1,89270,1
78561,89270,1,89270,1
78561,89270,1,89270,1
78561,89270,1,89270,1
78561,89270,1,89270,1
78561,89270,1,89270,1
78561,89270,1,89270,1
78561,89270,1,89270,1
78561,89270,1,89270,1
78561,89270,1,89270,1
78561,89270,1,89270,1
78561,89270,1,89270,1
78561,89270,1,89270,1
78561,89270,1,89270,1
78561,89270,1,89270,1
78561,89270,1,89270,1
78561,89270,1,89270,1
78561,89270,1,89270,1
78561,89270,1,89270,1
78561,89270,1,89285,0
78561,89285,0,89285,0
78561,89285,0,89285,0
78561,89285,0,89285,0
78561,89285,0,89285,0
78561,89285,0,89285,0
78561,89285,0,89285,0
78561,89285,0,89285,0
78561,89285,0,89285,0
78561,89285,0,89285,0
78561,89285,0,89285,0
78561,89285,0,89285,0
78561,89285,0,89285,0
78561,89285,0,89285,0
78561,89285,0,89285,0
78561,89285,0,89285,0
78561,89285,0,89285,0
78561,89285,0,89285,0
78561,89285,0,89285,0
78561,89285,0,89285,0
78561,89285,0,89285,0
78561,89285,0,89285,0
78561,89285,0,89285,0
78561,89285,0,89285,0
78561,89285,0,89285,0
78561,89285,0,89285,0
78561,89285,0,89285,0
78561,89285,0,89285,0
78561,89285,0,89285,0
78561,89285,0,89285,0
78561,89285,0,89285,0
78561,89285,0,89285,0
78561,89285,0,89285,0
78561,89285,0,89285,0
78561,89285,0,89285,0
78561,89285,0,89285,0
78561,89285,0,89285,0
78561,89285,0,89285,0
78561,89285,0,89285,0
78561,89285,0,89285,0
78561,89285,0,89285,0
78561,89285,0,89285,0
78561,89285,0,89285,0
78561,89285,0,89285,0
78561,89285,0,89285,0
78561,89285,0,89285,0
78561,89285,0,89285,0
78561,89285,0,89285,0
78561,89285,0,89285,0
78561,89285,0,89285,0
78561,89285,0,89285,0
78561,89285,0,89285,0
78561,89285,0,89285,0
78561,89285,0,89285,0
78561,89285,0,89285,0
78561,89285,0,89285,0
78561,89285,0,89285,0
78561,89285,0,89285,0
78561,89285,0,89285,0
78561,89285,0,89285,0
78561,89285,0,89285,0
78561,89285,0,89285,0
78561,89285,0,89285,0
78561,89285,0,89285,0
78561,89285,0,89285,0
78561,89285,0,89285,0
78561,89285,0,89285,0
78561,89285,0,89285,0
78561,89285,0,89285,0
78561,89285,0,89285,0
78561,89285,0,89285,0
78561,89285,0,89285,0
78561,89285,0,89285,0
78561,89285,0,89285,0
78561,89285,0,89285,0
78561,89285,0,89285,0
78561,89285,0,89285,0
78561,89285,0,89285,0
78561,89285,0,89285,0
78561,89285,0,89285,0
78561,89285,0,89285,0
78561,89285,0,89285,0
78561,89285,0,89285,0
78561,89285,0,89285,0
78561,89285,0,89285,0
78561,89285,0,89285,0
78561,89285,0,89285,0
78561,89285,0,89285,0
78561,89285,0,89285,0
78561,89285,0,89285,0
78561,89285,0,89285,0
78561,89285,0,89285,0
78561,89285,0,89285,0
78561,89285,0,89285,0
78561,89285,0,89285,0
78561,89285,0,89285,0
78561,89285,0,89285,0
78561,89285,0,89285,0
78561,89285,0,89285,0
78561,89285,0,89285,0
78561,89285,0,89285,0
78561,89285,0,89285,0
78561,89285,0,89285,0
78561,89285,0,89285,0
78561,89285,0,89285,0
78561,89285,0,89285,0
78561,89285,0,89285,0
78561,89285,0,89285,0
78561,89285,0,89285,0
78561,89285,0,89285,0
78561,89285,0,89285,0
78561,89285,0,89285,0
78561,89285,0,89285,0
78561,89285,0,89285,0
78561,89285,0,89285,0
78561,89285,0,89285,0
78561,89285,0,89285,0
78561,89285,0,89285,0
78561,89285,0,89285,0
78561,89285,0,89285,0
78561,89285,0,89285,0
78561,89285,0,89285,0
78561,89285,0,89285,0
78561,89285,0,89285,0
78561,89285,0,89285,0
78561,89285,0,89285,0
78561,89285,0,89285,0
78561,89285,0,89285,0
78561,89285,0,89285,0
78561,89285,0,89285,0
78561,89285,0,89285,0
78561,89285,0,89285,0
78561,89285,0,89285,0
78561,89285,0,89285,0
78561,89285,0,89285,0
78561,89285,0,89285,0
78561,89285,0,89285,0
78561,89285,0,89285,0
78561,89285,0,89285,0
78561,89285,0,89285,0
78561,89285,0,89285,0
78561,89285,0,89285,0
78561,89285,0,89285,0
78561,89285,0,89285,0
78561,89285,0,91380,1
78561,91380,1,91380,1
78561,91380,1,91380,1
78561,91380,1,91380,1
78561,91380,1,91380,1
78561,91380,1,91380,1
78561,91380,1,91380,1
78561,91380,1,91380,1
78561,91380,1,91380,1
78561,91380,1,91380,1
78561,91380,1,91380,1
78561,91380,1,91380,1
78561,91380,1,91380,1
78561,91380,1,91380,1
78561,91380,1,91380,1
78561,91380,1,91380,1
78561,91380,1,91380,1
78561,91380,1,91380,1
78561,91380,1,91380,1
78561,91380,1,91380,1
78561,91380,1,91380,1
78561,91380,1,91380,1
78561,91380,1,91380,1
78561,91380,1,91380,1
78561,91380,1,91380,1
78561,91380,1,91380,1
78561,91380,1,91380,1
78561,91380,1,91380,1
78561,91380,1,91380,1
78561,91380,1,91380,1
78561,91380,1,91380,1
78561,91380,1,91380,1
78561,91380,1,91380,1
78561,91380,1,91380,1
78561,91380,1,91380,1
78561,91380,1,91380,1
78561,91380,1,91380,1
78561,91380,1,91380,1
78561,91380,1,91380,1
78561,91380,1,91380,1
78561,91380,1,91380,1
78561,91380,1,91380,1
78561,91380,1,91380,1
78561,91380,1,91380,1
78561,91380,1,91380,1
78561,91380,1,91380,1
78561,91380,1,91380,1
78561,91380,1,89276,1
78561,89276,1,89276,1
78561,89276,1,89276,1
78561,89276,1,89276,1
78561,89276,1,89276,1
78561,89276,1,89276,1
78561,89276,1,89276,1
78561,89276,1,89276,1
78561,89276,1,89276,1
78561,89276,1,89276,1
78561,89276,1,89276,1
78561,89276,1,89276,1
78561,89276,1,89276,1
78561,89276,1,89276,1
78561,89276,1,89276,1
78561,89276,1,89276,1
78561,89276,1,89276,1
78561,89276,1,89276,1
78561,89276,1,89276,1
78561,89276,1,89276,1
78561,89276,1,89276,1
78561,89276,1,89276,1
78561,89276,1,89276,1
78561,89276,1,89276,1
78561,89276,1,89276,1
78561,89276,1,89276,1
78561,89276,1,89276,1
78561,89276,1,89276,1
78561,89276,1,89276,1
78561,89276,1,89276,1
78561,89276,1,89276,1
78561,89276,1,89276,1
78561,89276,1,89276,1
78561,89276,1,89276,1
78561,89276,1,89276,1
78561,89276,1,89276,1
78561,89276,1,89276,1
78561,89276,1,89276,1
78561,89276,1,89276,1
78561,89276,1,89276,1
78561,89276,1,89276,1
78561,89276,1,89276,1
78561,89276,1,89276,1
78561,89276,1,89276,1
78561,89276,1,89276,1
78561,89276,1,89276,1
78561,89276,1,89276,1
78561,89276,1,89763,0
78561,89763,0,89763,0
78561,89763,0,89763,0
78561,89763,0,89763,0
78561,89763,0,89763,0
78561,89763,0,89763,0
78561,89763,0,89763,0
78561,89763,0,89763,0
78561,89763,0,89763,0
78561,89763,0,89763,0
78561,89763,0,89763,0
78561,89763,0,89763,0
78561,89763,0,89763,0
78561,89763,0,89763,0
78561,89763,0,89763,0
78561,89763,0,89763,0
78561,89763,0,89763,0
78561,89763,0,89763,0
78561,89763,0,89763,0
78561,89763,0,89763,0
78561,89763,0,89763,0
78561,89763,0,89763,0
78561,89763,0,89763,0
78561,89763,0,89763,0
78561,89763,0,89763,0
78561,89763,0,89763,0
78561,89763,0,89763,0
78561,89763,0,89763,0
78561,89763,0,89763,0
78561,89763,0,89763,0
78561,89763,0,89763,0
78561,89763,0,89763,0
78561,89763,0,89763,0
78561,89763,0,89763,0
78561,89763,0,89763,0
78561,89763,0,89763,0
78561,89763,0,89763,0
78561,89763,0,89763,0
78561,89763,0,89763,0
78561,89763,0,89763,0
78561,89763,0,89763,0
78561,89763,0,89763,0
78561,89763,0,89763,0
78561,89763,0,89763,0
78561,89763,0,89763,0
78561,89763,0,89763,0
78561,89763,0,89763,0
78561,89763,0,89763,0
78561,89763,0,89763,0
78561,89763,0,89763,0
78561,89763,0,89763,0
78561,89763,0,89763,0
78561,89763,0,89763,0
78561,89763,0,89763,0
78561,89763,0,89763,0
78561,89763,0,89763,0
78561,89763,0,89763,0
78561,89763,0,89763,0
78561,89763,0,89763,0
78561,89763,0,89763,0
78561,89763,0,89763,0
78561,89763,0,89763,0
78561,89763,0,89763,0
78561,89763,0,89763,0
78561,89763,0,89763,0
78561,89763,0,89763,0
78561,89763,0,89763,0
78561,89763,0,89763,0
78561,89763,0,89763,0
78561,89763,0,89763,0
78561,89763,0,89763,0
78561,89763,0,89763,0
78561,89763,0,89763,0
78561,89763,0,89763,0
78561,89763,0,89763,0
78561,89763,0,89763,0
78561,89763,0,89763,0
78561,89763,0,89763,0
78561,89763,0,89763,0
78561,89763,0,89763,0
78561,89763,0,89763,0
78561,89763,0,89763,0
78561,89763,0,89763,0
78561,89763,0,89763,0
78561,89763,0,89763,0
78561,89763,0,89763,0
78561,89763,0,89763,0
78561,89763,0,89763,0
78561,89763,0,89763,0
78561,89763,0,89763,0
78561,89763,0,89763,0
78561,89763,0,89763,0
78561,89763,0,89763,0
78561,89763,0,89761,0
78561,89761,0,89761,0
78561,89761,0,89761,0
78561,89761,0,89761,0
78561,89761,0,89761,0
78561,89761,0,89761,0
78561,89761,0,89761,0
78561,89761,0,89761,0
78561,89761,0,89761,0
78561,89761,0,89761,0
78561,89761,0,89761,0
78561,89761,0,89761,0
78561,89761,0,89761,0
78561,89761,0,89761,0
78561,89761,0,89761,0
78561,89761,0,89761,0
78561,89761,0,89761,0
78561,89761,0,89761,0
78561,89761,0,89761,0
78561,89761,0,89761,0
78561,89761,0,89761,0
78561,89761,0,89761,0
78561,89761,0,89761,0
78561,89761,0,89761,0
78561,89761,0,89761,0
78561,89761,0,89761,0
78561,89761,0,89761,0
78561,89761,0,89761,0
78561,89761,0,89761,0
78561,89761,0,89761,0
78561,89761,0,89761,0
78561,89761,0,89761,0
78561,89761,0,89761,0
78561,89761,0,89761,0
78561,89761,0,89761,0
78561,89761,0,89761,0
78561,89761,0,89761,0
78561,89761,0,89761,0
78561,89761,0,89761,0
78561,89761,0,89761,0
78561,89761,0,89761,0
78561,89761,0,89761,0
78561,89761,0,89761,0
78561,89761,0,89761,0
78561,89761,0,89761,0
78561,89761,0,89761,0
78561,89761,0,89761,0
78561,89761,0,89761,0
78561,89761,0,89761,0
78561,89761,0,89761,0
78561,89761,0,89761,0
78561,89761,0,89761,0
78561,89761,0,89761,0
78561,89761,0,89761,0
78561,89761,0,89761,0
78561,89761,0,89761,0
78561,89761,0,89761,0
78561,89761,0,89761,0
78561,89761,0,89761,0
78561,89761,0,89761,0
78561,89761,0,89761,0
78561,89761,0,89761,0
78561,89761,0,89761,0
78561,89761,0,89761,0
78561,89761,0,89761,0
78561,89761,0,89761,0
78561,89761,0,89761,0
78561,89761,0,89761,0
78561,89761,0,89761,0
78561,89761,0,89761,0
78561,89761,0,89761,0
78561,89761,0,89761,0
78561,89761,0,89761,0
78561,89761,0,89761,0
78561,89761,0,89761,0
78561,89761,0,89761,0
78561,89761,0,89761,0
78561,89761,0,89761,0
78561,89761,0,89761,0
78561,89761,0,89761,0
78561,89761,0,89761,0
78561,89761,0,89761,0
78561,89761,0,89761,0
78561,89761,0,89761,0
78561,89761,0,89761,0
78561,89761,0,89761,0
78561,89761,0,89761,0
78561,89761,0,89761,0
78561,89761,0,89761,0
78561,89761,0,89761,0
78561,89761,0,89761,0
78561,89761,0,89761,0
78561,89761,0,89761,0
78561,89761,0,91646,1
78561,91646,1,91646,1
78561,91646,1,91646,1
78561,91646,1,91646,1
78561,91646,1,91646,1
78561,91646,1,91646,1
78561,91646,1,91646,1
78561,91646,1,91646,1
78561,91646,1,91646,1
78561,91646,1,91646,1
78561,91646,1,91646,1
78561,91646,1,91646,1
78561,91646,1,91646,1
78561,91646,1,91646,1
78561,91646,1,91646,1
78561,91646,1,91646,1
78561,91646,1,91646,1
78561,91646,1,91646,1
78561,91646,1,91646,1
78561,91646,1,91646,1
78561,91646,1,91646,1
78561,91646,1,91646,1
78561,91646,1,91646,1
78561,91646,1,91646,1
78561,91646,1,91646,1
78561,91646,1,91646,1
78561,91646,1,91646,1
78561,91646,1,91646,1
78561,91646,1,91646,1
78561,91646,1,91646,1
78561,91646,1,91646,1
78561,91646,1,91646,1
78561,91646,1,91646,1
78561,91646,1,91646,1
78561,91646,1,91646,1
78561,91646,1,91646,1
78561,91646,1,91646,1
78561,91646,1,91646,1
78561,91646,1,91646,1
78561,91646,1,91646,1
78561,91646,1,91646,1
78561,91646,1,91646,1
78561,91646,1,91646,1
78561,91646,1,91646,1
78561,91646,1,91646,1
78561,91646,1,91646,1
78561,91646,1,91646,1
78561,91646,1,91646,1
78561,91646,1,91646,1
78561,91646,1,91646,1
78561,91646,1,91646,1
78561,91646,1,91646,1
78561,91646,1,91646,1
78561,91646,1,91646,1
78561,91646,1,91646,1
78561,91646,1,91646,1
78561,91646,1,91646,1
78561,91646,1,91646,1
78561,91646,1,91646,1
78561,91646,1,91646,1
78561,91646,1,91646,1
78561,91646,1,91646,1
78561,91646,1,91646,1
78561,91646,1,91646,1
78561,91646,1,91646,1
78561,91646,1,91646,1
78561,91646,1,91646,1
78561,91646,1,91646,1
78561,91646,1,91646,1
78561,91646,1,91646,1
78561,91646,1,91646,1
78561,91646,1,91646,1
78561,91646,1,91646,1
78561,91646,1,91646,1
78561,91646,1,91646,1
78561,91646,1,91646,1
78561,91646,1,91646,1
78561,91646,1,91646,1
78561,91646,1,91646,1
78561,91646,1,91646,1
78561,91646,1,91646,1
78561,91646,1,91646,1
78561,91646,1,91646,1
78561,91646,1,91646,1
78561,91646,1,91646,1
78561,91646,1,91646,1
78561,91646,1,91646,1
78561,91646,1,91646,1
78561,91646,1,91646,1
78561,91646,1,91646,1
78561,91646,1,91646,1
78561,91646,1,91646,1
78561,91646,1,91646,1
78561,91646,1,91641,0
78561,91641,0,91641,0
78561,91641,0,91641,0
78561,91641,0,91641,0
78561,91641,0,91641,0
78561,91641,0,91641,0
78561,91641,0,91641,0
78561,91641,0,91641,0
78561,91641,0,91641,0
78561,91641,0,91641,0
78561,91641,0,91641,0
78561,91641,0,91641,0
78561,91641,0,91641,0
78561,91641,0,91641,0
78561,91641,0,91641,0
78561,91641,0,91641,0
78561,91641,0,91641,0
78561,91641,0,91641,0
78561,91641,0,91641,0
78561,91641,0,91641,0
78561,91641,0,91641,0
78561,91641,0,91641,0
78561,91641,0,91641,0
78561,91641,0,91641,0
78561,91641,0,91641,0
78561,91641,0,91641,0
78561,91641,0,91641,0
78561,91641,0,91641,0
78561,91641,0,91641,0
78561,91641,0,91641,0
78561,91641,0,91641,0
78561,91641,0,91641,0
78561,91641,0,91641,0
78561,91641,0,91641,0
78561,91641,0,91641,0
78561,91641,0,91641,0
78561,91641,0,91641,0
78561,91641,0,91641,0
78561,91641,0,91641,0
78561,91641,0,91641,0
78561,91641,0,91641,0
78561,91641,0,91641,0
78561,91641,0,91641,0
78561,91641,0,91641,0
78561,91641,0,89819,1
78561,89819,1,89819,1
78561,89819,1,89819,1
78561,89819,1,89819,1
78561,89819,1,89819,1
78561,89819,1,89819,1
78561,89819,1,89819,1
78561,89819,1,89819,1
78561,89819,1,89819,1
78561,89819,1,89819,1
78561,89819,1,89819,1
78561,89819,1,89819,1
78561,89819,1,89819,1
78561,89819,1,89819,1
78561,89819,1,89819,1
78561,89819,1,89819,1
78561,89819,1,89819,1
78561,89819,1,89819,1
78561,89819,1,89819,1
78561,89819,1,89819,1
78561,89819,1,89819,1
78561,89819,1,89819,1
78561,89819,1,89819,1
78561,89819,1,89819,1
78561,89819,1,89819,1
78561,89819,1,89819,1
78561,89819,1,89819,1
78561,89819,1,89819,1
78561,89819,1,89819,1
78561,89819,1,89819,1
78561,89819,1,89819,1
78561,89819,1,89819,1
78561,89819,1,89819,1
78561,89819,1,89819,1
78561,89819,1,89819,1
78561,89819,1,89819,1
78561,89819,1,89819,1
78561,89819,1,89819,1
78561,89819,1,89819,1
78561,89819,1,89819,1
78561,89819,1,89819,1
78561,89819,1,89819,1
78561,89819,1,89819,1
78561,89819,1,89819,1
78561,89819,1,89819,1
78561,89819,1,89819,1
78561,89819,1,89819,1
78561,89819,1,89819,1
78561,89819,1,89819,1
78561,89819,1,89819,1
78561,89819,1,89819,1
78561,89819,1,89819,1
78561,89819,1,89819,1
78561,89819,1,89819,1
78561,89819,1,89819,1
78561,89819,1,89819,1
78561,89819,1,89819,1
78561,89819,1,89819,1
78561,89819,1,89819,1
78561,89819,1,89819,1
78561,89819,1,89819,1
78561,89819,1,89819,1
78561,89819,1,89819,1
78561,89819,1,89819,1
78561,89819,1,89819,1
78561,89819,1,89819,1
78561,89819,1,89819,1
78561,89819,1,89819,1
78561,89819,1,89819,1
78561,89819,1,89819,1
78561,89819,1,89819,1
78561,89819,1,89819,1
78561,89819,1,89819,1
78561,89819,1,89819,1
78561,89819,1,89819,1
78561,89819,1,89819,1
78561,89819,1,89819,1
78561,89819,1,89819,1
78561,89819,1,89819,1
78561,89819,1,89819,1
78561,89819,1,89819,1
78561,89819,1,89819,1
78561,89819,1,89819,1
78561,89819,1,89819,1
78561,89819,1,89819,1
78561,89819,1,89819,1
78561,89819,1,89819,1
78561,89819,1,89819,1
78561,89819,1,89819,1
78561,89819,1,89819,1
78561,89819,1,89819,1
78561,89819,1,89819,1
78561,89819,1,89819,1
78561,89819,1,89838,1
78561,89838,1,89838,1
78561,89838,1,89838,1
78561,89838,1,89838,1
78561,89838,1,89838,1
78561,89838,1,89838,1
78561,89838,1,89838,1
78561,89838,1,89838,1
78561,89838,1,89838,1
78561,89838,1,89838,1
78561,89838,1,89838,1
78561,89838,1,89838,1
78561,89838,1,89838,1
78561,89838,1,89838,1
78561,89838,1,89838,1
78561,89838,1,89838,1
78561,89838,1,89838,1
78561,89838,1,89838,1
78561,89838,1,89838,1
78561,89838,1,89838,1
78561,89838,1,89838,1
78561,89838,1,89838,1
78561,89838,1,89838,1
78561,89838,1,89838,1
78561,89838,1,89838,1
78561,89838,1,89838,1
78561,89838,1,89838,1
78561,89838,1,89838,1
78561,89838,1,89838,1
78561,89838,1,89838,1
78561,89838,1,89838,1
78561,89838,1,89838,1
78561,89838,1,89838,1
78561,89838,1,89838,1
78561,89838,1,89838,1
78561,89838,1,89838,1
78561,89838,1,89838,1
78561,89838,1,89838,1
78561,89838,1,89838,1
78561,89838,1,89838,1
78561,89838,1,89838,1
78561,89838,1,89838,1
78561,89838,1,89838,1
78561,89838,1,89838,1
78561,89838,1,89838,1
78561,89838,1,89838,1
78561,89838,1,89838,1
78561,89838,1,89838,1
78561,89838,1,89838,1
78561,89838,1,89838,1
78561,89838,1,89838,1
78561,89838,1,89838,1
78561,89838,1,89838,1
78561,89838,1,89838,1
78561,89838,1,89838,1
78561,89838,1,89838,1
78561,89838,1,89838,1
78561,89838,1,89838,1
78561,89838,1,89838,1
78561,89838,1,89838,1
78561,89838,1,89838,1
78561,89838,1,89838,1
78561,89838,1,89838,1
78561,89838,1,89838,1
78561,89838,1,89838,1
78561,89838,1,89838,1
78561,89838,1,89838,1
78561,89838,1,89838,1
78561,89838,1,89838,1
78561,89838,1,89838,1
78561,89838,1,89838,1
78561,89838,1,89838,1
78561,89838,1,89838,1
78561,89838,1,89838,1
78561,89838,1,89838,1
78561,89838,1,89838,1
78561,89838,1,89838,1
78561,89838,1,89838,1
78561,89838,1,89838,1
78561,89838,1,89838,1
78561,89838,1,89838,1
78561,89838,1,89838,1
78561,89838,1,89838,1
78561,89838,1,89838,1
78561,89838,1,89838,1
78561,89838,1,89838,1
78561,89838,1,89838,1
78561,89838,1,89838,1
78561,89838,1,89838,1
78561,89838,1,89838,1
78561,89838,1,89838,1
78561,89838,1,89838,1
78561,89838,1,89838,1
78561,89838,1,89842,1
78561,89842,1,89842,1
78561,89842,1,89842,1
78561,89842,1,89842,1
78561,89842,1,89842,1
78561,89842,1,89842,1
78561,89842,1,89842,1
78561,89842,1,89842,1
78561,89842,1,89842,1
78561,89842,1,89842,1
78561,89842,1,89842,1
78561,89842,1,89842,1
78561,89842,1,89842,1
78561,89842,1,89842,1
78561,89842,1,89842,1
78561,89842,1,89842,1
78561,89842,1,89842,1
78561,89842,1,89842,1
78561,89842,1,89842,1
78561,89842,1,89842,1
78561,89842,1,89842,1
78561,89842,1,89842,1
78561,89842,1,89842,1
78561,89842,1,89842,1
78561,89842,1,89842,1
78561,89842,1,89842,1
78561,89842,1,89842,1
78561,89842,1,89842,1
78561,89842,1,89842,1
78561,89842,1,89842,1
78561,89842,1,89842,1
78561,89842,1,89842,1
78561,89842,1,89842,1
78561,89842,1,89842,1
78561,89842,1,89842,1
78561,89842,1,89842,1
78561,89842,1,89842,1
78561,89842,1,89842,1
78561,89842,1,89842,1
78561,89842,1,89842,1
78561,89842,1,89842,1
78561,89842,1,89842,1
78561,89842,1,89842,1
78561,89842,1,89842,1
78561,89842,1,89842,1
78561,89842,1,89842,1
78561,89842,1,89842,1
78561,89842,1,89842,1
78561,89842,1,89842,1
78561,89842,1,89842,1
78561,89842,1,89842,1
78561,89842,1,89842,1
78561,89842,1,89842,1
78561,89842,1,89842,1
78561,89842,1,89842,1
78561,89842,1,89842,1
78561,89842,1,89842,1
78561,89842,1,89842,1
78561,89842,1,89842,1
78561,89842,1,89842,1
78561,89842,1,89842,1
78561,89842,1,89842,1
78561,89842,1,89842,1
78561,89842,1,89842,1
78561,89842,1,89842,1
78561,89842,1,89842,1
78561,89842,1,89842,1
78561,89842,1,89842,1
78561,89842,1,89842,1
78561,89842,1,89842,1
78561,89842,1,89842,1
78561,89842,1,89842,1
78561,89842,1,89842,1
78561,89842,1,89842,1
78561,89842,1,89842,1
78561,89842,1,89842,1
78561,89842,1,89842,1
78561,89842,1,89842,1
78561,89842,1,89842,1
78561,89842,1,89842,1
78561,89842,1,89842,1
78561,89842,1,89842,1
78561,89842,1,89842,1
78561,89842,1,89842,1
78561,89842,1,89842,1
78561,89842,1,89842,1
78561,89842,1,89842,1
78561,89842,1,89842,1
78561,89842,1,89842,1
78561,89842,1,89842,1
78561,89842,1,89842,1
78561,89842,1,89842,1
78561,89842,1,89842,1
78561,89842,1,89835,1
78561,89835,1,89835,1
78561,89835,1,89835,1
78561,89835,1,89835,1
78561,89835,1,89835,1
78561,89835,1,89835,1
78561,89835,1,89835,1
78561,89835,1,89835,1
78561,89835,1,89835,1
78561,89835,1,89835,1
78561,89835,1,89835,1
78561,89835,1,89835,1
78561,89835,1,89835,1
78561,89835,1,89835,1
78561,89835,1,89835,1
78561,89835,1,89835,1
78561,89835,1,89835,1
78561,89835,1,89835,1
78561,89835,1,89835,1
78561,89835,1,89835,1
78561,89835,1,89835,1
78561,89835,1,89835,1
78561,89835,1,89835,1
78561,89835,1,89835,1
78561,89835,1,89835,1
78561,89835,1,89835,1
78561,89835,1,89835,1
78561,89835,1,89835,1
78561,89835,1,89835,1
78561,89835,1,89835,1
78561,89835,1,89835,1
78561,89835,1,89835,1
78561,89835,1,89835,1
78561,89835,1,89835,1
78561,89835,1,89835,1
78561,89835,1,89835,1
78561,89835,1,89835,1
78561,89835,1,89835,1
78561,89835,1,89835,1
78561,89835,1,89835,1
78561,89835,1,89835,1
78561,89835,1,89835,1
78561,89835,1,89835,1
78561,89835,1,89835,1
78561,89835,1,89835,1
78561,89835,1,89835,1
78561,89835,1,89835,1
78561,89835,1,89835,1
78561,89835,1,89835,1
78561,89835,1,89835,1
78561,89835,1,89835,1
78561,89835,1,89835,1
78561,89835,1,89835,1
78561,89835,1,89835,1
78561,89835,1,89835,1
78561,89835,1,89835,1
78561,89835,1,89835,1
78561,89835,1,89835,1
78561,89835,1,89835,1
78561,89835,1,89835,1
78561,89835,1,89835,1
78561,89835,1,89835,1
78561,89835,1,89835,1
78561,89835,1,89835,1
78561,89835,1,89835,1
78561,89835,1,89835,1
78561,89835,1,89835,1
78561,89835,1,89835,1
78561,89835,1,89835,1
78561,89835,1,89835,1
78561,89835,1,89835,1
78561,89835,1,89835,1
78561,89835,1,89835,1
78561,89835,1,89835,1
78561,89835,1,89835,1
78561,89835,1,89835,1
78561,89835,1,89835,1
78561,89835,1,89835,1
78561,89835,1,89835,1
78561,89835,1,89835,1
78561,89835,1,89835,1
78561,89835,1,89835,1
78561,89835,1,89835,1
78561,89835,1,89835,1
78561,89835,1,89835,1
78561,89835,1,89835,1
78561,89835,1,89835,1
78561,89835,1,89835,1
78561,89835,1,89835,1
78561,89835,1,89835,1
78561,89835,1,89835,1
78561,89835,1,89835,1
78561,89835,1,89835,1
78561,89835,1,89819,1
78561,89819,1,89819,1
78561,89819,1,89819,1
78561,89819,1,89819,1
78561,89819,1,89819,1
78561,89819,1,89819,1
78561,89819,1,89819,1
78561,89819,1,89819,1
78561,89819,1,89819,1
78561,89819,1,89819,1
78561,89819,1,89819,1
78561,89819,1,89819,1
78561,89819,1,89819,1
78561,89819,1,89819,1
78561,89819,1,89819,1
78561,89819,1,89819,1
78561,89819,1,89819,1
78561,89819,1,89819,1
78561,89819,1,89819,1
78561,89819,1,89819,1
78561,89819,1,89819,1
78561,89819,1,89819,1
78561,89819,1,89819,1
78561,89819,1,89819,1
78561,89819,1,89819,1
78561,89819,1,89819,1
78561,89819,1,89819,1
78561,89819,1,89819,1
78561,89819,1,89819,1
78561,89819,1,89819,1
78561,89819,1,89819,1
78561,89819,1,89819,1
78561,89819,1,89819,1
78561,89819,1,89819,1
78561,89819,1,89819,1
78561,89819,1,89819,1
78561,89819,1,89819,1
78561,89819,1,89819,1
78561,89819,1,89819,1
78561,89819,1,89819,1
78561,89819,1,89819,1
78561,89819,1,89819,1
78561,89819,1,89819,1
78561,89819,1,89819,1
78561,89819,1,173909,0
78561,173909,0,173903,0
78561,173903,0,173889,0
78561,173889,0,173886,1
78561,173886,1,173943,0
78561,173943,0,173910,0
78561,173910,0,173938,0
78561,173938,0,173908,0
78561,173908,0,91662,1
78561,91662,1,91662,1
78561,91662,1,91662,1
78561,91662,1,91662,1
78561,91662,1,91662,1
78561,91662,1,91662,1
78561,91662,1,91662,1
78561,91662,1,91662,1
78561,91662,1,91662,1
78561,91662,1,91662,1
78561,91662,1,91662,1
78561,91662,1,91662,1
78561,91662,1,91662,1
78561,91662,1,91662,1
78561,91662,1,91662,1
78561,91662,1,91662,1
78561,91662,1,91662,1
78561,91662,1,91662,1
78561,91662,1,91662,1
78561,91662,1,91662,1
78561,91662,1,91662,1
78561,91662,1,91662,1
78561,91662,1,91662,1
78561,91662,1,91662,1
78561,91662,1,91662,1
78561,91662,1,91662,1
78561,91662,1,91662,1
78561,91662,1,91662,1
78561,91662,1,91662,1
78561,91662,1,91662,1
78561,91662,1,91662,1
78561,91662,1,91662,1
78561,91662,1,91662,1
78561,91662,1,91662,1
78561,91662,1,91662,1
78561,91662,1,91662,1
78561,91662,1,91662,1
78561,91662,1,91662,1
78561,91662,1,91662,1
78561,91662,1,91662,1
78561,91662,1,91662,1
78561,91662,1,91662,1
78561,91662,1,91662,1
78561,91662,1,91662,1
78561,91662,1,91660,1
78561,91660,1,91660,1
78561,91660,1,91660,1
78561,91660,1,91660,1
78561,91660,1,91660,1
78561,91660,1,91660,1
78561,91660,1,91660,1
78561,91660,1,91660,1
78561,91660,1,91660,1
78561,91660,1,91660,1
78561,91660,1,91660,1
78561,91660,1,91660,1
78561,91660,1,91660,1
78561,91660,1,91660,1
78561,91660,1,91660,1
78561,91660,1,91660,1
78561,91660,1,91660,1
78561,91660,1,91660,1
78561,91660,1,91660,1
78561,91660,1,91660,1
78561,91660,1,91660,1
78561,91660,1,91660,1
78561,91660,1,91660,1
78561,91660,1,91660,1
78561,91660,1,91660,1
78561,91660,1,91660,1
78561,91660,1,91660,1
78561,91660,1,91660,1
78561,91660,1,91660,1
78561,91660,1,91660,1
78561,91660,1,91660,1
78561,91660,1,91660,1
78561,91660,1,91660,1
78561,91660,1,91660,1
78561,91660,1,91660,1
78561,91660,1,91660,1
78561,91660,1,91660,1
78561,91660,1,91660,1
78561,91660,1,91660,1
78561,91660,1,91660,1
78561,91660,1,91660,1
78561,91660,1,91660,1
78561,91660,1,91660,1
78561,91660,1,91660,1
78561,91660,1,91651,1
78561,91651,1,91651,1
78561,91651,1,91651,1
78561,91651,1,91651,1
78561,91651,1,91651,1
78561,91651,1,91651,1
78561,91651,1,91651,1
78561,91651,1,91651,1
78561,91651,1,91651,1
78561,91651,1,91651,1
78561,91651,1,91651,1
78561,91651,1,91651,1
78561,91651,1,91651,1
78561,91651,1,91651,1
78561,91651,1,91651,1
78561,91651,1,91651,1
78561,91651,1,91651,1
78561,91651,1,91651,1
78561,91651,1,91651,1
78561,91651,1,91651,1
78561,91651,1,91651,1
78561,91651,1,91651,1
78561,91651,1,91651,1
78561,91651,1,91651,1
78561,91651,1,91651,1
78561,91651,1,91651,1
78561,91651,1,91651,1
78561,91651,1,91651,1
78561,91651,1,91651,1
78561,91651,1,91651,1
78561,91651,1,91651,1
78561,91651,1,91651,1
78561,91651,1,91651,1
78561,91651,1,91651,1
78561,91651,1,91651,1
78561,91651,1,91651,1
78561,91651,1,91651,1
78561,91651,1,91651,1
78561,91651,1,91651,1
78561,91651,1,91651,1
78561,91651,1,91651,1
78561,91651,1,91651,1
78561,91651,1,91651,1
78561,91651,1,91651,1
78561,91651,1,91651,1
78561,91651,1,91651,1
78562,93148,1,93148,1
78562,93148,1,93148,1
78562,93148,1,93148,1
78562,93148,1,93148,1
78562,93148,1,93148,1
78562,93148,1,93148,1
78562,93148,1,93148,1
78562,93148,1,93148,1
78562,93148,1,93148,1
78562,93148,1,93148,1
78562,93148,1,93148,1
78562,93148,1,93148,1
78562,93148,1,93148,1
78562,93148,1,93148,1
78562,93148,1,93148,1
78562,93148,1,93148,1
78562,93148,1,93148,1
78562,93148,1,93148,1
78562,93148,1,93148,1
78562,93148,1,93148,1
78562,93148,1,93148,1
78562,93148,1,93148,1
78562,93148,1,93148,1
78562,93148,1,93148,1
78562,93148,1,93148,1
78562,93148,1,93148,1
78562,93148,1,93148,1
78562,93148,1,93148,1
78562,93148,1,93148,1
78562,93148,1,93148,1
78562,93148,1,93148,1
78562,93148,1,93148,1
78562,93148,1,93148,1
78562,93148,1,93148,1
78562,93148,1,93148,1
78562,93148,1,93148,1
78562,93148,1,93148,1
78562,93148,1,93148,1
78562,93148,1,93148,1
78562,93148,1,93148,1
78562,93148,1,93148,1
78562,93148,1,93148,1
78562,93148,1,93148,1
78562,93148,1,93148,1
78562,93148,1,93148,1
78562,93148,1,93205,1
78562,93205,1,93205,1
78562,93205,1,93205,1
78562,93205,1,93205,1
78562,93205,1,93205,1
78562,93205,1,93205,1
78562,93205,1,93205,1
78562,93205,1,93205,1
78562,93205,1,93205,1
78562,93205,1,93205,1
78562,93205,1,93205,1
78562,93205,1,93205,1
78562,93205,1,93205,1
78562,93205,1,93205,1
78562,93205,1,93205,1
78562,93205,1,93205,1
78562,93205,1,93205,1
78562,93205,1,93205,1
78562,93205,1,93205,1
78562,93205,1,93205,1
78562,93205,1,93205,1
78562,93205,1,93205,1
78562,93205,1,93205,1
78562,93205,1,93205,1
78562,93205,1,93205,1
78562,93205,1,93205,1
78562,93205,1,93205,1
78562,93205,1,93205,1
78562,93205,1,93205,1
78562,93205,1,93205,1
78562,93205,1,93205,1
78562,93205,1,93205,1
78562,93205,1,93205,1
78562,93205,1,93205,1
78562,93205,1,93205,1
78562,93205,1,93205,1
78562,93205,1,93205,1
78562,93205,1,93205,1
78562,93205,1,93205,1
78562,93205,1,93205,1
78562,93205,1,93205,1
78562,93205,1,93205,1
78562,93205,1,93205,1
78562,93205,1,93205,1
78562,93205,1,93205,1
78562,93205,1,93205,1
78562,93205,1,93156,1
78562,93156,1,93156,1
78562,93156,1,93156,1
78562,93156,1,93156,1
78562,93156,1,93156,1
78562,93156,1,93156,1
78562,93156,1,93156,1
78562,93156,1,93156,1
78562,93156,1,93156,1
78562,93156,1,93156,1
78562,93156,1,93156,1
78562,93156,1,93156,1
78562,93156,1,93156,1
78562,93156,1,93156,1
78562,93156,1,93156,1
78562,93156,1,93156,1
78562,93156,1,93156,1
78562,93156,1,93156,1
78562,93156,1,93156,1
78562,93156,1,93156,1
78562,93156,1,93156,1
78562,93156,1,93156,1
78562,93156,1,93156,1
78562,93156,1,93156,1
78562,93156,1,93156,1
78562,93156,1,93156,1
78562,93156,1,93156,1
78562,93156,1,93156,1
78562,93156,1,93156,1
78562,93156,1,93156,1
78562,93156,1,93156,1
78562,93156,1,93156,1
78562,93156,1,93156,1
78562,93156,1,93156,1
78562,93156,1,93156,1
78562,93156,1,93156,1
78562,93156,1,93156,1
78562,93156,1,93156,1
78562,93156,1,93156,1
78562,93156,1,93156,1
78562,93156,1,93156,1
78562,93156,1,93156,1
78562,93156,1,93156,1
78562,93156,1,85106,1
78562,85106,1,85106,1
78562,85106,1,85106,1
78562,85106,1,85106,1
78562,85106,1,85106,1
78562,85106,1,85106,1
78562,85106,1,85106,1
78562,85106,1,85106,1
78562,85106,1,85106,1
78562,85106,1,85106,1
78562,85106,1,85106,1
78562,85106,1,85106,1
78562,85106,1,85106,1
78562,85106,1,85106,1
78562,85106,1,85106,1
78562,85106,1,85106,1
78562,85106,1,85106,1
78562,85106,1,85106,1
78562,85106,1,85106,1
78562,85106,1,85106,1
78562,85106,1,85106,1
78562,85106,1,85106,1
78562,85106,1,85106,1
78562,85106,1,85106,1
78562,85106,1,85106,1
78562,85106,1,85106,1
78562,85106,1,85106,1
78562,85106,1,85106,1
78562,85106,1,85106,1
78562,85106,1,85106,1
78562,85106,1,85106,1
78562,85106,1,85106,1
78562,85106,1,85106,1
78562,85106,1,85106,1
78562,85106,1,85106,1
78562,85106,1,85106,1
78562,85106,1,85106,1
78562,85106,1,85106,1
78562,85106,1,85106,1
78562,85106,1,85106,1
78562,85106,1,85106,1
78562,85106,1,85106,1
78562,85106,1,85106,1
78562,85106,1,85106,1
78562,85106,1,85106,1
78562,85106,1,85106,1
78562,85106,1,85669,1
78562,85669,1,85669,1
78562,85669,1,85669,1
78562,85669,1,85669,1
78562,85669,1,85669,1
78562,85669,1,85669,1
78562,85669,1,85669,1
78562,85669,1,85669,1
78562,85669,1,85669,1
78562,85669,1,85669,1
78562,85669,1,85669,1
78562,85669,1,85669,1
78562,85669,1,85669,1
78562,85669,1,85669,1
78562,85669,1,85669,1
78562,85669,1,85669,1
78562,85669,1,85669,1
78562,85669,1,85669,1
78562,85669,1,85669,1
78562,85669,1,85669,1
78562,85669,1,85669,1
78562,85669,1,85669,1
78562,85669,1,85669,1
78562,85669,1,85669,1
78562,85669,1,85669,1
78562,85669,1,85669,1
78562,85669,1,85669,1
78562,85669,1,85669,1
78562,85669,1,85669,1
78562,85669,1,85669,1
78562,85669,1,85669,1
78562,85669,1,85669,1
78562,85669,1,85669,1
78562,85669,1,85669,1
78562,85669,1,85669,1
78562,85669,1,85669,1
78562,85669,1,85669,1
78562,85669,1,85669,1
78562,85669,1,85669,1
78562,85669,1,85669,1
78562,85669,1,85669,1
78562,85669,1,85669,1
78562,85669,1,85669,1
78562,85669,1,85669,1
78562,85669,1,85669,1
78562,85669,1,85669,1
78562,85669,1,85098,1
78562,85098,1,85098,1
78562,85098,1,85098,1
78562,85098,1,85098,1
78562,85098,1,85098,1
78562,85098,1,85098,1
78562,85098,1,85098,1
78562,85098,1,85098,1
78562,85098,1,85098,1
78562,85098,1,85098,1
78562,85098,1,85098,1
78562,85098,1,85098,1
78562,85098,1,85098,1
78562,85098,1,85098,1
78562,85098,1,85098,1
78562,85098,1,85098,1
78562,85098,1,85098,1
78562,85098,1,85098,1
78562,85098,1,85098,1
78562,85098,1,85098,1
78562,85098,1,85098,1
78562,85098,1,85098,1
78562,85098,1,85098,1
78562,85098,1,85098,1
78562,85098,1,85098,1
78562,85098,1,85098,1
78562,85098,1,85098,1
78562,85098,1,85098,1
78562,85098,1,85098,1
78562,85098,1,85098,1
78562,85098,1,85098,1
78562,85098,1,85098,1
78562,85098,1,85098,1
78562,85098,1,85098,1
78562,85098,1,85098,1
78562,85098,1,85098,1
78562,85098,1,85098,1
78562,85098,1,85098,1
78562,85098,1,85098,1
78562,85098,1,85098,1
78562,85098,1,85098,1
78562,85098,1,85098,1
78562,85098,1,85098,1
78562,85098,1,89269,1
78562,89269,1,89269,1
78562,89269,1,89269,1
78562,89269,1,89269,1
78562,89269,1,89269,1
78562,89269,1,89269,1
78562,89269,1,89269,1
78562,89269,1,89269,1
78562,89269,1,89269,1
78562,89269,1,89269,1
78562,89269,1,89269,1
78562,89269,1,89269,1
78562,89269,1,89269,1
78562,89269,1,89269,1
78562,89269,1,89269,1
78562,89269,1,89269,1
78562,89269,1,89269,1
78562,89269,1,89269,1
78562,89269,1,89269,1
78562,89269,1,89269,1
78562,89269,1,89269,1
78562,89269,1,89269,1
78562,89269,1,89269,1
78562,89269,1,89269,1
78562,89269,1,89269,1
78562,89269,1,89269,1
78562,89269,1,89269,1
78562,89269,1,89269,1
78562,89269,1,89269,1
78562,89269,1,89269,1
78562,89269,1,89269,1
78562,89269,1,89269,1
78562,89269,1,89269,1
78562,89269,1,89269,1
78562,89269,1,89269,1
78562,89269,1,89269,1
78562,89269,1,89269,1
78562,89269,1,89269,1
78562,89269,1,89269,1
78562,89269,1,89269,1
78562,89269,1,89269,1
78562,89269,1,89269,1
78562,89269,1,89269,1
78562,89269,1,89269,1
78562,89269,1,89269,1
78562,89269,1,89269,1
78562,89269,1,89269,1
78562,89269,1,89269,1
78562,89269,1,89269,1
78562,89269,1,89269,1
78562,89269,1,89269,1
78562,89269,1,89269,1
78562,89269,1,89269,1
78562,89269,1,89269,1
78562,89269,1,89269,1
78562,89269,1,89269,1
78562,89269,1,89269,1
78562,89269,1,89269,1
78562,89269,1,89269,1
78562,89269,1,89269,1
78562,89269,1,89269,1
78562,89269,1,89269,1
78562,89269,1,89269,1
78562,89269,1,89269,1
78562,89269,1,89269,1
78562,89269,1,89269,1
78562,89269,1,89269,1
78562,89269,1,89269,1
78562,89269,1,89269,1
78562,89269,1,89269,1
78562,89269,1,89269,1
78562,89269,1,89269,1
78562,89269,1,89269,1
78562,89269,1,89269,1
78562,89269,1,89269,1
78562,89269,1,89269,1
78562,89269,1,89269,1
78562,89269,1,89269,1
78562,89269,1,89269,1
78562,89269,1,89269,1
78562,89269,1,89269,1
78562,89269,1,89269,1
78562,89269,1,89269,1
78562,89269,1,89269,1
78562,89269,1,89269,1
78562,89269,1,89269,1
78562,89269,1,89269,1
78562,89269,1,89269,1
78562,89269,1,89269,1
78562,89269,1,89269,1
78562,89269,1,89269,1
78562,89269,1,89269,1
78562,89269,1,89269,1
78562,89269,1,89269,1
78562,89269,1,89269,1
78562,89269,1,89269,1
78562,89269,1,89269,1
78562,89269,1,89282,1
78562,89282,1,89282,1
78562,89282,1,89282,1
78562,89282,1,89282,1
78562,89282,1,89282,1
78562,89282,1,89282,1
78562,89282,1,89282,1
78562,89282,1,89282,1
78562,89282,1,89282,1
78562,89282,1,89282,1
78562,89282,1,89282,1
78562,89282,1,89282,1
78562,89282,1,89282,1
78562,89282,1,89282,1
78562,89282,1,89282,1
78562,89282,1,89282,1
78562,89282,1,89282,1
78562,89282,1,89282,1
78562,89282,1,89282,1
78562,89282,1,89282,1
78562,89282,1,89282,1
78562,89282,1,89282,1
78562,89282,1,89282,1
78562,89282,1,89282,1
78562,89282,1,89282,1
78562,89282,1,89282,1
78562,89282,1,89282,1
78562,89282,1,89282,1
78562,89282,1,89282,1
78562,89282,1,89282,1
78562,89282,1,89282,1
78562,89282,1,89282,1
78562,89282,1,89282,1
78562,89282,1,89282,1
78562,89282,1,89282,1
78562,89282,1,89282,1
78562,89282,1,89282,1
78562,89282,1,89282,1
78562,89282,1,89282,1
78562,89282,1,89282,1
78562,89282,1,89282,1
78562,89282,1,89282,1
78562,89282,1,89282,1
78562,89282,1,89282,1
78562,89282,1,89282,1
78562,89282,1,89282,1
78562,89282,1,89282,1
78562,89282,1,89282,1
78562,89282,1,89282,1
78562,89282,1,89282,1
78562,89282,1,89282,1
78562,89282,1,89282,1
78562,89282,1,89282,1
78562,89282,1,89282,1
78562,89282,1,89282,1
78562,89282,1,89282,1
78562,89282,1,89282,1
78562,89282,1,89282,1
78562,89282,1,89282,1
78562,89282,1,89282,1
78562,89282,1,89282,1
78562,89282,1,89282,1
78562,89282,1,89282,1
78562,89282,1,89282,1
78562,89282,1,89282,1
78562,89282,1,89282,1
78562,89282,1,89282,1
78562,89282,1,89282,1
78562,89282,1,89282,1
78562,89282,1,89282,1
78562,89282,1,89282,1
78562,89282,1,89282,1
78562,89282,1,89282,1
78562,89282,1,89282,1
78562,89282,1,89282,1
78562,89282,1,89282,1
78562,89282,1,89282,1
78562,89282,1,89282,1
78562,89282,1,89282,1
78562,89282,1,89282,1
78562,89282,1,89282,1
78562,89282,1,89282,1
78562,89282,1,89282,1
78562,89282,1,89282,1
78562,89282,1,89282,1
78562,89282,1,89282,1
78562,89282,1,89282,1
78562,89282,1,89282,1
78562,89282,1,89282,1
78562,89282,1,89282,1
78562,89282,1,89282,1
78562,89282,1,89282,1
78562,89282,1,89282,1
78562,89282,1,89282,1
78562,89282,1,89282,1
78562,89282,1,89282,1
78562,89282,1,89282,1
78562,89282,1,91396,1
78562,91396,1,91396,1
78562,91396,1,91396,1
78562,91396,1,91396,1
78562,91396,1,91396,1
78562,91396,1,91396,1
78562,91396,1,91396,1
78562,91396,1,91396,1
78562,91396,1,91396,1
78562,91396,1,91396,1
78562,91396,1,91396,1
78562,91396,1,91396,1
78562,91396,1,91396,1
78562,91396,1,91396,1
78562,91396,1,91396,1
78562,91396,1,91396,1
78562,91396,1,91396,1
78562,91396,1,91396,1
78562,91396,1,91396,1
78562,91396,1,91396,1
78562,91396,1,91396,1
78562,91396,1,91396,1
78562,91396,1,91396,1
78562,91396,1,91396,1
78562,91396,1,91396,1
78562,91396,1,91396,1
78562,91396,1,91396,1
78562,91396,1,91396,1
78562,91396,1,91396,1
78562,91396,1,91396,1
78562,91396,1,91396,1
78562,91396,1,91396,1
78562,91396,1,91396,1
78562,91396,1,91396,1
78562,91396,1,91396,1
78562,91396,1,91396,1
78562,91396,1,91396,1
78562,91396,1,91396,1
78562,91396,1,91396,1
78562,91396,1,91396,1
78562,91396,1,91396,1
78562,91396,1,91396,1
78562,91396,1,91396,1
78562,91396,1,91396,1
78562,91396,1,91396,1
78562,91396,1,91396,1
78562,91396,1,91396,1
78562,91396,1,89278,1
78562,89278,1,89278,1
78562,89278,1,89278,1
78562,89278,1,89278,1
78562,89278,1,89278,1
78562,89278,1,89278,1
78562,89278,1,89278,1
78562,89278,1,89278,1
78562,89278,1,89278,1
78562,89278,1,89278,1
78562,89278,1,89278,1
78562,89278,1,89278,1
78562,89278,1,89278,1
78562,89278,1,89278,1
78562,89278,1,89278,1
78562,89278,1,89278,1
78562,89278,1,89278,1
78562,89278,1,89278,1
78562,89278,1,89278,1
78562,89278,1,89278,1
78562,89278,1,89278,1
78562,89278,1,89278,1
78562,89278,1,89278,1
78562,89278,1,89278,1
78562,89278,1,89278,1
78562,89278,1,89278,1
78562,89278,1,89278,1
78562,89278,1,89278,1
78562,89278,1,89278,1
78562,89278,1,89278,1
78562,89278,1,89278,1
78562,89278,1,89278,1
78562,89278,1,89278,1
78562,89278,1,89278,1
78562,89278,1,89278,1
78562,89278,1,89278,1
78562,89278,1,89278,1
78562,89278,1,89278,1
78562,89278,1,89278,1
78562,89278,1,89278,1
78562,89278,1,89278,1
78562,89278,1,89278,1
78562,89278,1,89278,1
78562,89278,1,89278,1
78562,89278,1,89278,1
78562,89278,1,89278,1
78562,89278,1,89278,1
78562,89278,1,89780,1
78562,89780,1,89780,1
78562,89780,1,89780,1
78562,89780,1,89780,1
78562,89780,1,89780,1
78562,89780,1,89780,1
78562,89780,1,89780,1
78562,89780,1,89780,1
78562,89780,1,89780,1
78562,89780,1,89780,1
78562,89780,1,89780,1
78562,89780,1,89780,1
78562,89780,1,89780,1
78562,89780,1,89780,1
78562,89780,1,89780,1
78562,89780,1,89780,1
78562,89780,1,89780,1
78562,89780,1,89780,1
78562,89780,1,89780,1
78562,89780,1,89780,1
78562,89780,1,89780,1
78562,89780,1,89780,1
78562,89780,1,89780,1
78562,89780,1,89780,1
78562,89780,1,89780,1
78562,89780,1,89780,1
78562,89780,1,89780,1
78562,89780,1,89780,1
78562,89780,1,89780,1
78562,89780,1,89780,1
78562,89780,1,89780,1
78562,89780,1,89780,1
78562,89780,1,89780,1
78562,89780,1,89780,1
78562,89780,1,89780,1
78562,89780,1,89780,1
78562,89780,1,89780,1
78562,89780,1,89780,1
78562,89780,1,89780,1
78562,89780,1,89780,1
78562,89780,1,89780,1
78562,89780,1,89780,1
78562,89780,1,89780,1
78562,89780,1,89780,1
78562,89780,1,89780,1
78562,89780,1,89780,1
78562,89780,1,89780,1
78562,89780,1,89780,1
78562,89780,1,89780,1
78562,89780,1,89780,1
78562,89780,1,89780,1
78562,89780,1,89780,1
78562,89780,1,89780,1
78562,89780,1,89780,1
78562,89780,1,89780,1
78562,89780,1,89780,1
78562,89780,1,89780,1
78562,89780,1,89780,1
78562,89780,1,89780,1
78562,89780,1,89780,1
78562,89780,1,89780,1
78562,89780,1,89780,1
78562,89780,1,89780,1
78562,89780,1,89780,1
78562,89780,1,89780,1
78562,89780,1,89780,1
78562,89780,1,89780,1
78562,89780,1,89780,1
78562,89780,1,89780,1
78562,89780,1,89780,1
78562,89780,1,89780,1
78562,89780,1,89780,1
78562,89780,1,89780,1
78562,89780,1,89780,1
78562,89780,1,89780,1
78562,89780,1,89780,1
78562,89780,1,89780,1
78562,89780,1,89780,1
78562,89780,1,89780,1
78562,89780,1,89780,1
78562,89780,1,89780,1
78562,89780,1,89780,1
78562,89780,1,89780,1
78562,89780,1,89780,1
78562,89780,1,89780,1
78562,89780,1,89780,1
78562,89780,1,89780,1
78562,89780,1,89780,1
78562,89780,1,89780,1
78562,89780,1,89780,1
78562,89780,1,89780,1
78562,89780,1,89780,1
78562,89780,1,89780,1
78562,89780,1,91642,0
78562,91642,0,91642,0
78562,91642,0,91642,0
78562,91642,0,91642,0
78562,91642,0,91642,0
78562,91642,0,91642,0
78562,91642,0,91642,0
78562,91642,0,91642,0
78562,91642,0,91642,0
78562,91642,0,91642,0
78562,91642,0,91642,0
78562,91642,0,91642,0
78562,91642,0,91642,0
78562,91642,0,91642,0
78562,91642,0,91642,0
78562,91642,0,91642,0
78562,91642,0,91642,0
78562,91642,0,91642,0
78562,91642,0,91642,0
78562,91642,0,91642,0
78562,91642,0,91642,0
78562,91642,0,91642,0
78562,91642,0,91642,0
78562,91642,0,91642,0
78562,91642,0,91642,0
78562,91642,0,91642,0
78562,91642,0,91642,0
78562,91642,0,91642,0
78562,91642,0,91642,0
78562,91642,0,91642,0
78562,91642,0,91642,0
78562,91642,0,91642,0
78562,91642,0,91642,0
78562,91642,0,91642,0
78562,91642,0,91642,0
78562,91642,0,91642,0
78562,91642,0,91642,0
78562,91642,0,91642,0
78562,91642,0,91642,0
78562,91642,0,91642,0
78562,91642,0,91642,0
78562,91642,0,91642,0
78562,91642,0,91642,0
78562,91642,0,91642,0
78562,91642,0,91642,0
78562,91642,0,91642,0
78562,91642,0,89818,1
78562,89818,1,89818,1
78562,89818,1,89818,1
78562,89818,1,89818,1
78562,89818,1,89818,1
78562,89818,1,89818,1
78562,89818,1,89818,1
78562,89818,1,89818,1
78562,89818,1,89818,1
78562,89818,1,89818,1
78562,89818,1,89818,1
78562,89818,1,89818,1
78562,89818,1,89818,1
78562,89818,1,89818,1
78562,89818,1,89818,1
78562,89818,1,89818,1
78562,89818,1,89818,1
78562,89818,1,89818,1
78562,89818,1,89818,1
78562,89818,1,89818,1
78562,89818,1,89818,1
78562,89818,1,89818,1
78562,89818,1,89818,1
78562,89818,1,89818,1
78562,89818,1,89818,1
78562,89818,1,89818,1
78562,89818,1,89818,1
78562,89818,1,89818,1
78562,89818,1,89818,1
78562,89818,1,89818,1
78562,89818,1,89818,1
78562,89818,1,89818,1
78562,89818,1,89818,1
78562,89818,1,89818,1
78562,89818,1,89818,1
78562,89818,1,89818,1
78562,89818,1,89818,1
78562,89818,1,89818,1
78562,89818,1,89818,1
78562,89818,1,89818,1
78562,89818,1,89818,1
78562,89818,1,89818,1
78562,89818,1,89818,1
78562,89818,1,89818,1
78562,89818,1,89818,1
78562,89818,1,89818,1
78562,89818,1,89818,1
78562,89818,1,89818,1
78562,89818,1,89818,1
78562,89818,1,89818,1
78562,89818,1,89818,1
78562,89818,1,89818,1
78562,89818,1,89818,1
78562,89818,1,89818,1
78562,89818,1,89818,1
78562,89818,1,89818,1
78562,89818,1,89818,1
78562,89818,1,89818,1
78562,89818,1,89818,1
78562,89818,1,89818,1
78562,89818,1,89818,1
78562,89818,1,89818,1
78562,89818,1,89818,1
78562,89818,1,89818,1
78562,89818,1,89818,1
78562,89818,1,89818,1
78562,89818,1,89818,1
78562,89818,1,89818,1
78562,89818,1,89818,1
78562,89818,1,89818,1
78562,89818,1,89818,1
78562,89818,1,89818,1
78562,89818,1,89818,1
78562,89818,1,89818,1
78562,89818,1,89818,1
78562,89818,1,89818,1
78562,89818,1,89818,1
78562,89818,1,89818,1
78562,89818,1,89818,1
78562,89818,1,89818,1
78562,89818,1,89818,1
78562,89818,1,89818,1
78562,89818,1,89818,1
78562,89818,1,89818,1
78562,89818,1,89818,1
78562,89818,1,89818,1
78562,89818,1,89818,1
78562,89818,1,89818,1
78562,89818,1,89818,1
78562,89818,1,89818,1
78562,89818,1,89818,1
78562,89818,1,89818,1
78562,89818,1,89818,1
78562,89818,1,89844,1
78562,89844,1,89844,1
78562,89844,1,89844,1
78562,89844,1,89844,1
78562,89844,1,89844,1
78562,89844,1,89844,1
78562,89844,1,89844,1
78562,89844,1,89844,1
78562,89844,1,89844,1
78562,89844,1,89844,1
78562,89844,1,89844,1
78562,89844,1,89844,1
78562,89844,1,89844,1
78562,89844,1,89844,1
78562,89844,1,89844,1
78562,89844,1,89844,1
78562,89844,1,89844,1
78562,89844,1,89844,1
78562,89844,1,89844,1
78562,89844,1,89844,1
78562,89844,1,89844,1
78562,89844,1,89844,1
78562,89844,1,89844,1
78562,89844,1,89844,1
78562,89844,1,89844,1
78562,89844,1,89844,1
78562,89844,1,89844,1
78562,89844,1,89844,1
78562,89844,1,89844,1
78562,89844,1,89844,1
78562,89844,1,89844,1
78562,89844,1,89844,1
78562,89844,1,89844,1
78562,89844,1,89844,1
78562,89844,1,89844,1
78562,89844,1,89844,1
78562,89844,1,89844,1
78562,89844,1,89844,1
78562,89844,1,89844,1
78562,89844,1,89844,1
78562,89844,1,89844,1
78562,89844,1,89844,1
78562,89844,1,89844,1
78562,89844,1,89844,1
78562,89844,1,89820,1
78562,89820,1,89820,1
78562,89820,1,89820,1
78562,89820,1,89820,1
78562,89820,1,89820,1
78562,89820,1,89820,1
78562,89820,1,89820,1
78562,89820,1,89820,1
78562,89820,1,89820,1
78562,89820,1,89820,1
78562,89820,1,89820,1
78562,89820,1,89820,1
78562,89820,1,89820,1
78562,89820,1,89820,1
78562,89820,1,89820,1
78562,89820,1,89820,1
78562,89820,1,89820,1
78562,89820,1,89820,1
78562,89820,1,89820,1
78562,89820,1,89820,1
78562,89820,1,89820,1
78562,89820,1,89820,1
78562,89820,1,89820,1
78562,89820,1,89820,1
78562,89820,1,89820,1
78562,89820,1,89820,1
78562,89820,1,89820,1
78562,89820,1,89820,1
78562,89820,1,89820,1
78562,89820,1,89820,1
78562,89820,1,89820,1
78562,89820,1,89820,1
78562,89820,1,89820,1
78562,89820,1,89820,1
78562,89820,1,89820,1
78562,89820,1,89820,1
78562,89820,1,89820,1
78562,89820,1,89820,1
78562,89820,1,89820,1
78562,89820,1,89820,1
78562,89820,1,89820,1
78562,89820,1,89820,1
78562,89820,1,89820,1
78562,89820,1,89820,1
78562,89820,1,89820,1
78562,89820,1,89820,1
78562,89820,1,173906,1
78562,173906,1,173917,1
78562,173917,1,173968,1
78562,173968,1,174019,0
78562,174019,0,173998,0
78562,173998,0,173969,1
78562,173969,1,173960,1
78562,173960,1,173994,1
78562,173994,1,91663,1
78562,91663,1,91663,1
78562,91663,1,91663,1
78562,91663,1,91663,1
78562,91663,1,91663,1
78562,91663,1,91663,1
78562,91663,1,91663,1
78562,91663,1,91663,1
78562,91663,1,91663,1
78562,91663,1,91663,1
78562,91663,1,91663,1
78562,91663,1,91663,1
78562,91663,1,91663,1
78562,91663,1,91663,1
78562,91663,1,91663,1
78562,91663,1,91663,1
78562,91663,1,91663,1
78562,91663,1,91663,1
78562,91663,1,91663,1
78562,91663,1,91663,1
78562,91663,1,91663,1
78562,91663,1,91663,1
78562,91663,1,91663,1
78562,91663,1,91663,1
78562,91663,1,91663,1
78562,91663,1,91663,1
78562,91663,1,91663,1
78562,91663,1,91663,1
78562,91663,1,91663,1
78562,91663,1,91663,1
78562,91663,1,91663,1
78562,91663,1,91663,1
78562,91663,1,91663,1
78562,91663,1,91663,1
78562,91663,1,91663,1
78562,91663,1,91663,1
78562,91663,1,91663,1
78562,91663,1,91663,1
78562,91663,1,91663,1
78562,91663,1,91663,1
78562,91663,1,91663,1
78562,91663,1,91663,1
78562,91663,1,91663,1
78562,91663,1,91663,1
78562,91663,1,91663,1
78562,91663,1,91663,1
78562,91663,1,91664,1
78562,91664,1,91664,1
78562,91664,1,91664,1
78562,91664,1,91664,1
78562,91664,1,91664,1
78562,91664,1,91664,1
78562,91664,1,91664,1
78562,91664,1,91664,1
78562,91664,1,91664,1
78562,91664,1,91664,1
78562,91664,1,91664,1
78562,91664,1,91664,1
78562,91664,1,91664,1
78562,91664,1,91664,1
78562,91664,1,91664,1
78562,91664,1,91664,1
78562,91664,1,91664,1
78562,91664,1,91664,1
78562,91664,1,91664,1
78562,91664,1,91664,1
78562,91664,1,91664,1
78562,91664,1,91664,1
78562,91664,1,91664,1
78562,91664,1,91664,1
78562,91664,1,91664,1
78562,91664,1,91664,1
78562,91664,1,91664,1
78562,91664,1,91664,1
78562,91664,1,91664,1
78562,91664,1,91664,1
78562,91664,1,91664,1
78562,91664,1,91664,1
78562,91664,1,91664,1
78562,91664,1,91664,1
78562,91664,1,91664,1
78562,91664,1,91664,1
78562,91664,1,91664,1
78562,91664,1,91664,1
78562,91664,1,91664,1
78562,91664,1,91664,1
78562,91664,1,91664,1
78562,91664,1,91664,1
78562,91664,1,91664,1
78562,91664,1,91664,1
78562,91664,1,91664,1
78562,91664,1,91664,1
78564,93189,1,93189,1
78564,93189,1,93189,1
78564,93189,1,93189,1
78564,93189,1,93189,1
78564,93189,1,93189,1
78564,93189,1,93189,1
78564,93189,1,93189,1
78564,93189,1,93189,1
78564,93189,1,93189,1
78564,93189,1,93189,1
78564,93189,1,93189,1
78564,93189,1,93189,1
78564,93189,1,93189,1
78564,93189,1,93189,1
78564,93189,1,93189,1
78564,93189,1,93189,1
78564,93189,1,93189,1
78564,93189,1,93189,1
78564,93189,1,93189,1
78564,93189,1,93189,1
78564,93189,1,93189,1
78564,93189,1,93189,1
78564,93189,1,93189,1
78564,93189,1,93189,1
78564,93189,1,93189,1
78564,93189,1,93189,1
78564,93189,1,93189,1
78564,93189,1,93189,1
78564,93189,1,93189,1
78564,93189,1,93189,1
78564,93189,1,93189,1
78564,93189,1,93189,1
78564,93189,1,93189,1
78564,93189,1,93189,1
78564,93189,1,93189,1
78564,93189,1,93189,1
78564,93189,1,93189,1
78564,93189,1,93189,1
78564,93189,1,93189,1
78564,93189,1,93189,1
78564,93189,1,93189,1
78564,93189,1,93189,1
78564,93189,1,93189,1
78564,93189,1,93189,1
78564,93189,1,93189,1
78564,93189,1,93227,1
78564,93227,1,93227,1
78564,93227,1,93227,1
78564,93227,1,93227,1
78564,93227,1,93227,1
78564,93227,1,93227,1
78564,93227,1,93227,1
78564,93227,1,93227,1
78564,93227,1,93227,1
78564,93227,1,93227,1
78564,93227,1,93227,1
78564,93227,1,93227,1
78564,93227,1,93227,1
78564,93227,1,93227,1
78564,93227,1,93227,1
78564,93227,1,93227,1
78564,93227,1,93227,1
78564,93227,1,93227,1
78564,93227,1,93227,1
78564,93227,1,93227,1
78564,93227,1,93227,1
78564,93227,1,93227,1
78564,93227,1,93227,1
78564,93227,1,93227,1
78564,93227,1,93227,1
78564,93227,1,93227,1
78564,93227,1,93227,1
78564,93227,1,93227,1
78564,93227,1,93227,1
78564,93227,1,93227,1
78564,93227,1,93227,1
78564,93227,1,93227,1
78564,93227,1,93227,1
78564,93227,1,93227,1
78564,93227,1,93227,1
78564,93227,1,93227,1
78564,93227,1,93227,1
78564,93227,1,93227,1
78564,93227,1,93227,1
78564,93227,1,93227,1
78564,93227,1,93227,1
78564,93227,1,93227,1
78564,93227,1,93227,1
78564,93227,1,93227,1
78564,93227,1,93227,1
78564,93227,1,93227,1
78564,93227,1,93160,1
78564,93160,1,93160,1
78564,93160,1,93160,1
78564,93160,1,93160,1
78564,93160,1,93160,1
78564,93160,1,93160,1
78564,93160,1,93160,1
78564,93160,1,93160,1
78564,93160,1,93160,1
78564,93160,1,93160,1
78564,93160,1,93160,1
78564,93160,1,93160,1
78564,93160,1,93160,1
78564,93160,1,93160,1
78564,93160,1,93160,1
78564,93160,1,93160,1
78564,93160,1,93160,1
78564,93160,1,93160,1
78564,93160,1,93160,1
78564,93160,1,93160,1
78564,93160,1,93160,1
78564,93160,1,93160,1
78564,93160,1,93160,1
78564,93160,1,93160,1
78564,93160,1,93160,1
78564,93160,1,93160,1
78564,93160,1,93160,1
78564,93160,1,93160,1
78564,93160,1,93160,1
78564,93160,1,93160,1
78564,93160,1,93160,1
78564,93160,1,93160,1
78564,93160,1,93160,1
78564,93160,1,93160,1
78564,93160,1,93160,1
78564,93160,1,93160,1
78564,93160,1,93160,1
78564,93160,1,93160,1
78564,93160,1,93160,1
78564,93160,1,93160,1
78564,93160,1,93160,1
78564,93160,1,93160,1
78564,93160,1,93160,1
78564,93160,1,85099,1
78564,85099,1,85099,1
78564,85099,1,85099,1
78564,85099,1,85099,1
78564,85099,1,85099,1
78564,85099,1,85099,1
78564,85099,1,85099,1
78564,85099,1,85099,1
78564,85099,1,85099,1
78564,85099,1,85099,1
78564,85099,1,85099,1
78564,85099,1,85099,1
78564,85099,1,85099,1
78564,85099,1,85099,1
78564,85099,1,85099,1
78564,85099,1,85099,1
78564,85099,1,85099,1
78564,85099,1,85099,1
78564,85099,1,85099,1
78564,85099,1,85099,1
78564,85099,1,85099,1
78564,85099,1,85099,1
78564,85099,1,85099,1
78564,85099,1,85099,1
78564,85099,1,85099,1
78564,85099,1,85099,1
78564,85099,1,85099,1
78564,85099,1,85099,1
78564,85099,1,85099,1
78564,85099,1,85099,1
78564,85099,1,85099,1
78564,85099,1,85099,1
78564,85099,1,85099,1
78564,85099,1,85099,1
78564,85099,1,85099,1
78564,85099,1,85099,1
78564,85099,1,85099,1
78564,85099,1,85099,1
78564,85099,1,85099,1
78564,85099,1,85099,1
78564,85099,1,85099,1
78564,85099,1,85099,1
78564,85099,1,85099,1
78564,85099,1,85099,1
78564,85099,1,85099,1
78564,85099,1,85099,1
78564,85099,1,85678,1
78564,85678,1,85678,1
78564,85678,1,85678,1
78564,85678,1,85678,1
78564,85678,1,85678,1
78564,85678,1,85678,1
78564,85678,1,85678,1
78564,85678,1,85678,1
78564,85678,1,85678,1
78564,85678,1,85678,1
78564,85678,1,85678,1
78564,85678,1,85678,1
78564,85678,1,85678,1
78564,85678,1,85678,1
78564,85678,1,85678,1
78564,85678,1,85678,1
78564,85678,1,85678,1
78564,85678,1,85678,1
78564,85678,1,85678,1
78564,85678,1,85678,1
78564,85678,1,85678,1
78564,85678,1,85678,1
78564,85678,1,85678,1
78564,85678,1,85678,1
78564,85678,1,85678,1
78564,85678,1,85678,1
78564,85678,1,85678,1
78564,85678,1,85678,1
78564,85678,1,85678,1
78564,85678,1,85678,1
78564,85678,1,85678,1
78564,85678,1,85678,1
78564,85678,1,85678,1
78564,85678,1,85678,1
78564,85678,1,85678,1
78564,85678,1,85678,1
78564,85678,1,85678,1
78564,85678,1,85678,1
78564,85678,1,85678,1
78564,85678,1,85678,1
78564,85678,1,85678,1
78564,85678,1,85678,1
78564,85678,1,85678,1
78564,85678,1,85678,1
78564,85678,1,85678,1
78564,85678,1,85678,1
78564,85678,1,86099,1
78564,86099,1,86099,1
78564,86099,1,86099,1
78564,86099,1,86099,1
78564,86099,1,86099,1
78564,86099,1,86099,1
78564,86099,1,86099,1
78564,86099,1,86099,1
78564,86099,1,86099,1
78564,86099,1,86099,1
78564,86099,1,86099,1
78564,86099,1,86099,1
78564,86099,1,86099,1
78564,86099,1,86099,1
78564,86099,1,86099,1
78564,86099,1,86099,1
78564,86099,1,86099,1
78564,86099,1,86099,1
78564,86099,1,86099,1
78564,86099,1,86099,1
78564,86099,1,86099,1
78564,86099,1,86099,1
78564,86099,1,86099,1
78564,86099,1,86099,1
78564,86099,1,86099,1
78564,86099,1,86099,1
78564,86099,1,86099,1
78564,86099,1,86099,1
78564,86099,1,86099,1
78564,86099,1,86099,1
78564,86099,1,86099,1
78564,86099,1,86099,1
78564,86099,1,86099,1
78564,86099,1,86099,1
78564,86099,1,86099,1
78564,86099,1,86099,1
78564,86099,1,86099,1
78564,86099,1,86099,1
78564,86099,1,86099,1
78564,86099,1,86099,1
78564,86099,1,86099,1
78564,86099,1,86099,1
78564,86099,1,86099,1
78564,86099,1,89292,1
78564,89292,1,89292,1
78564,89292,1,89292,1
78564,89292,1,89292,1
78564,89292,1,89292,1
78564,89292,1,89292,1
78564,89292,1,89292,1
78564,89292,1,89292,1
78564,89292,1,89292,1
78564,89292,1,89292,1
78564,89292,1,89292,1
78564,89292,1,89292,1
78564,89292,1,89292,1
78564,89292,1,89292,1
78564,89292,1,89292,1
78564,89292,1,89292,1
78564,89292,1,89292,1
78564,89292,1,89292,1
78564,89292,1,89292,1
78564,89292,1,89292,1
78564,89292,1,89292,1
78564,89292,1,89292,1
78564,89292,1,89292,1
78564,89292,1,89292,1
78564,89292,1,89292,1
78564,89292,1,89292,1
78564,89292,1,89292,1
78564,89292,1,89292,1
78564,89292,1,89292,1
78564,89292,1,89292,1
78564,89292,1,89292,1
78564,89292,1,89292,1
78564,89292,1,89292,1
78564,89292,1,89292,1
78564,89292,1,89292,1
78564,89292,1,89292,1
78564,89292,1,89292,1
78564,89292,1,89292,1
78564,89292,1,89292,1
78564,89292,1,89292,1
78564,89292,1,89292,1
78564,89292,1,89292,1
78564,89292,1,89292,1
78564,89292,1,89292,1
78564,89292,1,89292,1
78564,89292,1,89292,1
78564,89292,1,89292,1
78564,89292,1,89292,1
78564,89292,1,89292,1
78564,89292,1,89292,1
78564,89292,1,89292,1
78564,89292,1,89292,1
78564,89292,1,89292,1
78564,89292,1,89292,1
78564,89292,1,89292,1
78564,89292,1,89292,1
78564,89292,1,89292,1
78564,89292,1,89292,1
78564,89292,1,89292,1
78564,89292,1,89292,1
78564,89292,1,89292,1
78564,89292,1,89292,1
78564,89292,1,89292,1
78564,89292,1,89292,1
78564,89292,1,89292,1
78564,89292,1,89292,1
78564,89292,1,89292,1
78564,89292,1,89292,1
78564,89292,1,89292,1
78564,89292,1,89292,1
78564,89292,1,89292,1
78564,89292,1,89292,1
78564,89292,1,89292,1
78564,89292,1,89292,1
78564,89292,1,89292,1
78564,89292,1,89292,1
78564,89292,1,89292,1
78564,89292,1,89292,1
78564,89292,1,89292,1
78564,89292,1,89292,1
78564,89292,1,89292,1
78564,89292,1,89292,1
78564,89292,1,89292,1
78564,89292,1,89292,1
78564,89292,1,89292,1
78564,89292,1,89292,1
78564,89292,1,89292,1
78564,89292,1,89292,1
78564,89292,1,89292,1
78564,89292,1,89292,1
78564,89292,1,89292,1
78564,89292,1,89292,1
78564,89292,1,89292,1
78564,89292,1,89292,1
78564,89292,1,89292,1
78564,89292,1,89292,1
78564,89292,1,89292,1
78564,89292,1,89238,1
78564,89238,1,89238,1
78564,89238,1,89238,1
78564,89238,1,89238,1
78564,89238,1,89238,1
78564,89238,1,89238,1
78564,89238,1,89238,1
78564,89238,1,89238,1
78564,89238,1,89238,1
78564,89238,1,89238,1
78564,89238,1,89238,1
78564,89238,1,89238,1
78564,89238,1,89238,1
78564,89238,1,89238,1
78564,89238,1,89238,1
78564,89238,1,89238,1
78564,89238,1,89238,1
78564,89238,1,89238,1
78564,89238,1,89238,1
78564,89238,1,89238,1
78564,89238,1,89238,1
78564,89238,1,89238,1
78564,89238,1,89238,1
78564,89238,1,89238,1
78564,89238,1,89238,1
78564,89238,1,89238,1
78564,89238,1,89238,1
78564,89238,1,89238,1
78564,89238,1,89238,1
78564,89238,1,89238,1
78564,89238,1,89238,1
78564,89238,1,89238,1
78564,89238,1,89238,1
78564,89238,1,89238,1
78564,89238,1,89238,1
78564,89238,1,89238,1
78564,89238,1,89238,1
78564,89238,1,89238,1
78564,89238,1,89238,1
78564,89238,1,89238,1
78564,89238,1,89238,1
78564,89238,1,89238,1
78564,89238,1,89238,1
78564,89238,1,89238,1
78564,89238,1,89238,1
78564,89238,1,89238,1
78564,89238,1,89238,1
78564,89238,1,89238,1
78564,89238,1,89238,1
78564,89238,1,89238,1
78564,89238,1,89238,1
78564,89238,1,89238,1
78564,89238,1,89238,1
78564,89238,1,89238,1
78564,89238,1,89238,1
78564,89238,1,89238,1
78564,89238,1,89238,1
78564,89238,1,89238,1
78564,89238,1,89238,1
78564,89238,1,89238,1
78564,89238,1,89238,1
78564,89238,1,89238,1
78564,89238,1,89238,1
78564,89238,1,89238,1
78564,89238,1,89238,1
78564,89238,1,89238,1
78564,89238,1,89238,1
78564,89238,1,89238,1
78564,89238,1,89238,1
78564,89238,1,89238,1
78564,89238,1,89238,1
78564,89238,1,89238,1
78564,89238,1,89238,1
78564,89238,1,89238,1
78564,89238,1,89238,1
78564,89238,1,89238,1
78564,89238,1,89238,1
78564,89238,1,89238,1
78564,89238,1,89238,1
78564,89238,1,89238,1
78564,89238,1,89238,1
78564,89238,1,89238,1
78564,89238,1,89238,1
78564,89238,1,89238,1
78564,89238,1,89238,1
78564,89238,1,89238,1
78564,89238,1,89238,1
78564,89238,1,89238,1
78564,89238,1,89238,1
78564,89238,1,89238,1
78564,89238,1,89238,1
78564,89238,1,89238,1
78564,89238,1,89238,1
78564,89238,1,89238,1
78564,89238,1,89238,1
78564,89238,1,89238,1
78564,89238,1,89238,1
78564,89238,1,91400,1
78564,91400,1,91400,1
78564,91400,1,91400,1
78564,91400,1,91400,1
78564,91400,1,91400,1
78564,91400,1,91400,1
78564,91400,1,91400,1
78564,91400,1,91400,1
78564,91400,1,91400,1
78564,91400,1,91400,1
78564,91400,1,91400,1
78564,91400,1,91400,1
78564,91400,1,91400,1
78564,91400,1,91400,1
78564,91400,1,91400,1
78564,91400,1,91400,1
78564,91400,1,91400,1
78564,91400,1,91400,1
78564,91400,1,91400,1
78564,91400,1,91400,1
78564,91400,1,91400,1
78564,91400,1,91400,1
78564,91400,1,91400,1
78564,91400,1,91400,1
78564,91400,1,91400,1
78564,91400,1,91400,1
78564,91400,1,91400,1
78564,91400,1,91400,1
78564,91400,1,91400,1
78564,91400,1,91400,1
78564,91400,1,91400,1
78564,91400,1,91400,1
78564,91400,1,91400,1
78564,91400,1,91400,1
78564,91400,1,91400,1
78564,91400,1,91400,1
78564,91400,1,91400,1
78564,91400,1,91400,1
78564,91400,1,91400,1
78564,91400,1,91400,1
78564,91400,1,91400,1
78564,91400,1,91400,1
78564,91400,1,91400,1
78564,91400,1,91400,1
78564,91400,1,91400,1
78564,91400,1,91400,1
78564,91400,1,91400,1
78564,91400,1,89284,1
78564,89284,1,89284,1
78564,89284,1,89284,1
78564,89284,1,89284,1
78564,89284,1,89284,1
78564,89284,1,89284,1
78564,89284,1,89284,1
78564,89284,1,89284,1
78564,89284,1,89284,1
78564,89284,1,89284,1
78564,89284,1,89284,1
78564,89284,1,89284,1
78564,89284,1,89284,1
78564,89284,1,89284,1
78564,89284,1,89284,1
78564,89284,1,89284,1
78564,89284,1,89284,1
78564,89284,1,89284,1
78564,89284,1,89284,1
78564,89284,1,89284,1
78564,89284,1,89284,1
78564,89284,1,89284,1
78564,89284,1,89284,1
78564,89284,1,89284,1
78564,89284,1,89284,1
78564,89284,1,89284,1
78564,89284,1,89284,1
78564,89284,1,89284,1
78564,89284,1,89284,1
78564,89284,1,89284,1
78564,89284,1,89284,1
78564,89284,1,89284,1
78564,89284,1,89284,1
78564,89284,1,89284,1
78564,89284,1,89284,1
78564,89284,1,89284,1
78564,89284,1,89284,1
78564,89284,1,89284,1
78564,89284,1,89284,1
78564,89284,1,89284,1
78564,89284,1,89284,1
78564,89284,1,89284,1
78564,89284,1,89284,1
78564,89284,1,89284,1
78564,89284,1,89284,1
78564,89284,1,89284,1
78564,89284,1,89284,1
78564,89284,1,89765,0
78564,89765,0,89765,0
78564,89765,0,89765,0
78564,89765,0,89765,0
78564,89765,0,89765,0
78564,89765,0,89765,0
78564,89765,0,89765,0
78564,89765,0,89765,0
78564,89765,0,89765,0
78564,89765,0,89765,0
78564,89765,0,89765,0
78564,89765,0,89765,0
78564,89765,0,89765,0
78564,89765,0,89765,0
78564,89765,0,89765,0
78564,89765,0,89765,0
78564,89765,0,89765,0
78564,89765,0,89765,0
78564,89765,0,89765,0
78564,89765,0,89765,0
78564,89765,0,89765,0
78564,89765,0,89765,0
78564,89765,0,89765,0
78564,89765,0,89765,0
78564,89765,0,89765,0
78564,89765,0,89765,0
78564,89765,0,89765,0
78564,89765,0,89765,0
78564,89765,0,89765,0
78564,89765,0,89765,0
78564,89765,0,89765,0
78564,89765,0,89765,0
78564,89765,0,89765,0
78564,89765,0,89765,0
78564,89765,0,89765,0
78564,89765,0,89765,0
78564,89765,0,89765,0
78564,89765,0,89765,0
78564,89765,0,89765,0
78564,89765,0,89765,0
78564,89765,0,89765,0
78564,89765,0,89765,0
78564,89765,0,89765,0
78564,89765,0,89765,0
78564,89765,0,89765,0
78564,89765,0,89765,0
78564,89765,0,89765,0
78564,89765,0,89765,0
78564,89765,0,89765,0
78564,89765,0,89765,0
78564,89765,0,89765,0
78564,89765,0,89765,0
78564,89765,0,89765,0
78564,89765,0,89765,0
78564,89765,0,89765,0
78564,89765,0,89765,0
78564,89765,0,89765,0
78564,89765,0,89765,0
78564,89765,0,89765,0
78564,89765,0,89765,0
78564,89765,0,89765,0
78564,89765,0,89765,0
78564,89765,0,89765,0
78564,89765,0,89765,0
78564,89765,0,89765,0
78564,89765,0,89765,0
78564,89765,0,89765,0
78564,89765,0,89765,0
78564,89765,0,89765,0
78564,89765,0,89765,0
78564,89765,0,89765,0
78564,89765,0,89765,0
78564,89765,0,89765,0
78564,89765,0,89765,0
78564,89765,0,89765,0
78564,89765,0,89765,0
78564,89765,0,89765,0
78564,89765,0,89765,0
78564,89765,0,89765,0
78564,89765,0,89765,0
78564,89765,0,89765,0
78564,89765,0,89765,0
78564,89765,0,89765,0
78564,89765,0,89765,0
78564,89765,0,89765,0
78564,89765,0,89765,0
78564,89765,0,89765,0
78564,89765,0,89765,0
78564,89765,0,89765,0
78564,89765,0,89765,0
78564,89765,0,89765,0
78564,89765,0,89765,0
78564,89765,0,89765,0
78564,89765,0,89762,1
78564,89762,1,89762,1
78564,89762,1,89762,1
78564,89762,1,89762,1
78564,89762,1,89762,1
78564,89762,1,89762,1
78564,89762,1,89762,1
78564,89762,1,89762,1
78564,89762,1,89762,1
78564,89762,1,89762,1
78564,89762,1,89762,1
78564,89762,1,89762,1
78564,89762,1,89762,1
78564,89762,1,89762,1
78564,89762,1,89762,1
78564,89762,1,89762,1
78564,89762,1,89762,1
78564,89762,1,89762,1
78564,89762,1,89762,1
78564,89762,1,89762,1
78564,89762,1,89762,1
78564,89762,1,89762,1
78564,89762,1,89762,1
78564,89762,1,89762,1
78564,89762,1,89762,1
78564,89762,1,89762,1
78564,89762,1,89762,1
78564,89762,1,89762,1
78564,89762,1,89762,1
78564,89762,1,89762,1
78564,89762,1,89762,1
78564,89762,1,89762,1
78564,89762,1,89762,1
78564,89762,1,89762,1
78564,89762,1,89762,1
78564,89762,1,89762,1
78564,89762,1,89762,1
78564,89762,1,89762,1
78564,89762,1,89762,1
78564,89762,1,89762,1
78564,89762,1,89762,1
78564,89762,1,89762,1
78564,89762,1,89762,1
78564,89762,1,89762,1
78564,89762,1,89762,1
78564,89762,1,89762,1
78564,89762,1,89844,1
78564,89844,1,89844,1
78564,89844,1,89844,1
78564,89844,1,89844,1
78564,89844,1,89844,1
78564,89844,1,89844,1
78564,89844,1,89844,1
78564,89844,1,89844,1
78564,89844,1,89844,1
78564,89844,1,89844,1
78564,89844,1,89844,1
78564,89844,1,89844,1
78564,89844,1,89844,1
78564,89844,1,89844,1
78564,89844,1,89844,1
78564,89844,1,89844,1
78564,89844,1,89844,1
78564,89844,1,89844,1
78564,89844,1,89844,1
78564,89844,1,89844,1
78564,89844,1,89844,1
78564,89844,1,89844,1
78564,89844,1,89844,1
78564,89844,1,89844,1
78564,89844,1,89844,1
78564,89844,1,89844,1
78564,89844,1,89844,1
78564,89844,1,89844,1
78564,89844,1,89844,1
78564,89844,1,89844,1
78564,89844,1,89844,1
78564,89844,1,89844,1
78564,89844,1,89844,1
78564,89844,1,89844,1
78564,89844,1,89844,1
78564,89844,1,89844,1
78564,89844,1,89844,1
78564,89844,1,89844,1
78564,89844,1,89844,1
78564,89844,1,89844,1
78564,89844,1,89844,1
78564,89844,1,89844,1
78564,89844,1,89844,1
78564,89844,1,89844,1
78564,89844,1,89844,1
78564,89844,1,89844,1
78564,89844,1,89844,1
78564,89844,1,89844,1
78564,89844,1,89844,1
78564,89844,1,89844,1
78564,89844,1,89844,1
78564,89844,1,89844,1
78564,89844,1,89844,1
78564,89844,1,89844,1
78564,89844,1,89844,1
78564,89844,1,89844,1
78564,89844,1,89844,1
78564,89844,1,89844,1
78564,89844,1,89844,1
78564,89844,1,89844,1
78564,89844,1,89844,1
78564,89844,1,89844,1
78564,89844,1,89844,1
78564,89844,1,89844,1
78564,89844,1,89844,1
78564,89844,1,89844,1
78564,89844,1,89844,1
78564,89844,1,89844,1
78564,89844,1,89844,1
78564,89844,1,89844,1
78564,89844,1,89844,1
78564,89844,1,89844,1
78564,89844,1,89844,1
78564,89844,1,89844,1
78564,89844,1,89844,1
78564,89844,1,89844,1
78564,89844,1,89844,1
78564,89844,1,89844,1
78564,89844,1,89844,1
78564,89844,1,89844,1
78564,89844,1,89844,1
78564,89844,1,89844,1
78564,89844,1,89844,1
78564,89844,1,89844,1
78564,89844,1,89844,1
78564,89844,1,89844,1
78564,89844,1,89844,1
78564,89844,1,89844,1
78564,89844,1,89844,1
78564,89844,1,89844,1
78564,89844,1,89844,1
78564,89844,1,89844,1
78564,89844,1,89844,1
78564,89844,1,89871,1
78564,89871,1,89871,1
78564,89871,1,89871,1
78564,89871,1,89871,1
78564,89871,1,89871,1
78564,89871,1,89871,1
78564,89871,1,89871,1
78564,89871,1,89871,1
78564,89871,1,89871,1
78564,89871,1,89871,1
78564,89871,1,89871,1
78564,89871,1,89871,1
78564,89871,1,89871,1
78564,89871,1,89871,1
78564,89871,1,89871,1
78564,89871,1,89871,1
78564,89871,1,89871,1
78564,89871,1,89871,1
78564,89871,1,89871,1
78564,89871,1,89871,1
78564,89871,1,89871,1
78564,89871,1,89871,1
78564,89871,1,89871,1
78564,89871,1,89871,1
78564,89871,1,89871,1
78564,89871,1,89871,1
78564,89871,1,89871,1
78564,89871,1,89871,1
78564,89871,1,89871,1
78564,89871,1,89871,1
78564,89871,1,89871,1
78564,89871,1,89871,1
78564,89871,1,89871,1
78564,89871,1,89871,1
78564,89871,1,89871,1
78564,89871,1,89871,1
78564,89871,1,89871,1
78564,89871,1,89871,1
78564,89871,1,89871,1
78564,89871,1,89871,1
78564,89871,1,89871,1
78564,89871,1,89871,1
78564,89871,1,89871,1
78564,89871,1,89871,1
78564,89871,1,89871,1
78564,89871,1,89871,1
78564,89871,1,89871,1
78564,89871,1,89871,1
78564,89871,1,89871,1
78564,89871,1,89871,1
78564,89871,1,89871,1
78564,89871,1,89871,1
78564,89871,1,89871,1
78564,89871,1,89871,1
78564,89871,1,89871,1
78564,89871,1,89871,1
78564,89871,1,89871,1
78564,89871,1,89871,1
78564,89871,1,89871,1
78564,89871,1,89871,1
78564,89871,1,89871,1
78564,89871,1,89871,1
78564,89871,1,89871,1
78564,89871,1,89871,1
78564,89871,1,89871,1
78564,89871,1,89871,1
78564,89871,1,89871,1
78564,89871,1,89871,1
78564,89871,1,89871,1
78564,89871,1,89871,1
78564,89871,1,89871,1
78564,89871,1,89871,1
78564,89871,1,89871,1
78564,89871,1,89871,1
78564,89871,1,89871,1
78564,89871,1,89871,1
78564,89871,1,89871,1
78564,89871,1,89871,1
78564,89871,1,89871,1
78564,89871,1,89871,1
78564,89871,1,89871,1
78564,89871,1,89871,1
78564,89871,1,89871,1
78564,89871,1,89871,1
78564,89871,1,89871,1
78564,89871,1,89871,1
78564,89871,1,89871,1
78564,89871,1,89871,1
78564,89871,1,89871,1
78564,89871,1,89871,1
78564,89871,1,89871,1
78564,89871,1,89871,1
78564,89871,1,89871,1
78564,89871,1,89834,1
78564,89834,1,89834,1
78564,89834,1,89834,1
78564,89834,1,89834,1
78564,89834,1,89834,1
78564,89834,1,89834,1
78564,89834,1,89834,1
78564,89834,1,89834,1
78564,89834,1,89834,1
78564,89834,1,89834,1
78564,89834,1,89834,1
78564,89834,1,89834,1
78564,89834,1,89834,1
78564,89834,1,89834,1
78564,89834,1,89834,1
78564,89834,1,89834,1
78564,89834,1,89834,1
78564,89834,1,89834,1
78564,89834,1,89834,1
78564,89834,1,89834,1
78564,89834,1,89834,1
78564,89834,1,89834,1
78564,89834,1,89834,1
78564,89834,1,89834,1
78564,89834,1,89834,1
78564,89834,1,89834,1
78564,89834,1,89834,1
78564,89834,1,89834,1
78564,89834,1,89834,1
78564,89834,1,89834,1
78564,89834,1,89834,1
78564,89834,1,89834,1
78564,89834,1,89834,1
78564,89834,1,89834,1
78564,89834,1,89834,1
78564,89834,1,89834,1
78564,89834,1,89834,1
78564,89834,1,89834,1
78564,89834,1,89834,1
78564,89834,1,89834,1
78564,89834,1,89834,1
78564,89834,1,89834,1
78564,89834,1,89834,1
78564,89834,1,89834,1
78564,89834,1,173934,0
78564,173934,0,173922,1
78564,173922,1,173946,1
78564,173946,1,173912,1
78564,173912,1,173964,0
78564,173964,0,174020,0
78564,174020,0,174003,1
78564,174003,1,173980,1
78564,173980,1,173979,1
78564,173979,1,91655,1
78564,91655,1,91655,1
78564,91655,1,91655,1
78564,91655,1,91655,1
78564,91655,1,91655,1
78564,91655,1,91655,1
78564,91655,1,91655,1
78564,91655,1,91655,1
78564,91655,1,91655,1
78564,91655,1,91655,1
78564,91655,1,91655,1
78564,91655,1,91655,1
78564,91655,1,91655,1
78564,91655,1,91655,1
78564,91655,1,91655,1
78564,91655,1,91655,1
78564,91655,1,91655,1
78564,91655,1,91655,1
78564,91655,1,91655,1
78564,91655,1,91655,1
78564,91655,1,91655,1
78564,91655,1,91655,1
78564,91655,1,91655,1
78564,91655,1,91655,1
78564,91655,1,91655,1
78564,91655,1,91655,1
78564,91655,1,91655,1
78564,91655,1,91655,1
78564,91655,1,91655,1
78564,91655,1,91655,1
78564,91655,1,91655,1
78564,91655,1,91655,1
78564,91655,1,91655,1
78564,91655,1,91655,1
78564,91655,1,91655,1
78564,91655,1,91655,1
78564,91655,1,91655,1
78564,91655,1,91655,1
78564,91655,1,91655,1
78564,91655,1,91655,1
78564,91655,1,91655,1
78564,91655,1,91655,1
78564,91655,1,91655,1
78564,91655,1,91655,1
78564,91655,1,91655,1
78564,91655,1,91655,1
78564,91655,1,91655,1
78564,91655,1,91655,1
78564,91655,1,91655,1
78564,91655,1,91655,1
78564,91655,1,91655,1
78564,91655,1,91655,1
78564,91655,1,91655,1
78564,91655,1,91655,1
78564,91655,1,91655,1
78564,91655,1,91655,1
78564,91655,1,91655,1
78564,91655,1,91655,1
78564,91655,1,91655,1
78564,91655,1,91655,1
78564,91655,1,91655,1
78564,91655,1,91655,1
78564,91655,1,91655,1
78564,91655,1,91655,1
78564,91655,1,91655,1
78564,91655,1,91655,1
78564,91655,1,91655,1
78564,91655,1,91655,1
78564,91655,1,91655,1
78564,91655,1,91655,1
78564,91655,1,91655,1
78564,91655,1,91655,1
78564,91655,1,91655,1
78564,91655,1,91655,1
78564,91655,1,91655,1
78564,91655,1,91655,1
78564,91655,1,91655,1
78564,91655,1,91655,1
78564,91655,1,91655,1
78564,91655,1,91655,1
78564,91655,1,91655,1
78564,91655,1,91655,1
78564,91655,1,91655,1
78564,91655,1,91655,1
78564,91655,1,91655,1
78564,91655,1,91655,1
78564,91655,1,91655,1
78564,91655,1,91655,1
78564,91655,1,91655,1
78564,91655,1,91655,1
78564,91655,1,91655,1
78564,91655,1,91655,1
78564,91655,1,91655,1
78565,93216,1,93216,1
78565,93216,1,93216,1
78565,93216,1,93216,1
78565,93216,1,93216,1
78565,93216,1,93216,1
78565,93216,1,93216,1
78565,93216,1,93216,1
78565,93216,1,93216,1
78565,93216,1,93216,1
78565,93216,1,93216,1
78565,93216,1,93216,1
78565,93216,1,93216,1
78565,93216,1,93216,1
78565,93216,1,93216,1
78565,93216,1,93216,1
78565,93216,1,93216,1
78565,93216,1,93216,1
78565,93216,1,93216,1
78565,93216,1,93216,1
78565,93216,1,93216,1
78565,93216,1,93216,1
78565,93216,1,93216,1
78565,93216,1,93216,1
78565,93216,1,93216,1
78565,93216,1,93216,1
78565,93216,1,93216,1
78565,93216,1,93216,1
78565,93216,1,93216,1
78565,93216,1,93216,1
78565,93216,1,93216,1
78565,93216,1,93216,1
78565,93216,1,93216,1
78565,93216,1,93216,1
78565,93216,1,93216,1
78565,93216,1,93216,1
78565,93216,1,93216,1
78565,93216,1,93216,1
78565,93216,1,93216,1
78565,93216,1,93216,1
78565,93216,1,93216,1
78565,93216,1,93216,1
78565,93216,1,93216,1
78565,93216,1,93216,1
78565,93216,1,93216,1
78565,93216,1,93216,1
78565,93216,1,93211,1
78565,93211,1,93211,1
78565,93211,1,93211,1
78565,93211,1,93211,1
78565,93211,1,93211,1
78565,93211,1,93211,1
78565,93211,1,93211,1
78565,93211,1,93211,1
78565,93211,1,93211,1
78565,93211,1,93211,1
78565,93211,1,93211,1
78565,93211,1,93211,1
78565,93211,1,93211,1
78565,93211,1,93211,1
78565,93211,1,93211,1
78565,93211,1,93211,1
78565,93211,1,93211,1
78565,93211,1,93211,1
78565,93211,1,93211,1
78565,93211,1,93211,1
78565,93211,1,93211,1
78565,93211,1,93211,1
78565,93211,1,93211,1
78565,93211,1,93211,1
78565,93211,1,93211,1
78565,93211,1,93211,1
78565,93211,1,93211,1
78565,93211,1,93211,1
78565,93211,1,93211,1
78565,93211,1,93211,1
78565,93211,1,93211,1
78565,93211,1,93211,1
78565,93211,1,93211,1
78565,93211,1,93211,1
78565,93211,1,93211,1
78565,93211,1,93211,1
78565,93211,1,93211,1
78565,93211,1,93211,1
78565,93211,1,93211,1
78565,93211,1,93211,1
78565,93211,1,93211,1
78565,93211,1,93211,1
78565,93211,1,93211,1
78565,93211,1,93211,1
78565,93211,1,93211,1
78565,93211,1,93211,1
78565,93211,1,93161,1
78565,93161,1,93161,1
78565,93161,1,93161,1
78565,93161,1,93161,1
78565,93161,1,93161,1
78565,93161,1,93161,1
78565,93161,1,93161,1
78565,93161,1,93161,1
78565,93161,1,93161,1
78565,93161,1,93161,1
78565,93161,1,93161,1
78565,93161,1,93161,1
78565,93161,1,93161,1
78565,93161,1,93161,1
78565,93161,1,93161,1
78565,93161,1,93161,1
78565,93161,1,93161,1
78565,93161,1,93161,1
78565,93161,1,93161,1
78565,93161,1,93161,1
78565,93161,1,93161,1
78565,93161,1,93161,1
78565,93161,1,93161,1
78565,93161,1,93161,1
78565,93161,1,93161,1
78565,93161,1,93161,1
78565,93161,1,93161,1
78565,93161,1,93161,1
78565,93161,1,93161,1
78565,93161,1,93161,1
78565,93161,1,93161,1
78565,93161,1,93161,1
78565,93161,1,93161,1
78565,93161,1,93161,1
78565,93161,1,93161,1
78565,93161,1,93161,1
78565,93161,1,93161,1
78565,93161,1,93161,1
78565,93161,1,93161,1
78565,93161,1,93161,1
78565,93161,1,93161,1
78565,93161,1,93161,1
78565,93161,1,93161,1
78565,93161,1,85097,1
78565,85097,1,85097,1
78565,85097,1,85097,1
78565,85097,1,85097,1
78565,85097,1,85097,1
78565,85097,1,85097,1
78565,85097,1,85097,1
78565,85097,1,85097,1
78565,85097,1,85097,1
78565,85097,1,85097,1
78565,85097,1,85097,1
78565,85097,1,85097,1
78565,85097,1,85097,1
78565,85097,1,85097,1
78565,85097,1,85097,1
78565,85097,1,85097,1
78565,85097,1,85097,1
78565,85097,1,85097,1
78565,85097,1,85097,1
78565,85097,1,85097,1
78565,85097,1,85097,1
78565,85097,1,85097,1
78565,85097,1,85097,1
78565,85097,1,85097,1
78565,85097,1,85097,1
78565,85097,1,85097,1
78565,85097,1,85097,1
78565,85097,1,85097,1
78565,85097,1,85097,1
78565,85097,1,85097,1
78565,85097,1,85097,1
78565,85097,1,85097,1
78565,85097,1,85097,1
78565,85097,1,85097,1
78565,85097,1,85097,1
78565,85097,1,85097,1
78565,85097,1,85097,1
78565,85097,1,85097,1
78565,85097,1,85097,1
78565,85097,1,85097,1
78565,85097,1,85097,1
78565,85097,1,85097,1
78565,85097,1,85097,1
78565,85097,1,85097,1
78565,85097,1,85097,1
78565,85097,1,85097,1
78565,85097,1,85650,0
78565,85650,0,85650,0
78565,85650,0,85650,0
78565,85650,0,85650,0
78565,85650,0,85650,0
78565,85650,0,85650,0
78565,85650,0,85650,0
78565,85650,0,85650,0
78565,85650,0,85650,0
78565,85650,0,85650,0
78565,85650,0,85650,0
78565,85650,0,85650,0
78565,85650,0,85650,0
78565,85650,0,85650,0
78565,85650,0,85650,0
78565,85650,0,85650,0
78565,85650,0,85650,0
78565,85650,0,85650,0
78565,85650,0,85650,0
78565,85650,0,85650,0
78565,85650,0,85650,0
78565,85650,0,85650,0
78565,85650,0,85650,0
78565,85650,0,85650,0
78565,85650,0,85650,0
78565,85650,0,85650,0
78565,85650,0,85650,0
78565,85650,0,85650,0
78565,85650,0,85650,0
78565,85650,0,85650,0
78565,85650,0,85650,0
78565,85650,0,85650,0
78565,85650,0,85650,0
78565,85650,0,85650,0
78565,85650,0,85650,0
78565,85650,0,85650,0
78565,85650,0,85650,0
78565,85650,0,85650,0
78565,85650,0,85650,0
78565,85650,0,85650,0
78565,85650,0,85650,0
78565,85650,0,85650,0
78565,85650,0,85650,0
78565,85650,0,85650,0
78565,85650,0,85650,0
78565,85650,0,85650,0
78565,85650,0,85672,1
78565,85672,1,85672,1
78565,85672,1,85672,1
78565,85672,1,85672,1
78565,85672,1,85672,1
78565,85672,1,85672,1
78565,85672,1,85672,1
78565,85672,1,85672,1
78565,85672,1,85672,1
78565,85672,1,85672,1
78565,85672,1,85672,1
78565,85672,1,85672,1
78565,85672,1,85672,1
78565,85672,1,85672,1
78565,85672,1,85672,1
78565,85672,1,85672,1
78565,85672,1,85672,1
78565,85672,1,85672,1
78565,85672,1,85672,1
78565,85672,1,85672,1
78565,85672,1,85672,1
78565,85672,1,85672,1
78565,85672,1,85672,1
78565,85672,1,85672,1
78565,85672,1,85672,1
78565,85672,1,85672,1
78565,85672,1,85672,1
78565,85672,1,85672,1
78565,85672,1,85672,1
78565,85672,1,85672,1
78565,85672,1,85672,1
78565,85672,1,85672,1
78565,85672,1,85672,1
78565,85672,1,85672,1
78565,85672,1,85672,1
78565,85672,1,85672,1
78565,85672,1,85672,1
78565,85672,1,85672,1
78565,85672,1,85672,1
78565,85672,1,85672,1
78565,85672,1,85672,1
78565,85672,1,85672,1
78565,85672,1,85672,1
78565,85672,1,85672,1
78565,85672,1,85672,1
78565,85672,1,85672,1
78565,85672,1,85673,1
78565,85673,1,85673,1
78565,85673,1,85673,1
78565,85673,1,85673,1
78565,85673,1,85673,1
78565,85673,1,85673,1
78565,85673,1,85673,1
78565,85673,1,85673,1
78565,85673,1,85673,1
78565,85673,1,85673,1
78565,85673,1,85673,1
78565,85673,1,85673,1
78565,85673,1,85673,1
78565,85673,1,85673,1
78565,85673,1,85673,1
78565,85673,1,85673,1
78565,85673,1,85673,1
78565,85673,1,85673,1
78565,85673,1,85673,1
78565,85673,1,85673,1
78565,85673,1,85673,1
78565,85673,1,85673,1
78565,85673,1,85673,1
78565,85673,1,85673,1
78565,85673,1,85673,1
78565,85673,1,85673,1
78565,85673,1,85673,1
78565,85673,1,85673,1
78565,85673,1,85673,1
78565,85673,1,85673,1
78565,85673,1,85673,1
78565,85673,1,85673,1
78565,85673,1,85673,1
78565,85673,1,85673,1
78565,85673,1,85673,1
78565,85673,1,85673,1
78565,85673,1,85673,1
78565,85673,1,85673,1
78565,85673,1,85673,1
78565,85673,1,85673,1
78565,85673,1,85673,1
78565,85673,1,85673,1
78565,85673,1,85673,1
78565,85673,1,85673,1
78565,85673,1,85673,1
78565,85673,1,85673,1
78565,85673,1,85101,1
78565,85101,1,85101,1
78565,85101,1,85101,1
78565,85101,1,85101,1
78565,85101,1,85101,1
78565,85101,1,85101,1
78565,85101,1,85101,1
78565,85101,1,85101,1
78565,85101,1,85101,1
78565,85101,1,85101,1
78565,85101,1,85101,1
78565,85101,1,85101,1
78565,85101,1,85101,1
78565,85101,1,85101,1
78565,85101,1,85101,1
78565,85101,1,85101,1
78565,85101,1,85101,1
78565,85101,1,85101,1
78565,85101,1,85101,1
78565,85101,1,85101,1
78565,85101,1,85101,1
78565,85101,1,85101,1
78565,85101,1,85101,1
78565,85101,1,85101,1
78565,85101,1,85101,1
78565,85101,1,85101,1
78565,85101,1,85101,1
78565,85101,1,85101,1
78565,85101,1,85101,1
78565,85101,1,85101,1
78565,85101,1,85101,1
78565,85101,1,85101,1
78565,85101,1,85101,1
78565,85101,1,85101,1
78565,85101,1,85101,1
78565,85101,1,85101,1
78565,85101,1,85101,1
78565,85101,1,85101,1
78565,85101,1,85101,1
78565,85101,1,85101,1
78565,85101,1,85101,1
78565,85101,1,85101,1
78565,85101,1,85101,1
78565,85101,1,85101,1
78565,85101,1,85101,1
78565,85101,1,85101,1
78565,85101,1,86117,0
78565,86117,0,86117,0
78565,86117,0,86117,0
78565,86117,0,86117,0
78565,86117,0,86117,0
78565,86117,0,86117,0
78565,86117,0,86117,0
78565,86117,0,86117,0
78565,86117,0,86117,0
78565,86117,0,86117,0
78565,86117,0,86117,0
78565,86117,0,86117,0
78565,86117,0,86117,0
78565,86117,0,86117,0
78565,86117,0,86117,0
78565,86117,0,86117,0
78565,86117,0,86117,0
78565,86117,0,86117,0
78565,86117,0,86117,0
78565,86117,0,86117,0
78565,86117,0,86117,0
78565,86117,0,86117,0
78565,86117,0,86117,0
78565,86117,0,86117,0
78565,86117,0,86117,0
78565,86117,0,86117,0
78565,86117,0,86117,0
78565,86117,0,86117,0
78565,86117,0,86117,0
78565,86117,0,86117,0
78565,86117,0,86117,0
78565,86117,0,86117,0
78565,86117,0,86117,0
78565,86117,0,86117,0
78565,86117,0,86117,0
78565,86117,0,86117,0
78565,86117,0,86117,0
78565,86117,0,86117,0
78565,86117,0,86117,0
78565,86117,0,86117,0
78565,86117,0,86117,0
78565,86117,0,86117,0
78565,86117,0,86117,0
78565,86117,0,85651,1
78565,85651,1,85651,1
78565,85651,1,85651,1
78565,85651,1,85651,1
78565,85651,1,85651,1
78565,85651,1,85651,1
78565,85651,1,85651,1
78565,85651,1,85651,1
78565,85651,1,85651,1
78565,85651,1,85651,1
78565,85651,1,85651,1
78565,85651,1,85651,1
78565,85651,1,85651,1
78565,85651,1,85651,1
78565,85651,1,85651,1
78565,85651,1,85651,1
78565,85651,1,85651,1
78565,85651,1,85651,1
78565,85651,1,85651,1
78565,85651,1,85651,1
78565,85651,1,85651,1
78565,85651,1,85651,1
78565,85651,1,85651,1
78565,85651,1,85651,1
78565,85651,1,85651,1
78565,85651,1,85651,1
78565,85651,1,85651,1
78565,85651,1,85651,1
78565,85651,1,85651,1
78565,85651,1,85651,1
78565,85651,1,85651,1
78565,85651,1,85651,1
78565,85651,1,85651,1
78565,85651,1,85651,1
78565,85651,1,85651,1
78565,85651,1,85651,1
78565,85651,1,85651,1
78565,85651,1,85651,1
78565,85651,1,85651,1
78565,85651,1,85651,1
78565,85651,1,85651,1
78565,85651,1,85651,1
78565,85651,1,85651,1
78565,85651,1,84703,1
78565,84703,1,84703,1
78565,84703,1,84703,1
78565,84703,1,84703,1
78565,84703,1,84703,1
78565,84703,1,84703,1
78565,84703,1,84703,1
78565,84703,1,84703,1
78565,84703,1,84703,1
78565,84703,1,84703,1
78565,84703,1,84703,1
78565,84703,1,84703,1
78565,84703,1,84703,1
78565,84703,1,84703,1
78565,84703,1,84703,1
78565,84703,1,84703,1
78565,84703,1,84703,1
78565,84703,1,84703,1
78565,84703,1,84703,1
78565,84703,1,84703,1
78565,84703,1,84703,1
78565,84703,1,84703,1
78565,84703,1,84703,1
78565,84703,1,84703,1
78565,84703,1,84703,1
78565,84703,1,84703,1
78565,84703,1,84703,1
78565,84703,1,84703,1
78565,84703,1,84703,1
78565,84703,1,84703,1
78565,84703,1,84703,1
78565,84703,1,84703,1
78565,84703,1,84703,1
78565,84703,1,84703,1
78565,84703,1,84703,1
78565,84703,1,84703,1
78565,84703,1,84703,1
78565,84703,1,84703,1
78565,84703,1,84703,1
78565,84703,1,84703,1
78565,84703,1,84703,1
78565,84703,1,84703,1
78565,84703,1,84703,1
78565,84703,1,85673,1
78565,85673,1,85673,1
78565,85673,1,85673,1
78565,85673,1,85673,1
78565,85673,1,85673,1
78565,85673,1,85673,1
78565,85673,1,85673,1
78565,85673,1,85673,1
78565,85673,1,85673,1
78565,85673,1,85673,1
78565,85673,1,85673,1
78565,85673,1,85673,1
78565,85673,1,85673,1
78565,85673,1,85673,1
78565,85673,1,85673,1
78565,85673,1,85673,1
78565,85673,1,85673,1
78565,85673,1,85673,1
78565,85673,1,85673,1
78565,85673,1,85673,1
78565,85673,1,85673,1
78565,85673,1,85673,1
78565,85673,1,85673,1
78565,85673,1,85673,1
78565,85673,1,85673,1
78565,85673,1,85673,1
78565,85673,1,85673,1
78565,85673,1,85673,1
78565,85673,1,85673,1
78565,85673,1,85673,1
78565,85673,1,85673,1
78565,85673,1,85673,1
78565,85673,1,85673,1
78565,85673,1,85673,1
78565,85673,1,85673,1
78565,85673,1,85673,1
78565,85673,1,85673,1
78565,85673,1,85673,1
78565,85673,1,85673,1
78565,85673,1,85673,1
78565,85673,1,85673,1
78565,85673,1,85673,1
78565,85673,1,85673,1
78565,85673,1,89301,1
78565,89301,1,89301,1
78565,89301,1,89301,1
78565,89301,1,89301,1
78565,89301,1,89301,1
78565,89301,1,89301,1
78565,89301,1,89301,1
78565,89301,1,89301,1
78565,89301,1,89301,1
78565,89301,1,89301,1
78565,89301,1,89301,1
78565,89301,1,89301,1
78565,89301,1,89301,1
78565,89301,1,89301,1
78565,89301,1,89301,1
78565,89301,1,89301,1
78565,89301,1,89301,1
78565,89301,1,89301,1
78565,89301,1,89301,1
78565,89301,1,89301,1
78565,89301,1,89301,1
78565,89301,1,89301,1
78565,89301,1,89301,1
78565,89301,1,89301,1
78565,89301,1,89301,1
78565,89301,1,89301,1
78565,89301,1,89301,1
78565,89301,1,89301,1
78565,89301,1,89301,1
78565,89301,1,89301,1
78565,89301,1,89301,1
78565,89301,1,89301,1
78565,89301,1,89301,1
78565,89301,1,89301,1
78565,89301,1,89301,1
78565,89301,1,89301,1
78565,89301,1,89301,1
78565,89301,1,89301,1
78565,89301,1,89301,1
78565,89301,1,89301,1
78565,89301,1,89301,1
78565,89301,1,89301,1
78565,89301,1,89301,1
78565,89301,1,89301,1
78565,89301,1,89301,1
78565,89301,1,89301,1
78565,89301,1,89301,1
78565,89301,1,89301,1
78565,89301,1,89301,1
78565,89301,1,89301,1
78565,89301,1,89301,1
78565,89301,1,89301,1
78565,89301,1,89301,1
78565,89301,1,89301,1
78565,89301,1,89301,1
78565,89301,1,89301,1
78565,89301,1,89301,1
78565,89301,1,89301,1
78565,89301,1,89301,1
78565,89301,1,89301,1
78565,89301,1,89301,1
78565,89301,1,89301,1
78565,89301,1,89301,1
78565,89301,1,89301,1
78565,89301,1,89301,1
78565,89301,1,89301,1
78565,89301,1,89301,1
78565,89301,1,89301,1
78565,89301,1,89301,1
78565,89301,1,89301,1
78565,89301,1,89301,1
78565,89301,1,89301,1
78565,89301,1,89301,1
78565,89301,1,89301,1
78565,89301,1,89301,1
78565,89301,1,89301,1
78565,89301,1,89301,1
78565,89301,1,89301,1
78565,89301,1,89301,1
78565,89301,1,89301,1
78565,89301,1,89301,1
78565,89301,1,89301,1
78565,89301,1,89301,1
78565,89301,1,89301,1
78565,89301,1,89301,1
78565,89301,1,89301,1
78565,89301,1,89301,1
78565,89301,1,89301,1
78565,89301,1,89301,1
78565,89301,1,89301,1
78565,89301,1,89301,1
78565,89301,1,89301,1
78565,89301,1,89301,1
78565,89301,1,89301,1
78565,89301,1,89301,1
78565,89301,1,89301,1
78565,89301,1,89301,1
78565,89301,1,89238,1
78565,89238,1,89238,1
78565,89238,1,89238,1
78565,89238,1,89238,1
78565,89238,1,89238,1
78565,89238,1,89238,1
78565,89238,1,89238,1
78565,89238,1,89238,1
78565,89238,1,89238,1
78565,89238,1,89238,1
78565,89238,1,89238,1
78565,89238,1,89238,1
78565,89238,1,89238,1
78565,89238,1,89238,1
78565,89238,1,89238,1
78565,89238,1,89238,1
78565,89238,1,89238,1
78565,89238,1,89238,1
78565,89238,1,89238,1
78565,89238,1,89238,1
78565,89238,1,89238,1
78565,89238,1,89238,1
78565,89238,1,89238,1
78565,89238,1,89238,1
78565,89238,1,89238,1
78565,89238,1,89238,1
78565,89238,1,89238,1
78565,89238,1,89238,1
78565,89238,1,89238,1
78565,89238,1,89238,1
78565,89238,1,89238,1
78565,89238,1,89238,1
78565,89238,1,89238,1
78565,89238,1,89238,1
78565,89238,1,89238,1
78565,89238,1,89238,1
78565,89238,1,89238,1
78565,89238,1,89238,1
78565,89238,1,89238,1
78565,89238,1,89238,1
78565,89238,1,89238,1
78565,89238,1,89238,1
78565,89238,1,89238,1
78565,89238,1,89238,1
78565,89238,1,89238,1
78565,89238,1,89238,1
78565,89238,1,89238,1
78565,89238,1,89238,1
78565,89238,1,89238,1
78565,89238,1,89238,1
78565,89238,1,89238,1
78565,89238,1,89238,1
78565,89238,1,89238,1
78565,89238,1,89238,1
78565,89238,1,89238,1
78565,89238,1,89238,1
78565,89238,1,89238,1
78565,89238,1,89238,1
78565,89238,1,89238,1
78565,89238,1,89238,1
78565,89238,1,89238,1
78565,89238,1,89238,1
78565,89238,1,89238,1
78565,89238,1,89238,1
78565,89238,1,89238,1
78565,89238,1,89238,1
78565,89238,1,89238,1
78565,89238,1,89238,1
78565,89238,1,89238,1
78565,89238,1,89238,1
78565,89238,1,89238,1
78565,89238,1,89238,1
78565,89238,1,89238,1
78565,89238,1,89238,1
78565,89238,1,89238,1
78565,89238,1,89238,1
78565,89238,1,89238,1
78565,89238,1,89238,1
78565,89238,1,89238,1
78565,89238,1,89238,1
78565,89238,1,89238,1
78565,89238,1,89238,1
78565,89238,1,89238,1
78565,89238,1,89238,1
78565,89238,1,89238,1
78565,89238,1,89238,1
78565,89238,1,89238,1
78565,89238,1,89238,1
78565,89238,1,89238,1
78565,89238,1,89238,1
78565,89238,1,89238,1
78565,89238,1,89238,1
78565,89238,1,89238,1
78565,89238,1,89238,1
78565,89238,1,89238,1
78565,89238,1,89238,1
78565,89238,1,89238,1
78565,89238,1,89263,1
78565,89263,1,89263,1
78565,89263,1,89263,1
78565,89263,1,89263,1
78565,89263,1,89263,1
78565,89263,1,89263,1
78565,89263,1,89263,1
78565,89263,1,89263,1
78565,89263,1,89263,1
78565,89263,1,89263,1
78565,89263,1,89263,1
78565,89263,1,89263,1
78565,89263,1,89263,1
78565,89263,1,89263,1
78565,89263,1,89263,1
78565,89263,1,89263,1
78565,89263,1,89263,1
78565,89263,1,89263,1
78565,89263,1,89263,1
78565,89263,1,89263,1
78565,89263,1,89263,1
78565,89263,1,89263,1
78565,89263,1,89263,1
78565,89263,1,89263,1
78565,89263,1,89263,1
78565,89263,1,89263,1
78565,89263,1,89263,1
78565,89263,1,89263,1
78565,89263,1,89263,1
78565,89263,1,89263,1
78565,89263,1,89263,1
78565,89263,1,89263,1
78565,89263,1,89263,1
78565,89263,1,89263,1
78565,89263,1,89263,1
78565,89263,1,89263,1
78565,89263,1,89263,1
78565,89263,1,89263,1
78565,89263,1,89263,1
78565,89263,1,89263,1
78565,89263,1,89263,1
78565,89263,1,89263,1
78565,89263,1,89263,1
78565,89263,1,89263,1
78565,89263,1,89263,1
78565,89263,1,89263,1
78565,89263,1,89263,1
78565,89263,1,91376,1
78565,91376,1,91376,1
78565,91376,1,91376,1
78565,91376,1,91376,1
78565,91376,1,91376,1
78565,91376,1,91376,1
78565,91376,1,91376,1
78565,91376,1,91376,1
78565,91376,1,91376,1
78565,91376,1,91376,1
78565,91376,1,91376,1
78565,91376,1,91376,1
78565,91376,1,91376,1
78565,91376,1,91376,1
78565,91376,1,91376,1
78565,91376,1,91376,1
78565,91376,1,91376,1
78565,91376,1,91376,1
78565,91376,1,91376,1
78565,91376,1,91376,1
78565,91376,1,91376,1
78565,91376,1,91376,1
78565,91376,1,91376,1
78565,91376,1,91376,1
78565,91376,1,91376,1
78565,91376,1,91376,1
78565,91376,1,91376,1
78565,91376,1,91376,1
78565,91376,1,91376,1
78565,91376,1,91376,1
78565,91376,1,91376,1
78565,91376,1,91376,1
78565,91376,1,91376,1
78565,91376,1,91376,1
78565,91376,1,91376,1
78565,91376,1,91376,1
78565,91376,1,91376,1
78565,91376,1,91376,1
78565,91376,1,91376,1
78565,91376,1,91376,1
78565,91376,1,91376,1
78565,91376,1,91376,1
78565,91376,1,91376,1
78565,91376,1,91376,1
78565,91376,1,91376,1
78565,91376,1,91376,1
78565,91376,1,91376,1
78565,91376,1,89789,1
78565,89789,1,89789,1
78565,89789,1,89789,1
78565,89789,1,89789,1
78565,89789,1,89789,1
78565,89789,1,89789,1
78565,89789,1,89789,1
78565,89789,1,89789,1
78565,89789,1,89789,1
78565,89789,1,89789,1
78565,89789,1,89789,1
78565,89789,1,89789,1
78565,89789,1,89789,1
78565,89789,1,89789,1
78565,89789,1,89789,1
78565,89789,1,89789,1
78565,89789,1,89789,1
78565,89789,1,89789,1
78565,89789,1,89789,1
78565,89789,1,89789,1
78565,89789,1,89789,1
78565,89789,1,89789,1
78565,89789,1,89789,1
78565,89789,1,89789,1
78565,89789,1,89789,1
78565,89789,1,89789,1
78565,89789,1,89789,1
78565,89789,1,89789,1
78565,89789,1,89789,1
78565,89789,1,89789,1
78565,89789,1,89789,1
78565,89789,1,89789,1
78565,89789,1,89789,1
78565,89789,1,89789,1
78565,89789,1,89789,1
78565,89789,1,89789,1
78565,89789,1,89789,1
78565,89789,1,89789,1
78565,89789,1,89789,1
78565,89789,1,89789,1
78565,89789,1,89789,1
78565,89789,1,89789,1
78565,89789,1,89789,1
78565,89789,1,89789,1
78565,89789,1,89789,1
78565,89789,1,89789,1
78565,89789,1,89789,1
78565,89789,1,89789,1
78565,89789,1,89789,1
78565,89789,1,89789,1
78565,89789,1,89789,1
78565,89789,1,89789,1
78565,89789,1,89789,1
78565,89789,1,89789,1
78565,89789,1,89789,1
78565,89789,1,89789,1
78565,89789,1,89789,1
78565,89789,1,89789,1
78565,89789,1,89789,1
78565,89789,1,89789,1
78565,89789,1,89789,1
78565,89789,1,89789,1
78565,89789,1,89789,1
78565,89789,1,89789,1
78565,89789,1,89789,1
78565,89789,1,89789,1
78565,89789,1,89789,1
78565,89789,1,89789,1
78565,89789,1,89789,1
78565,89789,1,89789,1
78565,89789,1,89789,1
78565,89789,1,89789,1
78565,89789,1,89789,1
78565,89789,1,89789,1
78565,89789,1,89789,1
78565,89789,1,89789,1
78565,89789,1,89789,1
78565,89789,1,89789,1
78565,89789,1,89789,1
78565,89789,1,89789,1
78565,89789,1,89789,1
78565,89789,1,89789,1
78565,89789,1,89789,1
78565,89789,1,89789,1
78565,89789,1,89789,1
78565,89789,1,89789,1
78565,89789,1,89789,1
78565,89789,1,89789,1
78565,89789,1,89789,1
78565,89789,1,89789,1
78565,89789,1,89789,1
78565,89789,1,89789,1
78565,89789,1,89789,1
78565,89789,1,89777,1
78565,89777,1,89777,1
78565,89777,1,89777,1
78565,89777,1,89777,1
78565,89777,1,89777,1
78565,89777,1,89777,1
78565,89777,1,89777,1
78565,89777,1,89777,1
78565,89777,1,89777,1
78565,89777,1,89777,1
78565,89777,1,89777,1
78565,89777,1,89777,1
78565,89777,1,89777,1
78565,89777,1,89777,1
78565,89777,1,89777,1
78565,89777,1,89777,1
78565,89777,1,89777,1
78565,89777,1,89777,1
78565,89777,1,89777,1
78565,89777,1,89777,1
78565,89777,1,89777,1
78565,89777,1,89777,1
78565,89777,1,89777,1
78565,89777,1,89777,1
78565,89777,1,89777,1
78565,89777,1,89777,1
78565,89777,1,89777,1
78565,89777,1,89777,1
78565,89777,1,89777,1
78565,89777,1,89777,1
78565,89777,1,89777,1
78565,89777,1,89777,1
78565,89777,1,89777,1
78565,89777,1,89777,1
78565,89777,1,89777,1
78565,89777,1,89777,1
78565,89777,1,89777,1
78565,89777,1,89777,1
78565,89777,1,89777,1
78565,89777,1,89777,1
78565,89777,1,89777,1
78565,89777,1,89777,1
78565,89777,1,89777,1
78565,89777,1,89777,1
78565,89777,1,89777,1
78565,89777,1,89777,1
78565,89777,1,89841,1
78565,89841,1,89841,1
78565,89841,1,89841,1
78565,89841,1,89841,1
78565,89841,1,89841,1
78565,89841,1,89841,1
78565,89841,1,89841,1
78565,89841,1,89841,1
78565,89841,1,89841,1
78565,89841,1,89841,1
78565,89841,1,89841,1
78565,89841,1,89841,1
78565,89841,1,89841,1
78565,89841,1,89841,1
78565,89841,1,89841,1
78565,89841,1,89841,1
78565,89841,1,89841,1
78565,89841,1,89841,1
78565,89841,1,89841,1
78565,89841,1,89841,1
78565,89841,1,89841,1
78565,89841,1,89841,1
78565,89841,1,89841,1
78565,89841,1,89841,1
78565,89841,1,89841,1
78565,89841,1,89841,1
78565,89841,1,89841,1
78565,89841,1,89841,1
78565,89841,1,89841,1
78565,89841,1,89841,1
78565,89841,1,89841,1
78565,89841,1,89841,1
78565,89841,1,89841,1
78565,89841,1,89841,1
78565,89841,1,89841,1
78565,89841,1,89841,1
78565,89841,1,89841,1
78565,89841,1,89841,1
78565,89841,1,89841,1
78565,89841,1,89841,1
78565,89841,1,89841,1
78565,89841,1,89841,1
78565,89841,1,89841,1
78565,89841,1,89841,1
78565,89841,1,173934,0
78565,173934,0,173913,1
78565,173913,1,173891,0
78565,173891,0,173935,0
78565,173935,0,173888,1
78565,173888,1,173924,1
78565,173924,1,173911,1
78565,173911,1,173990,1
78565,173990,1,174008,1
78565,174008,1,91661,1
78565,91661,1,91661,1
78565,91661,1,91661,1
78565,91661,1,91661,1
78565,91661,1,91661,1
78565,91661,1,91661,1
78565,91661,1,91661,1
78565,91661,1,91661,1
78565,91661,1,91661,1
78565,91661,1,91661,1
78565,91661,1,91661,1
78565,91661,1,91661,1
78565,91661,1,91661,1
78565,91661,1,91661,1
78565,91661,1,91661,1
78565,91661,1,91661,1
78565,91661,1,91661,1
78565,91661,1,91661,1
78565,91661,1,91661,1
78565,91661,1,91661,1
78565,91661,1,91661,1
78565,91661,1,91661,1
78565,91661,1,91661,1
78565,91661,1,91661,1
78565,91661,1,91661,1
78565,91661,1,91661,1
78565,91661,1,91661,1
78565,91661,1,91661,1
78565,91661,1,91661,1
78565,91661,1,91661,1
78565,91661,1,91661,1
78565,91661,1,91661,1
78565,91661,1,91661,1
78565,91661,1,91661,1
78565,91661,1,91661,1
78565,91661,1,91661,1
78565,91661,1,91661,1
78565,91661,1,91661,1
78565,91661,1,91661,1
78565,91661,1,91661,1
78565,91661,1,91661,1
78565,91661,1,91661,1
78565,91661,1,91661,1
78565,91661,1,91661,1
78565,91661,1,91661,1
78565,91661,1,91661,1
78565,91661,1,91661,1
78565,91661,1,91661,1
78565,91661,1,91661,1
78565,91661,1,91661,1
78565,91661,1,91661,1
78565,91661,1,91661,1
78565,91661,1,91661,1
78565,91661,1,91661,1
78565,91661,1,91661,1
78565,91661,1,91661,1
78565,91661,1,91661,1
78565,91661,1,91661,1
78565,91661,1,91661,1
78565,91661,1,91661,1
78565,91661,1,91661,1
78565,91661,1,91661,1
78565,91661,1,91661,1
78565,91661,1,91661,1
78565,91661,1,91661,1
78565,91661,1,91661,1
78565,91661,1,91661,1
78565,91661,1,91661,1
78565,91661,1,91661,1
78565,91661,1,91661,1
78565,91661,1,91661,1
78565,91661,1,91661,1
78565,91661,1,91661,1
78565,91661,1,91661,1
78565,91661,1,91661,1
78565,91661,1,91661,1
78565,91661,1,91661,1
78565,91661,1,91661,1
78565,91661,1,91661,1
78565,91661,1,91661,1
78565,91661,1,91661,1
78565,91661,1,91661,1
78565,91661,1,91661,1
78565,91661,1,91661,1
78565,91661,1,91661,1
78565,91661,1,91661,1
78565,91661,1,91661,1
78565,91661,1,91661,1
78565,91661,1,91661,1
78565,91661,1,91661,1
78565,91661,1,91661,1
78565,91661,1,91661,1
78565,91661,1,91661,1
78566,93159,1,93159,1
78566,93159,1,93159,1
78566,93159,1,93159,1
78566,93159,1,93159,1
78566,93159,1,93159,1
78566,93159,1,93159,1
78566,93159,1,93159,1
78566,93159,1,93159,1
78566,93159,1,93159,1
78566,93159,1,93159,1
78566,93159,1,93159,1
78566,93159,1,93159,1
78566,93159,1,93159,1
78566,93159,1,93159,1
78566,93159,1,93159,1
78566,93159,1,93159,1
78566,93159,1,93159,1
78566,93159,1,93159,1
78566,93159,1,93159,1
78566,93159,1,93159,1
78566,93159,1,93159,1
78566,93159,1,93159,1
78566,93159,1,93159,1
78566,93159,1,93159,1
78566,93159,1,93159,1
78566,93159,1,93159,1
78566,93159,1,93159,1
78566,93159,1,93159,1
78566,93159,1,93159,1
78566,93159,1,93159,1
78566,93159,1,93159,1
78566,93159,1,93159,1
78566,93159,1,93159,1
78566,93159,1,93159,1
78566,93159,1,93159,1
78566,93159,1,93159,1
78566,93159,1,93159,1
78566,93159,1,93159,1
78566,93159,1,93159,1
78566,93159,1,93159,1
78566,93159,1,93159,1
78566,93159,1,93159,1
78566,93159,1,93159,1
78566,93159,1,93159,1
78566,93159,1,93159,1
78566,93159,1,93168,1
78566,93168,1,93168,1
78566,93168,1,93168,1
78566,93168,1,93168,1
78566,93168,1,93168,1
78566,93168,1,93168,1
78566,93168,1,93168,1
78566,93168,1,93168,1
78566,93168,1,93168,1
78566,93168,1,93168,1
78566,93168,1,93168,1
78566,93168,1,93168,1
78566,93168,1,93168,1
78566,93168,1,93168,1
78566,93168,1,93168,1
78566,93168,1,93168,1
78566,93168,1,93168,1
78566,93168,1,93168,1
78566,93168,1,93168,1
78566,93168,1,93168,1
78566,93168,1,93168,1
78566,93168,1,93168,1
78566,93168,1,93168,1
78566,93168,1,93168,1
78566,93168,1,93168,1
78566,93168,1,93168,1
78566,93168,1,93168,1
78566,93168,1,93168,1
78566,93168,1,93168,1
78566,93168,1,93168,1
78566,93168,1,93168,1
78566,93168,1,93168,1
78566,93168,1,93168,1
78566,93168,1,93168,1
78566,93168,1,93168,1
78566,93168,1,93168,1
78566,93168,1,93168,1
78566,93168,1,93168,1
78566,93168,1,93168,1
78566,93168,1,93168,1
78566,93168,1,93168,1
78566,93168,1,93168,1
78566,93168,1,93168,1
78566,93168,1,93168,1
78566,93168,1,93168,1
78566,93168,1,93168,1
78566,93168,1,86117,1
78566,86117,1,86117,1
78566,86117,1,86117,1
78566,86117,1,86117,1
78566,86117,1,86117,1
78566,86117,1,86117,1
78566,86117,1,86117,1
78566,86117,1,86117,1
78566,86117,1,86117,1
78566,86117,1,86117,1
78566,86117,1,86117,1
78566,86117,1,86117,1
78566,86117,1,86117,1
78566,86117,1,86117,1
78566,86117,1,86117,1
78566,86117,1,86117,1
78566,86117,1,86117,1
78566,86117,1,86117,1
78566,86117,1,86117,1
78566,86117,1,86117,1
78566,86117,1,86117,1
78566,86117,1,86117,1
78566,86117,1,86117,1
78566,86117,1,86117,1
78566,86117,1,86117,1
78566,86117,1,86117,1
78566,86117,1,86117,1
78566,86117,1,86117,1
78566,86117,1,86117,1
78566,86117,1,86117,1
78566,86117,1,86117,1
78566,86117,1,86117,1
78566,86117,1,86117,1
78566,86117,1,86117,1
78566,86117,1,86117,1
78566,86117,1,86117,1
78566,86117,1,86117,1
78566,86117,1,86117,1
78566,86117,1,86117,1
78566,86117,1,86117,1
78566,86117,1,86117,1
78566,86117,1,86117,1
78566,86117,1,86117,1
78566,86117,1,86117,1
78566,86117,1,86117,1
78566,86117,1,86117,1
78566,86117,1,85098,1
78566,85098,1,85098,1
78566,85098,1,85098,1
78566,85098,1,85098,1
78566,85098,1,85098,1
78566,85098,1,85098,1
78566,85098,1,85098,1
78566,85098,1,85098,1
78566,85098,1,85098,1
78566,85098,1,85098,1
78566,85098,1,85098,1
78566,85098,1,85098,1
78566,85098,1,85098,1
78566,85098,1,85098,1
78566,85098,1,85098,1
78566,85098,1,85098,1
78566,85098,1,85098,1
78566,85098,1,85098,1
78566,85098,1,85098,1
78566,85098,1,85098,1
78566,85098,1,85098,1
78566,85098,1,85098,1
78566,85098,1,85098,1
78566,85098,1,85098,1
78566,85098,1,85098,1
78566,85098,1,85098,1
78566,85098,1,85098,1
78566,85098,1,85098,1
78566,85098,1,85098,1
78566,85098,1,85098,1
78566,85098,1,85098,1
78566,85098,1,85098,1
78566,85098,1,85098,1
78566,85098,1,85098,1
78566,85098,1,85098,1
78566,85098,1,85098,1
78566,85098,1,85098,1
78566,85098,1,85098,1
78566,85098,1,85098,1
78566,85098,1,85098,1
78566,85098,1,85098,1
78566,85098,1,85098,1
78566,85098,1,85098,1
78566,85098,1,85098,1
78566,85098,1,85098,1
78566,85098,1,85098,1
78566,85098,1,89295,1
78566,89295,1,89295,1
78566,89295,1,89295,1
78566,89295,1,89295,1
78566,89295,1,89295,1
78566,89295,1,89295,1
78566,89295,1,89295,1
78566,89295,1,89295,1
78566,89295,1,89295,1
78566,89295,1,89295,1
78566,89295,1,89295,1
78566,89295,1,89295,1
78566,89295,1,89295,1
78566,89295,1,89295,1
78566,89295,1,89295,1
78566,89295,1,89295,1
78566,89295,1,89295,1
78566,89295,1,89295,1
78566,89295,1,89295,1
78566,89295,1,89295,1
78566,89295,1,89295,1
78566,89295,1,89295,1
78566,89295,1,89295,1
78566,89295,1,89295,1
78566,89295,1,89295,1
78566,89295,1,89295,1
78566,89295,1,89295,1
78566,89295,1,89295,1
78566,89295,1,89295,1
78566,89295,1,89295,1
78566,89295,1,89295,1
78566,89295,1,89295,1
78566,89295,1,89295,1
78566,89295,1,89295,1
78566,89295,1,89295,1
78566,89295,1,89295,1
78566,89295,1,89295,1
78566,89295,1,89295,1
78566,89295,1,89295,1
78566,89295,1,89295,1
78566,89295,1,89295,1
78566,89295,1,89295,1
78566,89295,1,89295,1
78566,89295,1,89295,1
78566,89295,1,89295,1
78566,89295,1,89295,1
78566,89295,1,89295,1
78566,89295,1,89295,1
78566,89295,1,89295,1
78566,89295,1,89295,1
78566,89295,1,89295,1
78566,89295,1,89295,1
78566,89295,1,89295,1
78566,89295,1,89295,1
78566,89295,1,89295,1
78566,89295,1,89295,1
78566,89295,1,89295,1
78566,89295,1,89295,1
78566,89295,1,89295,1
78566,89295,1,89295,1
78566,89295,1,89295,1
78566,89295,1,89295,1
78566,89295,1,89295,1
78566,89295,1,89295,1
78566,89295,1,89295,1
78566,89295,1,89295,1
78566,89295,1,89295,1
78566,89295,1,89295,1
78566,89295,1,89295,1
78566,89295,1,89295,1
78566,89295,1,89295,1
78566,89295,1,89295,1
78566,89295,1,89295,1
78566,89295,1,89295,1
78566,89295,1,89295,1
78566,89295,1,89295,1
78566,89295,1,89295,1
78566,89295,1,89295,1
78566,89295,1,89295,1
78566,89295,1,89295,1
78566,89295,1,89295,1
78566,89295,1,89295,1
78566,89295,1,89295,1
78566,89295,1,89295,1
78566,89295,1,89295,1
78566,89295,1,89295,1
78566,89295,1,89295,1
78566,89295,1,89295,1
78566,89295,1,89295,1
78566,89295,1,89295,1
78566,89295,1,89295,1
78566,89295,1,89295,1
78566,89295,1,89295,1
78566,89295,1,89295,1
78566,89295,1,89295,1
78566,89295,1,89295,1
78566,89295,1,89295,1
78566,89295,1,91350,0
78566,91350,0,91350,0
78566,91350,0,91350,0
78566,91350,0,91350,0
78566,91350,0,91350,0
78566,91350,0,91350,0
78566,91350,0,91350,0
78566,91350,0,91350,0
78566,91350,0,91350,0
78566,91350,0,91350,0
78566,91350,0,91350,0
78566,91350,0,91350,0
78566,91350,0,91350,0
78566,91350,0,91350,0
78566,91350,0,91350,0
78566,91350,0,91350,0
78566,91350,0,91350,0
78566,91350,0,91350,0
78566,91350,0,91350,0
78566,91350,0,91350,0
78566,91350,0,91350,0
78566,91350,0,91350,0
78566,91350,0,91350,0
78566,91350,0,91350,0
78566,91350,0,91350,0
78566,91350,0,91350,0
78566,91350,0,91350,0
78566,91350,0,91350,0
78566,91350,0,91350,0
78566,91350,0,91350,0
78566,91350,0,91350,0
78566,91350,0,91350,0
78566,91350,0,91350,0
78566,91350,0,91350,0
78566,91350,0,91350,0
78566,91350,0,91350,0
78566,91350,0,91350,0
78566,91350,0,91350,0
78566,91350,0,91350,0
78566,91350,0,91350,0
78566,91350,0,91350,0
78566,91350,0,91350,0
78566,91350,0,91350,0
78566,91350,0,91350,0
78566,91350,0,91350,0
78566,91350,0,91350,0
78566,91350,0,91350,0
78566,91350,0,91350,0
78566,91350,0,91350,0
78566,91350,0,91350,0
78566,91350,0,91350,0
78566,91350,0,91350,0
78566,91350,0,91350,0
78566,91350,0,91350,0
78566,91350,0,91350,0
78566,91350,0,91350,0
78566,91350,0,91350,0
78566,91350,0,91350,0
78566,91350,0,91350,0
78566,91350,0,91350,0
78566,91350,0,91350,0
78566,91350,0,91350,0
78566,91350,0,91350,0
78566,91350,0,91350,0
78566,91350,0,91350,0
78566,91350,0,91350,0
78566,91350,0,91350,0
78566,91350,0,91350,0
78566,91350,0,91350,0
78566,91350,0,91350,0
78566,91350,0,91350,0
78566,91350,0,91350,0
78566,91350,0,91350,0
78566,91350,0,91350,0
78566,91350,0,91350,0
78566,91350,0,91350,0
78566,91350,0,91350,0
78566,91350,0,91350,0
78566,91350,0,91350,0
78566,91350,0,91350,0
78566,91350,0,91350,0
78566,91350,0,91350,0
78566,91350,0,91350,0
78566,91350,0,91350,0
78566,91350,0,91350,0
78566,91350,0,91350,0
78566,91350,0,91350,0
78566,91350,0,91350,0
78566,91350,0,91350,0
78566,91350,0,91350,0
78566,91350,0,91350,0
78566,91350,0,91350,0
78566,91350,0,91350,0
78566,91350,0,91350,0
78566,91350,0,91350,0
78566,91350,0,91350,0
78566,91350,0,91350,0
78566,91350,0,89288,1
78566,89288,1,89288,1
78566,89288,1,89288,1
78566,89288,1,89288,1
78566,89288,1,89288,1
78566,89288,1,89288,1
78566,89288,1,89288,1
78566,89288,1,89288,1
78566,89288,1,89288,1
78566,89288,1,89288,1
78566,89288,1,89288,1
78566,89288,1,89288,1
78566,89288,1,89288,1
78566,89288,1,89288,1
78566,89288,1,89288,1
78566,89288,1,89288,1
78566,89288,1,89288,1
78566,89288,1,89288,1
78566,89288,1,89288,1
78566,89288,1,89288,1
78566,89288,1,89288,1
78566,89288,1,89288,1
78566,89288,1,89288,1
78566,89288,1,89288,1
78566,89288,1,89288,1
78566,89288,1,89288,1
78566,89288,1,89288,1
78566,89288,1,89288,1
78566,89288,1,89288,1
78566,89288,1,89288,1
78566,89288,1,89288,1
78566,89288,1,89288,1
78566,89288,1,89288,1
78566,89288,1,89288,1
78566,89288,1,89288,1
78566,89288,1,89288,1
78566,89288,1,89288,1
78566,89288,1,89288,1
78566,89288,1,89288,1
78566,89288,1,89288,1
78566,89288,1,89288,1
78566,89288,1,89288,1
78566,89288,1,89288,1
78566,89288,1,89288,1
78566,89288,1,89288,1
78566,89288,1,89288,1
78566,89288,1,89288,1
78566,89288,1,89275,1
78566,89275,1,89275,1
78566,89275,1,89275,1
78566,89275,1,89275,1
78566,89275,1,89275,1
78566,89275,1,89275,1
78566,89275,1,89275,1
78566,89275,1,89275,1
78566,89275,1,89275,1
78566,89275,1,89275,1
78566,89275,1,89275,1
78566,89275,1,89275,1
78566,89275,1,89275,1
78566,89275,1,89275,1
78566,89275,1,89275,1
78566,89275,1,89275,1
78566,89275,1,89275,1
78566,89275,1,89275,1
78566,89275,1,89275,1
78566,89275,1,89275,1
78566,89275,1,89275,1
78566,89275,1,89275,1
78566,89275,1,89275,1
78566,89275,1,89275,1
78566,89275,1,89275,1
78566,89275,1,89275,1
78566,89275,1,89275,1
78566,89275,1,89275,1
78566,89275,1,89275,1
78566,89275,1,89275,1
78566,89275,1,89275,1
78566,89275,1,89275,1
78566,89275,1,89275,1
78566,89275,1,89275,1
78566,89275,1,89275,1
78566,89275,1,89275,1
78566,89275,1,89275,1
78566,89275,1,89275,1
78566,89275,1,89275,1
78566,89275,1,89275,1
78566,89275,1,89275,1
78566,89275,1,89275,1
78566,89275,1,89275,1
78566,89275,1,89275,1
78566,89275,1,89275,1
78566,89275,1,89275,1
78566,89275,1,89275,1
78566,89275,1,89275,1
78566,89275,1,89275,1
78566,89275,1,89275,1
78566,89275,1,89275,1
78566,89275,1,89275,1
78566,89275,1,89275,1
78566,89275,1,89275,1
78566,89275,1,89275,1
78566,89275,1,89275,1
78566,89275,1,89275,1
78566,89275,1,89275,1
78566,89275,1,89275,1
78566,89275,1,89275,1
78566,89275,1,89275,1
78566,89275,1,89275,1
78566,89275,1,89275,1
78566,89275,1,89275,1
78566,89275,1,89275,1
78566,89275,1,89275,1
78566,89275,1,89275,1
78566,89275,1,89275,1
78566,89275,1,89275,1
78566,89275,1,89275,1
78566,89275,1,89275,1
78566,89275,1,89275,1
78566,89275,1,89275,1
78566,89275,1,89275,1
78566,89275,1,89275,1
78566,89275,1,89275,1
78566,89275,1,89275,1
78566,89275,1,89275,1
78566,89275,1,89275,1
78566,89275,1,89275,1
78566,89275,1,89275,1
78566,89275,1,89275,1
78566,89275,1,89275,1
78566,89275,1,89275,1
78566,89275,1,89275,1
78566,89275,1,89275,1
78566,89275,1,89275,1
78566,89275,1,89275,1
78566,89275,1,89275,1
78566,89275,1,89275,1
78566,89275,1,89275,1
78566,89275,1,89275,1
78566,89275,1,89275,1
78566,89275,1,89275,1
78566,89275,1,89275,1
78566,89275,1,89275,1
78566,89275,1,89275,1
78566,89275,1,89274,1
78566,89274,1,89274,1
78566,89274,1,89274,1
78566,89274,1,89274,1
78566,89274,1,89274,1
78566,89274,1,89274,1
78566,89274,1,89274,1
78566,89274,1,89274,1
78566,89274,1,89274,1
78566,89274,1,89274,1
78566,89274,1,89274,1
78566,89274,1,89274,1
78566,89274,1,89274,1
78566,89274,1,89274,1
78566,89274,1,89274,1
78566,89274,1,89274,1
78566,89274,1,89274,1
78566,89274,1,89274,1
78566,89274,1,89274,1
78566,89274,1,89274,1
78566,89274,1,89274,1
78566,89274,1,89274,1
78566,89274,1,89274,1
78566,89274,1,89274,1
78566,89274,1,89274,1
78566,89274,1,89274,1
78566,89274,1,89274,1
78566,89274,1,89274,1
78566,89274,1,89274,1
78566,89274,1,89274,1
78566,89274,1,89274,1
78566,89274,1,89274,1
78566,89274,1,89274,1
78566,89274,1,89274,1
78566,89274,1,89274,1
78566,89274,1,89274,1
78566,89274,1,89274,1
78566,89274,1,89274,1
78566,89274,1,89274,1
78566,89274,1,89274,1
78566,89274,1,89274,1
78566,89274,1,89274,1
78566,89274,1,89274,1
78566,89274,1,89274,1
78566,89274,1,89274,1
78566,89274,1,89274,1
78566,89274,1,89274,1
78566,89274,1,89274,1
78566,89274,1,89274,1
78566,89274,1,89274,1
78566,89274,1,89274,1
78566,89274,1,89274,1
78566,89274,1,89274,1
78566,89274,1,89274,1
78566,89274,1,89274,1
78566,89274,1,89274,1
78566,89274,1,89274,1
78566,89274,1,89274,1
78566,89274,1,89274,1
78566,89274,1,89274,1
78566,89274,1,89274,1
78566,89274,1,89274,1
78566,89274,1,89274,1
78566,89274,1,89274,1
78566,89274,1,89274,1
78566,89274,1,89274,1
78566,89274,1,89274,1
78566,89274,1,89274,1
78566,89274,1,89274,1
78566,89274,1,89274,1
78566,89274,1,89274,1
78566,89274,1,89274,1
78566,89274,1,89274,1
78566,89274,1,89274,1
78566,89274,1,89274,1
78566,89274,1,89274,1
78566,89274,1,89274,1
78566,89274,1,89274,1
78566,89274,1,89274,1
78566,89274,1,89274,1
78566,89274,1,89274,1
78566,89274,1,89274,1
78566,89274,1,89274,1
78566,89274,1,89274,1
78566,89274,1,89274,1
78566,89274,1,89274,1
78566,89274,1,89274,1
78566,89274,1,89274,1
78566,89274,1,89274,1
78566,89274,1,89274,1
78566,89274,1,89274,1
78566,89274,1,89274,1
78566,89274,1,89274,1
78566,89274,1,89274,1
78566,89274,1,89274,1
78566,89274,1,89274,1
78566,89274,1,89274,1
78566,89274,1,89782,0
78566,89782,0,89782,0
78566,89782,0,89782,0
78566,89782,0,89782,0
78566,89782,0,89782,0
78566,89782,0,89782,0
78566,89782,0,89782,0
78566,89782,0,89782,0
78566,89782,0,89782,0
78566,89782,0,89782,0
78566,89782,0,89782,0
78566,89782,0,89782,0
78566,89782,0,89782,0
78566,89782,0,89782,0
78566,89782,0,89782,0
78566,89782,0,89782,0
78566,89782,0,89782,0
78566,89782,0,89782,0
78566,89782,0,89782,0
78566,89782,0,89782,0
78566,89782,0,89782,0
78566,89782,0,89782,0
78566,89782,0,89782,0
78566,89782,0,89782,0
78566,89782,0,89782,0
78566,89782,0,89782,0
78566,89782,0,89782,0
78566,89782,0,89782,0
78566,89782,0,89782,0
78566,89782,0,89782,0
78566,89782,0,89782,0
78566,89782,0,89782,0
78566,89782,0,89782,0
78566,89782,0,89782,0
78566,89782,0,89782,0
78566,89782,0,89782,0
78566,89782,0,89782,0
78566,89782,0,89782,0
78566,89782,0,89782,0
78566,89782,0,89782,0
78566,89782,0,89782,0
78566,89782,0,89782,0
78566,89782,0,89782,0
78566,89782,0,89782,0
78566,89782,0,89782,0
78566,89782,0,89782,0
78566,89782,0,89782,0
78566,89782,0,89782,0
78566,89782,0,89782,0
78566,89782,0,89782,0
78566,89782,0,89782,0
78566,89782,0,89782,0
78566,89782,0,89782,0
78566,89782,0,89782,0
78566,89782,0,89782,0
78566,89782,0,89782,0
78566,89782,0,89782,0
78566,89782,0,89782,0
78566,89782,0,89782,0
78566,89782,0,89782,0
78566,89782,0,89782,0
78566,89782,0,89782,0
78566,89782,0,89782,0
78566,89782,0,89782,0
78566,89782,0,89782,0
78566,89782,0,89782,0
78566,89782,0,89782,0
78566,89782,0,89782,0
78566,89782,0,89782,0
78566,89782,0,89782,0
78566,89782,0,89782,0
78566,89782,0,89782,0
78566,89782,0,89782,0
78566,89782,0,89782,0
78566,89782,0,89782,0
78566,89782,0,89782,0
78566,89782,0,89782,0
78566,89782,0,89782,0
78566,89782,0,89782,0
78566,89782,0,89782,0
78566,89782,0,89782,0
78566,89782,0,89782,0
78566,89782,0,89782,0
78566,89782,0,89782,0
78566,89782,0,89782,0
78566,89782,0,89782,0
78566,89782,0,89782,0
78566,89782,0,89782,0
78566,89782,0,89782,0
78566,89782,0,89782,0
78566,89782,0,89782,0
78566,89782,0,89782,0
78566,89782,0,89782,0
78566,89782,0,91642,0
78566,91642,0,91642,0
78566,91642,0,91642,0
78566,91642,0,91642,0
78566,91642,0,91642,0
78566,91642,0,91642,0
78566,91642,0,91642,0
78566,91642,0,91642,0
78566,91642,0,91642,0
78566,91642,0,91642,0
78566,91642,0,91642,0
78566,91642,0,91642,0
78566,91642,0,91642,0
78566,91642,0,91642,0
78566,91642,0,91642,0
78566,91642,0,91642,0
78566,91642,0,91642,0
78566,91642,0,91642,0
78566,91642,0,91642,0
78566,91642,0,91642,0
78566,91642,0,91642,0
78566,91642,0,91642,0
78566,91642,0,91642,0
78566,91642,0,91642,0
78566,91642,0,91642,0
78566,91642,0,91642,0
78566,91642,0,91642,0
78566,91642,0,91642,0
78566,91642,0,91642,0
78566,91642,0,91642,0
78566,91642,0,91642,0
78566,91642,0,91642,0
78566,91642,0,91642,0
78566,91642,0,91642,0
78566,91642,0,91642,0
78566,91642,0,91642,0
78566,91642,0,91642,0
78566,91642,0,91642,0
78566,91642,0,91642,0
78566,91642,0,91642,0
78566,91642,0,91642,0
78566,91642,0,91642,0
78566,91642,0,91642,0
78566,91642,0,91642,0
78566,91642,0,91642,0
78566,91642,0,91642,0
78566,91642,0,91642,0
78566,91642,0,91642,0
78566,91642,0,91642,0
78566,91642,0,91642,0
78566,91642,0,91642,0
78566,91642,0,91642,0
78566,91642,0,91642,0
78566,91642,0,91642,0
78566,91642,0,91642,0
78566,91642,0,91642,0
78566,91642,0,91642,0
78566,91642,0,91642,0
78566,91642,0,91642,0
78566,91642,0,91642,0
78566,91642,0,91642,0
78566,91642,0,91642,0
78566,91642,0,91642,0
78566,91642,0,91642,0
78566,91642,0,91642,0
78566,91642,0,91642,0
78566,91642,0,91642,0
78566,91642,0,91642,0
78566,91642,0,91642,0
78566,91642,0,91642,0
78566,91642,0,91642,0
78566,91642,0,91642,0
78566,91642,0,91642,0
78566,91642,0,91642,0
78566,91642,0,91642,0
78566,91642,0,91642,0
78566,91642,0,91642,0
78566,91642,0,91642,0
78566,91642,0,91642,0
78566,91642,0,91642,0
78566,91642,0,91642,0
78566,91642,0,91642,0
78566,91642,0,91642,0
78566,91642,0,91642,0
78566,91642,0,91642,0
78566,91642,0,91642,0
78566,91642,0,91642,0
78566,91642,0,91642,0
78566,91642,0,91642,0
78566,91642,0,91642,0
78566,91642,0,91642,0
78566,91642,0,91642,0
78566,91642,0,91642,0
78566,91642,0,89774,1
78566,89774,1,89774,1
78566,89774,1,89774,1
78566,89774,1,89774,1
78566,89774,1,89774,1
78566,89774,1,89774,1
78566,89774,1,89774,1
78566,89774,1,89774,1
78566,89774,1,89774,1
78566,89774,1,89774,1
78566,89774,1,89774,1
78566,89774,1,89774,1
78566,89774,1,89774,1
78566,89774,1,89774,1
78566,89774,1,89774,1
78566,89774,1,89774,1
78566,89774,1,89774,1
78566,89774,1,89774,1
78566,89774,1,89774,1
78566,89774,1,89774,1
78566,89774,1,89774,1
78566,89774,1,89774,1
78566,89774,1,89774,1
78566,89774,1,89774,1
78566,89774,1,89774,1
78566,89774,1,89774,1
78566,89774,1,89774,1
78566,89774,1,89774,1
78566,89774,1,89774,1
78566,89774,1,89774,1
78566,89774,1,89774,1
78566,89774,1,89774,1
78566,89774,1,89774,1
78566,89774,1,89774,1
78566,89774,1,89774,1
78566,89774,1,89774,1
78566,89774,1,89774,1
78566,89774,1,89774,1
78566,89774,1,89774,1
78566,89774,1,89774,1
78566,89774,1,89774,1
78566,89774,1,89774,1
78566,89774,1,89774,1
78566,89774,1,89774,1
78566,89774,1,89774,1
78566,89774,1,89774,1
78566,89774,1,89774,1
78566,89774,1,89774,1
78566,89774,1,89774,1
78566,89774,1,89774,1
78566,89774,1,89774,1
78566,89774,1,89774,1
78566,89774,1,89774,1
78566,89774,1,89774,1
78566,89774,1,89774,1
78566,89774,1,89774,1
78566,89774,1,89774,1
78566,89774,1,89774,1
78566,89774,1,89774,1
78566,89774,1,89774,1
78566,89774,1,89774,1
78566,89774,1,89774,1
78566,89774,1,89774,1
78566,89774,1,89774,1
78566,89774,1,89774,1
78566,89774,1,89774,1
78566,89774,1,89774,1
78566,89774,1,89774,1
78566,89774,1,89774,1
78566,89774,1,89774,1
78566,89774,1,89774,1
78566,89774,1,89774,1
78566,89774,1,89774,1
78566,89774,1,89774,1
78566,89774,1,89774,1
78566,89774,1,89774,1
78566,89774,1,89774,1
78566,89774,1,89774,1
78566,89774,1,89774,1
78566,89774,1,89774,1
78566,89774,1,89774,1
78566,89774,1,89774,1
78566,89774,1,89774,1
78566,89774,1,89774,1
78566,89774,1,89774,1
78566,89774,1,89774,1
78566,89774,1,89774,1
78566,89774,1,89774,1
78566,89774,1,89774,1
78566,89774,1,89774,1
78566,89774,1,89774,1
78566,89774,1,89774,1
78566,89774,1,89774,1
78566,89774,1,89843,1
78566,89843,1,89843,1
78566,89843,1,89843,1
78566,89843,1,89843,1
78566,89843,1,89843,1
78566,89843,1,89843,1
78566,89843,1,89843,1
78566,89843,1,89843,1
78566,89843,1,89843,1
78566,89843,1,89843,1
78566,89843,1,89843,1
78566,89843,1,89843,1
78566,89843,1,89843,1
78566,89843,1,89843,1
78566,89843,1,89843,1
78566,89843,1,89843,1
78566,89843,1,89843,1
78566,89843,1,89843,1
78566,89843,1,89843,1
78566,89843,1,89843,1
78566,89843,1,89843,1
78566,89843,1,89843,1
78566,89843,1,89843,1
78566,89843,1,89843,1
78566,89843,1,89843,1
78566,89843,1,89843,1
78566,89843,1,89843,1
78566,89843,1,89843,1
78566,89843,1,89843,1
78566,89843,1,89843,1
78566,89843,1,89843,1
78566,89843,1,89843,1
78566,89843,1,89843,1
78566,89843,1,89843,1
78566,89843,1,89843,1
78566,89843,1,89843,1
78566,89843,1,89843,1
78566,89843,1,89843,1
78566,89843,1,89843,1
78566,89843,1,89843,1
78566,89843,1,89843,1
78566,89843,1,89843,1
78566,89843,1,89843,1
78566,89843,1,89843,1
78566,89843,1,89843,1
78566,89843,1,89843,1
78566,89843,1,89843,1
78566,89843,1,89843,1
78566,89843,1,89843,1
78566,89843,1,89843,1
78566,89843,1,89843,1
78566,89843,1,89843,1
78566,89843,1,89843,1
78566,89843,1,89843,1
78566,89843,1,89843,1
78566,89843,1,89843,1
78566,89843,1,89843,1
78566,89843,1,89843,1
78566,89843,1,89843,1
78566,89843,1,89843,1
78566,89843,1,89843,1
78566,89843,1,89843,1
78566,89843,1,89843,1
78566,89843,1,89843,1
78566,89843,1,89843,1
78566,89843,1,89843,1
78566,89843,1,89843,1
78566,89843,1,89843,1
78566,89843,1,89843,1
78566,89843,1,89843,1
78566,89843,1,89843,1
78566,89843,1,89843,1
78566,89843,1,89843,1
78566,89843,1,89843,1
78566,89843,1,89843,1
78566,89843,1,89843,1
78566,89843,1,89843,1
78566,89843,1,89843,1
78566,89843,1,89843,1
78566,89843,1,89843,1
78566,89843,1,89843,1
78566,89843,1,89843,1
78566,89843,1,89843,1
78566,89843,1,89843,1
78566,89843,1,89843,1
78566,89843,1,89843,1
78566,89843,1,89843,1
78566,89843,1,89843,1
78566,89843,1,89843,1
78566,89843,1,89843,1
78566,89843,1,89843,1
78566,89843,1,89843,1
78566,89843,1,89843,1
78566,89843,1,89802,1
78566,89802,1,89802,1
78566,89802,1,89802,1
78566,89802,1,89802,1
78566,89802,1,89802,1
78566,89802,1,89802,1
78566,89802,1,89802,1
78566,89802,1,89802,1
78566,89802,1,89802,1
78566,89802,1,89802,1
78566,89802,1,89802,1
78566,89802,1,89802,1
78566,89802,1,89802,1
78566,89802,1,89802,1
78566,89802,1,89802,1
78566,89802,1,89802,1
78566,89802,1,89802,1
78566,89802,1,89802,1
78566,89802,1,89802,1
78566,89802,1,89802,1
78566,89802,1,89802,1
78566,89802,1,89802,1
78566,89802,1,89802,1
78566,89802,1,89802,1
78566,89802,1,89802,1
78566,89802,1,89802,1
78566,89802,1,89802,1
78566,89802,1,89802,1
78566,89802,1,89802,1
78566,89802,1,89802,1
78566,89802,1,89802,1
78566,89802,1,89802,1
78566,89802,1,89802,1
78566,89802,1,89802,1
78566,89802,1,89802,1
78566,89802,1,89802,1
78566,89802,1,89802,1
78566,89802,1,89802,1
78566,89802,1,89802,1
78566,89802,1,89802,1
78566,89802,1,89802,1
78566,89802,1,89802,1
78566,89802,1,89802,1
78566,89802,1,89802,1
78566,89802,1,89802,1
78566,89802,1,89802,1
78566,89802,1,89802,1
78566,89802,1,89802,1
78566,89802,1,89802,1
78566,89802,1,89802,1
78566,89802,1,89802,1
78566,89802,1,89802,1
78566,89802,1,89802,1
78566,89802,1,89802,1
78566,89802,1,89802,1
78566,89802,1,89802,1
78566,89802,1,89802,1
78566,89802,1,89802,1
78566,89802,1,89802,1
78566,89802,1,89802,1
78566,89802,1,89802,1
78566,89802,1,89802,1
78566,89802,1,89802,1
78566,89802,1,89802,1
78566,89802,1,89802,1
78566,89802,1,89802,1
78566,89802,1,89802,1
78566,89802,1,89802,1
78566,89802,1,89802,1
78566,89802,1,89802,1
78566,89802,1,89802,1
78566,89802,1,89802,1
78566,89802,1,89802,1
78566,89802,1,89802,1
78566,89802,1,89802,1
78566,89802,1,89802,1
78566,89802,1,89802,1
78566,89802,1,89802,1
78566,89802,1,89802,1
78566,89802,1,89802,1
78566,89802,1,89802,1
78566,89802,1,89802,1
78566,89802,1,89802,1
78566,89802,1,89802,1
78566,89802,1,89802,1
78566,89802,1,89802,1
78566,89802,1,89802,1
78566,89802,1,89802,1
78566,89802,1,89802,1
78566,89802,1,89802,1
78566,89802,1,89802,1
78566,89802,1,89802,1
78566,89802,1,89802,1
78566,89802,1,89818,1
78566,89818,1,89818,1
78566,89818,1,89818,1
78566,89818,1,89818,1
78566,89818,1,89818,1
78566,89818,1,89818,1
78566,89818,1,89818,1
78566,89818,1,89818,1
78566,89818,1,89818,1
78566,89818,1,89818,1
78566,89818,1,89818,1
78566,89818,1,89818,1
78566,89818,1,89818,1
78566,89818,1,89818,1
78566,89818,1,89818,1
78566,89818,1,89818,1
78566,89818,1,89818,1
78566,89818,1,89818,1
78566,89818,1,89818,1
78566,89818,1,89818,1
78566,89818,1,89818,1
78566,89818,1,89818,1
78566,89818,1,89818,1
78566,89818,1,89818,1
78566,89818,1,89818,1
78566,89818,1,89818,1
78566,89818,1,89818,1
78566,89818,1,89818,1
78566,89818,1,89818,1
78566,89818,1,89818,1
78566,89818,1,89818,1
78566,89818,1,89818,1
78566,89818,1,89818,1
78566,89818,1,89818,1
78566,89818,1,89818,1
78566,89818,1,89818,1
78566,89818,1,89818,1
78566,89818,1,89818,1
78566,89818,1,89818,1
78566,89818,1,89818,1
78566,89818,1,89818,1
78566,89818,1,89818,1
78566,89818,1,89818,1
78566,89818,1,89818,1
78566,89818,1,173956,0
78566,173956,0,173984,0
78566,173984,0,173979,1
78566,173979,1,174011,0
78566,174011,0,173965,1
78566,173965,1,174004,0
78566,174004,0,173980,0
78566,173980,0,173953,0
78566,173953,0,173939,1
78566,173939,1,173920,0
78566,173920,0,173909,1
78566,173909,1,173886,1
78566,173886,1,173934,1
78566,173934,1,91667,1
78566,91667,1,91667,1
78566,91667,1,91667,1
78566,91667,1,91667,1
78566,91667,1,91667,1
78566,91667,1,91667,1
78566,91667,1,91667,1
78566,91667,1,91667,1
78566,91667,1,91667,1
78566,91667,1,91667,1
78566,91667,1,91667,1
78566,91667,1,91667,1
78566,91667,1,91667,1
78566,91667,1,91667,1
78566,91667,1,91667,1
78566,91667,1,91667,1
78566,91667,1,91667,1
78566,91667,1,91667,1
78566,91667,1,91667,1
78566,91667,1,91667,1
78566,91667,1,91667,1
78566,91667,1,91667,1
78566,91667,1,91667,1
78566,91667,1,91667,1
78566,91667,1,91667,1
78566,91667,1,91667,1
78566,91667,1,91667,1
78566,91667,1,91667,1
78566,91667,1,91667,1
78566,91667,1,91667,1
78566,91667,1,91667,1
78566,91667,1,91667,1
78566,91667,1,91667,1
78566,91667,1,91667,1
78566,91667,1,91667,1
78566,91667,1,91667,1
78566,91667,1,91667,1
78566,91667,1,91667,1
78566,91667,1,91667,1
78566,91667,1,91667,1
78566,91667,1,91667,1
78566,91667,1,91667,1
78566,91667,1,91667,1
78566,91667,1,91667,1
78566,91667,1,91667,1
78566,91667,1,91667,1
78566,91667,1,91667,1
78566,91667,1,91667,1
78566,91667,1,91667,1
78566,91667,1,91667,1
78566,91667,1,91667,1
78566,91667,1,91667,1
78566,91667,1,91667,1
78566,91667,1,91667,1
78566,91667,1,91667,1
78566,91667,1,91667,1
78566,91667,1,91667,1
78566,91667,1,91667,1
78566,91667,1,91667,1
78566,91667,1,91667,1
78566,91667,1,91667,1
78566,91667,1,91667,1
78566,91667,1,91667,1
78566,91667,1,91667,1
78566,91667,1,91667,1
78566,91667,1,91667,1
78566,91667,1,91667,1
78566,91667,1,91667,1
78566,91667,1,91667,1
78566,91667,1,91667,1
78566,91667,1,91667,1
78566,91667,1,91667,1
78566,91667,1,91667,1
78566,91667,1,91667,1
78566,91667,1,91667,1
78566,91667,1,91667,1
78566,91667,1,91667,1
78566,91667,1,91667,1
78566,91667,1,91667,1
78566,91667,1,91667,1
78566,91667,1,91667,1
78566,91667,1,91667,1
78566,91667,1,91667,1
78566,91667,1,91667,1
78566,91667,1,91667,1
78566,91667,1,91667,1
78566,91667,1,91667,1
78566,91667,1,91667,1
78566,91667,1,91667,1
78566,91667,1,91667,1
78566,91667,1,91667,1
78566,91667,1,91667,1
78566,91667,1,91667,1
78567,93216,1,93216,1
78567,93216,1,93216,1
78567,93216,1,93216,1
78567,93216,1,93216,1
78567,93216,1,93216,1
78567,93216,1,93216,1
78567,93216,1,93216,1
78567,93216,1,93216,1
78567,93216,1,93216,1
78567,93216,1,93216,1
78567,93216,1,93216,1
78567,93216,1,93216,1
78567,93216,1,93216,1
78567,93216,1,93216,1
78567,93216,1,93216,1
78567,93216,1,93216,1
78567,93216,1,93216,1
78567,93216,1,93216,1
78567,93216,1,93216,1
78567,93216,1,93216,1
78567,93216,1,93216,1
78567,93216,1,93216,1
78567,93216,1,93216,1
78567,93216,1,93216,1
78567,93216,1,93216,1
78567,93216,1,93216,1
78567,93216,1,93216,1
78567,93216,1,93216,1
78567,93216,1,93216,1
78567,93216,1,93216,1
78567,93216,1,93216,1
78567,93216,1,93216,1
78567,93216,1,93216,1
78567,93216,1,93216,1
78567,93216,1,93216,1
78567,93216,1,93216,1
78567,93216,1,93216,1
78567,93216,1,93216,1
78567,93216,1,93216,1
78567,93216,1,93216,1
78567,93216,1,93216,1
78567,93216,1,93216,1
78567,93216,1,93216,1
78567,93216,1,93216,1
78567,93216,1,93216,1
78567,93216,1,93204,1
78567,93204,1,93204,1
78567,93204,1,93204,1
78567,93204,1,93204,1
78567,93204,1,93204,1
78567,93204,1,93204,1
78567,93204,1,93204,1
78567,93204,1,93204,1
78567,93204,1,93204,1
78567,93204,1,93204,1
78567,93204,1,93204,1
78567,93204,1,93204,1
78567,93204,1,93204,1
78567,93204,1,93204,1
78567,93204,1,93204,1
78567,93204,1,93204,1
78567,93204,1,93204,1
78567,93204,1,93204,1
78567,93204,1,93204,1
78567,93204,1,93204,1
78567,93204,1,93204,1
78567,93204,1,93204,1
78567,93204,1,93204,1
78567,93204,1,93204,1
78567,93204,1,93204,1
78567,93204,1,93204,1
78567,93204,1,93204,1
78567,93204,1,93204,1
78567,93204,1,93204,1
78567,93204,1,93204,1
78567,93204,1,93204,1
78567,93204,1,93204,1
78567,93204,1,93204,1
78567,93204,1,93204,1
78567,93204,1,93204,1
78567,93204,1,93204,1
78567,93204,1,93204,1
78567,93204,1,93204,1
78567,93204,1,93204,1
78567,93204,1,93204,1
78567,93204,1,93204,1
78567,93204,1,93204,1
78567,93204,1,93204,1
78567,93204,1,93204,1
78567,93204,1,93204,1
78567,93204,1,93204,1
78567,93204,1,93150,1
78567,93150,1,93150,1
78567,93150,1,93150,1
78567,93150,1,93150,1
78567,93150,1,93150,1
78567,93150,1,93150,1
78567,93150,1,93150,1
78567,93150,1,93150,1
78567,93150,1,93150,1
78567,93150,1,93150,1
78567,93150,1,93150,1
78567,93150,1,93150,1
78567,93150,1,93150,1
78567,93150,1,93150,1
78567,93150,1,93150,1
78567,93150,1,93150,1
78567,93150,1,93150,1
78567,93150,1,93150,1
78567,93150,1,93150,1
78567,93150,1,93150,1
78567,93150,1,93150,1
78567,93150,1,93150,1
78567,93150,1,93150,1
78567,93150,1,93150,1
78567,93150,1,93150,1
78567,93150,1,93150,1
78567,93150,1,93150,1
78567,93150,1,93150,1
78567,93150,1,93150,1
78567,93150,1,93150,1
78567,93150,1,93150,1
78567,93150,1,93150,1
78567,93150,1,93150,1
78567,93150,1,93150,1
78567,93150,1,93150,1
78567,93150,1,93150,1
78567,93150,1,93150,1
78567,93150,1,93150,1
78567,93150,1,93150,1
78567,93150,1,93150,1
78567,93150,1,93150,1
78567,93150,1,93150,1
78567,93150,1,93150,1
78567,93150,1,85663,1
78567,85663,1,85663,1
78567,85663,1,85663,1
78567,85663,1,85663,1
78567,85663,1,85663,1
78567,85663,1,85663,1
78567,85663,1,85663,1
78567,85663,1,85663,1
78567,85663,1,85663,1
78567,85663,1,85663,1
78567,85663,1,85663,1
78567,85663,1,85663,1
78567,85663,1,85663,1
78567,85663,1,85663,1
78567,85663,1,85663,1
78567,85663,1,85663,1
78567,85663,1,85663,1
78567,85663,1,85663,1
78567,85663,1,85663,1
78567,85663,1,85663,1
78567,85663,1,85663,1
78567,85663,1,85663,1
78567,85663,1,85663,1
78567,85663,1,85663,1
78567,85663,1,85663,1
78567,85663,1,85663,1
78567,85663,1,85663,1
78567,85663,1,85663,1
78567,85663,1,85663,1
78567,85663,1,85663,1
78567,85663,1,85663,1
78567,85663,1,85663,1
78567,85663,1,85663,1
78567,85663,1,85663,1
78567,85663,1,85663,1
78567,85663,1,85663,1
78567,85663,1,85663,1
78567,85663,1,85663,1
78567,85663,1,85663,1
78567,85663,1,85663,1
78567,85663,1,85663,1
78567,85663,1,85663,1
78567,85663,1,85663,1
78567,85663,1,85663,1
78567,85663,1,85663,1
78567,85663,1,85663,1
78567,85663,1,85098,1
78567,85098,1,85098,1
78567,85098,1,85098,1
78567,85098,1,85098,1
78567,85098,1,85098,1
78567,85098,1,85098,1
78567,85098,1,85098,1
78567,85098,1,85098,1
78567,85098,1,85098,1
78567,85098,1,85098,1
78567,85098,1,85098,1
78567,85098,1,85098,1
78567,85098,1,85098,1
78567,85098,1,85098,1
78567,85098,1,85098,1
78567,85098,1,85098,1
78567,85098,1,85098,1
78567,85098,1,85098,1
78567,85098,1,85098,1
78567,85098,1,85098,1
78567,85098,1,85098,1
78567,85098,1,85098,1
78567,85098,1,85098,1
78567,85098,1,85098,1
78567,85098,1,85098,1
78567,85098,1,85098,1
78567,85098,1,85098,1
78567,85098,1,85098,1
78567,85098,1,85098,1
78567,85098,1,85098,1
78567,85098,1,85098,1
78567,85098,1,85098,1
78567,85098,1,85098,1
78567,85098,1,85098,1
78567,85098,1,85098,1
78567,85098,1,85098,1
78567,85098,1,85098,1
78567,85098,1,85098,1
78567,85098,1,85098,1
78567,85098,1,85098,1
78567,85098,1,85098,1
78567,85098,1,85098,1
78567,85098,1,85098,1
78567,85098,1,85098,1
78567,85098,1,85098,1
78567,85098,1,85098,1
78567,85098,1,85662,1
78567,85662,1,85662,1
78567,85662,1,85662,1
78567,85662,1,85662,1
78567,85662,1,85662,1
78567,85662,1,85662,1
78567,85662,1,85662,1
78567,85662,1,85662,1
78567,85662,1,85662,1
78567,85662,1,85662,1
78567,85662,1,85662,1
78567,85662,1,85662,1
78567,85662,1,85662,1
78567,85662,1,85662,1
78567,85662,1,85662,1
78567,85662,1,85662,1
78567,85662,1,85662,1
78567,85662,1,85662,1
78567,85662,1,85662,1
78567,85662,1,85662,1
78567,85662,1,85662,1
78567,85662,1,85662,1
78567,85662,1,85662,1
78567,85662,1,85662,1
78567,85662,1,85662,1
78567,85662,1,85662,1
78567,85662,1,85662,1
78567,85662,1,85662,1
78567,85662,1,85662,1
78567,85662,1,85662,1
78567,85662,1,85662,1
78567,85662,1,85662,1
78567,85662,1,85662,1
78567,85662,1,85662,1
78567,85662,1,85662,1
78567,85662,1,85662,1
78567,85662,1,85662,1
78567,85662,1,85662,1
78567,85662,1,85662,1
78567,85662,1,85662,1
78567,85662,1,85662,1
78567,85662,1,85662,1
78567,85662,1,85662,1
78567,85662,1,91352,1
78567,91352,1,91352,1
78567,91352,1,91352,1
78567,91352,1,91352,1
78567,91352,1,91352,1
78567,91352,1,91352,1
78567,91352,1,91352,1
78567,91352,1,91352,1
78567,91352,1,91352,1
78567,91352,1,91352,1
78567,91352,1,91352,1
78567,91352,1,91352,1
78567,91352,1,91352,1
78567,91352,1,91352,1
78567,91352,1,91352,1
78567,91352,1,91352,1
78567,91352,1,91352,1
78567,91352,1,91352,1
78567,91352,1,91352,1
78567,91352,1,91352,1
78567,91352,1,91352,1
78567,91352,1,91352,1
78567,91352,1,91352,1
78567,91352,1,91352,1
78567,91352,1,91352,1
78567,91352,1,91352,1
78567,91352,1,91352,1
78567,91352,1,91352,1
78567,91352,1,91352,1
78567,91352,1,91352,1
78567,91352,1,91352,1
78567,91352,1,91352,1
78567,91352,1,91352,1
78567,91352,1,91352,1
78567,91352,1,91352,1
78567,91352,1,91352,1
78567,91352,1,91352,1
78567,91352,1,91352,1
78567,91352,1,91352,1
78567,91352,1,91352,1
78567,91352,1,91352,1
78567,91352,1,91352,1
78567,91352,1,91352,1
78567,91352,1,91352,1
78567,91352,1,91352,1
78567,91352,1,91352,1
78567,91352,1,91352,1
78567,91352,1,91352,1
78567,91352,1,91352,1
78567,91352,1,91352,1
78567,91352,1,91352,1
78567,91352,1,91352,1
78567,91352,1,91352,1
78567,91352,1,91352,1
78567,91352,1,91352,1
78567,91352,1,91352,1
78567,91352,1,91352,1
78567,91352,1,91352,1
78567,91352,1,91352,1
78567,91352,1,91352,1
78567,91352,1,91352,1
78567,91352,1,91352,1
78567,91352,1,91352,1
78567,91352,1,91352,1
78567,91352,1,91352,1
78567,91352,1,91352,1
78567,91352,1,91352,1
78567,91352,1,91352,1
78567,91352,1,91352,1
78567,91352,1,91352,1
78567,91352,1,91352,1
78567,91352,1,91352,1
78567,91352,1,91352,1
78567,91352,1,91352,1
78567,91352,1,91352,1
78567,91352,1,91352,1
78567,91352,1,91352,1
78567,91352,1,91352,1
78567,91352,1,91352,1
78567,91352,1,91352,1
78567,91352,1,91352,1
78567,91352,1,91352,1
78567,91352,1,91352,1
78567,91352,1,91352,1
78567,91352,1,91352,1
78567,91352,1,91352,1
78567,91352,1,91352,1
78567,91352,1,91352,1
78567,91352,1,91352,1
78567,91352,1,91352,1
78567,91352,1,91352,1
78567,91352,1,91352,1
78567,91352,1,91352,1
78567,91352,1,91352,1
78567,91352,1,91352,1
78567,91352,1,91352,1
78567,91352,1,91352,1
78567,91352,1,89266,1
78567,89266,1,89266,1
78567,89266,1,89266,1
78567,89266,1,89266,1
78567,89266,1,89266,1
78567,89266,1,89266,1
78567,89266,1,89266,1
78567,89266,1,89266,1
78567,89266,1,89266,1
78567,89266,1,89266,1
78567,89266,1,89266,1
78567,89266,1,89266,1
78567,89266,1,89266,1
78567,89266,1,89266,1
78567,89266,1,89266,1
78567,89266,1,89266,1
78567,89266,1,89266,1
78567,89266,1,89266,1
78567,89266,1,89266,1
78567,89266,1,89266,1
78567,89266,1,89266,1
78567,89266,1,89266,1
78567,89266,1,89266,1
78567,89266,1,89266,1
78567,89266,1,89266,1
78567,89266,1,89266,1
78567,89266,1,89266,1
78567,89266,1,89266,1
78567,89266,1,89266,1
78567,89266,1,89266,1
78567,89266,1,89266,1
78567,89266,1,89266,1
78567,89266,1,89266,1
78567,89266,1,89266,1
78567,89266,1,89266,1
78567,89266,1,89266,1
78567,89266,1,89266,1
78567,89266,1,89266,1
78567,89266,1,89266,1
78567,89266,1,89266,1
78567,89266,1,89266,1
78567,89266,1,89266,1
78567,89266,1,89266,1
78567,89266,1,89266,1
78567,89266,1,89266,1
78567,89266,1,89266,1
78567,89266,1,89266,1
78567,89266,1,89266,1
78567,89266,1,89266,1
78567,89266,1,89266,1
78567,89266,1,89266,1
78567,89266,1,89266,1
78567,89266,1,89266,1
78567,89266,1,89266,1
78567,89266,1,89266,1
78567,89266,1,89266,1
78567,89266,1,89266,1
78567,89266,1,89266,1
78567,89266,1,89266,1
78567,89266,1,89266,1
78567,89266,1,89266,1
78567,89266,1,89266,1
78567,89266,1,89266,1
78567,89266,1,89266,1
78567,89266,1,89266,1
78567,89266,1,89266,1
78567,89266,1,89266,1
78567,89266,1,89266,1
78567,89266,1,89266,1
78567,89266,1,89266,1
78567,89266,1,89266,1
78567,89266,1,89266,1
78567,89266,1,89266,1
78567,89266,1,89266,1
78567,89266,1,89266,1
78567,89266,1,89266,1
78567,89266,1,89266,1
78567,89266,1,89266,1
78567,89266,1,89266,1
78567,89266,1,89266,1
78567,89266,1,89266,1
78567,89266,1,89266,1
78567,89266,1,89266,1
78567,89266,1,89266,1
78567,89266,1,89266,1
78567,89266,1,89266,1
78567,89266,1,89266,1
78567,89266,1,89266,1
78567,89266,1,89266,1
78567,89266,1,89266,1
78567,89266,1,89266,1
78567,89266,1,89266,1
78567,89266,1,89266,1
78567,89266,1,89266,1
78567,89266,1,89266,1
78567,89266,1,89266,1
78567,89266,1,89266,1
78567,89266,1,91353,1
78567,91353,1,91353,1
78567,91353,1,91353,1
78567,91353,1,91353,1
78567,91353,1,91353,1
78567,91353,1,91353,1
78567,91353,1,91353,1
78567,91353,1,91353,1
78567,91353,1,91353,1
78567,91353,1,91353,1
78567,91353,1,91353,1
78567,91353,1,91353,1
78567,91353,1,91353,1
78567,91353,1,91353,1
78567,91353,1,91353,1
78567,91353,1,91353,1
78567,91353,1,91353,1
78567,91353,1,91353,1
78567,91353,1,91353,1
78567,91353,1,91353,1
78567,91353,1,91353,1
78567,91353,1,91353,1
78567,91353,1,91353,1
78567,91353,1,91353,1
78567,91353,1,91353,1
78567,91353,1,91353,1
78567,91353,1,91353,1
78567,91353,1,91353,1
78567,91353,1,91353,1
78567,91353,1,91353,1
78567,91353,1,91353,1
78567,91353,1,91353,1
78567,91353,1,91353,1
78567,91353,1,91353,1
78567,91353,1,91353,1
78567,91353,1,91353,1
78567,91353,1,91353,1
78567,91353,1,91353,1
78567,91353,1,91353,1
78567,91353,1,91353,1
78567,91353,1,91353,1
78567,91353,1,91353,1
78567,91353,1,91353,1
78567,91353,1,91353,1
78567,91353,1,91353,1
78567,91353,1,91353,1
78567,91353,1,91353,1
78567,91353,1,89262,1
78567,89262,1,89262,1
78567,89262,1,89262,1
78567,89262,1,89262,1
78567,89262,1,89262,1
78567,89262,1,89262,1
78567,89262,1,89262,1
78567,89262,1,89262,1
78567,89262,1,89262,1
78567,89262,1,89262,1
78567,89262,1,89262,1
78567,89262,1,89262,1
78567,89262,1,89262,1
78567,89262,1,89262,1
78567,89262,1,89262,1
78567,89262,1,89262,1
78567,89262,1,89262,1
78567,89262,1,89262,1
78567,89262,1,89262,1
78567,89262,1,89262,1
78567,89262,1,89262,1
78567,89262,1,89262,1
78567,89262,1,89262,1
78567,89262,1,89262,1
78567,89262,1,89262,1
78567,89262,1,89262,1
78567,89262,1,89262,1
78567,89262,1,89262,1
78567,89262,1,89262,1
78567,89262,1,89262,1
78567,89262,1,89262,1
78567,89262,1,89262,1
78567,89262,1,89262,1
78567,89262,1,89262,1
78567,89262,1,89262,1
78567,89262,1,89262,1
78567,89262,1,89262,1
78567,89262,1,89262,1
78567,89262,1,89262,1
78567,89262,1,89262,1
78567,89262,1,89262,1
78567,89262,1,89262,1
78567,89262,1,89262,1
78567,89262,1,89262,1
78567,89262,1,89262,1
78567,89262,1,89262,1
78567,89262,1,89262,1
78567,89262,1,89287,0
78567,89287,0,89287,0
78567,89287,0,89287,0
78567,89287,0,89287,0
78567,89287,0,89287,0
78567,89287,0,89287,0
78567,89287,0,89287,0
78567,89287,0,89287,0
78567,89287,0,89287,0
78567,89287,0,89287,0
78567,89287,0,89287,0
78567,89287,0,89287,0
78567,89287,0,89287,0
78567,89287,0,89287,0
78567,89287,0,89287,0
78567,89287,0,89287,0
78567,89287,0,89287,0
78567,89287,0,89287,0
78567,89287,0,89287,0
78567,89287,0,89287,0
78567,89287,0,89287,0
78567,89287,0,89287,0
78567,89287,0,89287,0
78567,89287,0,89287,0
78567,89287,0,89287,0
78567,89287,0,89287,0
78567,89287,0,89287,0
78567,89287,0,89287,0
78567,89287,0,89287,0
78567,89287,0,89287,0
78567,89287,0,89287,0
78567,89287,0,89287,0
78567,89287,0,89287,0
78567,89287,0,89287,0
78567,89287,0,89287,0
78567,89287,0,89287,0
78567,89287,0,89287,0
78567,89287,0,89287,0
78567,89287,0,89287,0
78567,89287,0,89287,0
78567,89287,0,89287,0
78567,89287,0,89287,0
78567,89287,0,89287,0
78567,89287,0,89287,0
78567,89287,0,89287,0
78567,89287,0,89287,0
78567,89287,0,89287,0
78567,89287,0,91395,1
78567,91395,1,91395,1
78567,91395,1,91395,1
78567,91395,1,91395,1
78567,91395,1,91395,1
78567,91395,1,91395,1
78567,91395,1,91395,1
78567,91395,1,91395,1
78567,91395,1,91395,1
78567,91395,1,91395,1
78567,91395,1,91395,1
78567,91395,1,91395,1
78567,91395,1,91395,1
78567,91395,1,91395,1
78567,91395,1,91395,1
78567,91395,1,91395,1
78567,91395,1,91395,1
78567,91395,1,91395,1
78567,91395,1,91395,1
78567,91395,1,91395,1
78567,91395,1,91395,1
78567,91395,1,91395,1
78567,91395,1,91395,1
78567,91395,1,91395,1
78567,91395,1,91395,1
78567,91395,1,91395,1
78567,91395,1,91395,1
78567,91395,1,91395,1
78567,91395,1,91395,1
78567,91395,1,91395,1
78567,91395,1,91395,1
78567,91395,1,91395,1
78567,91395,1,91395,1
78567,91395,1,91395,1
78567,91395,1,91395,1
78567,91395,1,91395,1
78567,91395,1,91395,1
78567,91395,1,91395,1
78567,91395,1,91395,1
78567,91395,1,91395,1
78567,91395,1,91395,1
78567,91395,1,91395,1
78567,91395,1,91395,1
78567,91395,1,91395,1
78567,91395,1,91395,1
78567,91395,1,91395,1
78567,91395,1,91395,1
78567,91395,1,89277,1
78567,89277,1,89277,1
78567,89277,1,89277,1
78567,89277,1,89277,1
78567,89277,1,89277,1
78567,89277,1,89277,1
78567,89277,1,89277,1
78567,89277,1,89277,1
78567,89277,1,89277,1
78567,89277,1,89277,1
78567,89277,1,89277,1
78567,89277,1,89277,1
78567,89277,1,89277,1
78567,89277,1,89277,1
78567,89277,1,89277,1
78567,89277,1,89277,1
78567,89277,1,89277,1
78567,89277,1,89277,1
78567,89277,1,89277,1
78567,89277,1,89277,1
78567,89277,1,89277,1
78567,89277,1,89277,1
78567,89277,1,89277,1
78567,89277,1,89277,1
78567,89277,1,89277,1
78567,89277,1,89277,1
78567,89277,1,89277,1
78567,89277,1,89277,1
78567,89277,1,89277,1
78567,89277,1,89277,1
78567,89277,1,89277,1
78567,89277,1,89277,1
78567,89277,1,89277,1
78567,89277,1,89277,1
78567,89277,1,89277,1
78567,89277,1,89277,1
78567,89277,1,89277,1
78567,89277,1,89277,1
78567,89277,1,89277,1
78567,89277,1,89277,1
78567,89277,1,89277,1
78567,89277,1,89277,1
78567,89277,1,89277,1
78567,89277,1,89277,1
78567,89277,1,89277,1
78567,89277,1,89277,1
78567,89277,1,89277,1
78567,89277,1,89800,1
78567,89800,1,89800,1
78567,89800,1,89800,1
78567,89800,1,89800,1
78567,89800,1,89800,1
78567,89800,1,89800,1
78567,89800,1,89800,1
78567,89800,1,89800,1
78567,89800,1,89800,1
78567,89800,1,89800,1
78567,89800,1,89800,1
78567,89800,1,89800,1
78567,89800,1,89800,1
78567,89800,1,89800,1
78567,89800,1,89800,1
78567,89800,1,89800,1
78567,89800,1,89800,1
78567,89800,1,89800,1
78567,89800,1,89800,1
78567,89800,1,89800,1
78567,89800,1,89800,1
78567,89800,1,89800,1
78567,89800,1,89800,1
78567,89800,1,89800,1
78567,89800,1,89800,1
78567,89800,1,89800,1
78567,89800,1,89800,1
78567,89800,1,89800,1
78567,89800,1,89800,1
78567,89800,1,89800,1
78567,89800,1,89800,1
78567,89800,1,89800,1
78567,89800,1,89800,1
78567,89800,1,89800,1
78567,89800,1,89800,1
78567,89800,1,89800,1
78567,89800,1,89800,1
78567,89800,1,89800,1
78567,89800,1,89800,1
78567,89800,1,89800,1
78567,89800,1,89800,1
78567,89800,1,89800,1
78567,89800,1,89800,1
78567,89800,1,89800,1
78567,89800,1,89800,1
78567,89800,1,89800,1
78567,89800,1,89800,1
78567,89800,1,89800,1
78567,89800,1,89800,1
78567,89800,1,89800,1
78567,89800,1,89800,1
78567,89800,1,89800,1
78567,89800,1,89800,1
78567,89800,1,89800,1
78567,89800,1,89800,1
78567,89800,1,89800,1
78567,89800,1,89800,1
78567,89800,1,89800,1
78567,89800,1,89800,1
78567,89800,1,89800,1
78567,89800,1,89800,1
78567,89800,1,89800,1
78567,89800,1,89800,1
78567,89800,1,89800,1
78567,89800,1,89800,1
78567,89800,1,89800,1
78567,89800,1,89800,1
78567,89800,1,89800,1
78567,89800,1,89800,1
78567,89800,1,89800,1
78567,89800,1,89800,1
78567,89800,1,89800,1
78567,89800,1,89800,1
78567,89800,1,89800,1
78567,89800,1,89800,1
78567,89800,1,89800,1
78567,89800,1,89800,1
78567,89800,1,89800,1
78567,89800,1,89800,1
78567,89800,1,89800,1
78567,89800,1,89800,1
78567,89800,1,89800,1
78567,89800,1,89800,1
78567,89800,1,89800,1
78567,89800,1,89800,1
78567,89800,1,89800,1
78567,89800,1,89800,1
78567,89800,1,89800,1
78567,89800,1,89800,1
78567,89800,1,89800,1
78567,89800,1,89800,1
78567,89800,1,89800,1
78567,89800,1,89800,1
78567,89800,1,173946,0
78567,173946,0,173905,1
78567,173905,1,173944,1
78567,173944,1,173945,1
78567,173945,1,174017,1
78567,174017,1,174016,1
78567,174016,1,91660,1
78567,91660,1,91660,1
78567,91660,1,91660,1
78567,91660,1,91660,1
78567,91660,1,91660,1
78567,91660,1,91660,1
78567,91660,1,91660,1
78567,91660,1,91660,1
78567,91660,1,91660,1
78567,91660,1,91660,1
78567,91660,1,91660,1
78567,91660,1,91660,1
78567,91660,1,91660,1
78567,91660,1,91660,1
78567,91660,1,91660,1
78567,91660,1,91660,1
78567,91660,1,91660,1
78567,91660,1,91660,1
78567,91660,1,91660,1
78567,91660,1,91660,1
78567,91660,1,91660,1
78567,91660,1,91660,1
78567,91660,1,91660,1
78567,91660,1,91660,1
78567,91660,1,91660,1
78567,91660,1,91660,1
78567,91660,1,91660,1
78567,91660,1,91660,1
78567,91660,1,91660,1
78567,91660,1,91660,1
78567,91660,1,91660,1
78567,91660,1,91660,1
78567,91660,1,91660,1
78567,91660,1,91660,1
78567,91660,1,91660,1
78567,91660,1,91660,1
78567,91660,1,91660,1
78567,91660,1,91660,1
78567,91660,1,91660,1
78567,91660,1,91660,1
78567,91660,1,91660,1
78567,91660,1,91660,1
78567,91660,1,91660,1
78567,91660,1,91660,1
78567,91660,1,91660,1
78567,91660,1,91660,1
78567,91660,1,91660,1
78567,91660,1,91660,1
78567,91660,1,91660,1
78567,91660,1,91660,1
78567,91660,1,91660,1
78567,91660,1,91660,1
78567,91660,1,91660,1
78567,91660,1,91660,1
78567,91660,1,91660,1
78567,91660,1,91660,1
78567,91660,1,91660,1
78567,91660,1,91660,1
78567,91660,1,91660,1
78567,91660,1,91660,1
78567,91660,1,91660,1
78567,91660,1,91660,1
78567,91660,1,91660,1
78567,91660,1,91660,1
78567,91660,1,91660,1
78567,91660,1,91660,1
78567,91660,1,91660,1
78567,91660,1,91660,1
78567,91660,1,91660,1
78567,91660,1,91660,1
78567,91660,1,91660,1
78567,91660,1,91660,1
78567,91660,1,91660,1
78567,91660,1,91660,1
78567,91660,1,91660,1
78567,91660,1,91660,1
78567,91660,1,91660,1
78567,91660,1,91660,1
78567,91660,1,91660,1
78567,91660,1,91660,1
78567,91660,1,91660,1
78567,91660,1,91660,1
78567,91660,1,91660,1
78567,91660,1,91660,1
78567,91660,1,91660,1
78567,91660,1,91660,1
78567,91660,1,91660,1
78567,91660,1,91660,1
78567,91660,1,91660,1
78567,91660,1,91660,1
78567,91660,1,91660,1
78567,91660,1,91660,1
78567,91660,1,91660,1
78567,91660,1,91665,1
78567,91665,1,91665,1
78567,91665,1,91665,1
78567,91665,1,91665,1
78567,91665,1,91665,1
78567,91665,1,91665,1
78567,91665,1,91665,1
78567,91665,1,91665,1
78567,91665,1,91665,1
78567,91665,1,91665,1
78567,91665,1,91665,1
78567,91665,1,91665,1
78567,91665,1,91665,1
78567,91665,1,91665,1
78567,91665,1,91665,1
78567,91665,1,91665,1
78567,91665,1,91665,1
78567,91665,1,91665,1
78567,91665,1,91665,1
78567,91665,1,91665,1
78567,91665,1,91665,1
78567,91665,1,91665,1
78567,91665,1,91665,1
78567,91665,1,91665,1
78567,91665,1,91665,1
78567,91665,1,91665,1
78567,91665,1,91665,1
78567,91665,1,91665,1
78567,91665,1,91665,1
78567,91665,1,91665,1
78567,91665,1,91665,1
78567,91665,1,91665,1
78567,91665,1,91665,1
78567,91665,1,91665,1
78567,91665,1,91665,1
78567,91665,1,91665,1
78567,91665,1,91665,1
78567,91665,1,91665,1
78567,91665,1,91665,1
78567,91665,1,91665,1
78567,91665,1,91665,1
78567,91665,1,91665,1
78567,91665,1,91665,1
78567,91665,1,91665,1
78567,91665,1,91665,1
78567,91665,1,91665,1
78567,91665,1,91665,1
78567,91665,1,91665,1
78567,91665,1,91665,1
78567,91665,1,91665,1
78567,91665,1,91665,1
78567,91665,1,91665,1
78567,91665,1,91665,1
78567,91665,1,91665,1
78567,91665,1,91665,1
78567,91665,1,91665,1
78567,91665,1,91665,1
78567,91665,1,91665,1
78567,91665,1,91665,1
78567,91665,1,91665,1
78567,91665,1,91665,1
78567,91665,1,91665,1
78567,91665,1,91665,1
78567,91665,1,91665,1
78567,91665,1,91665,1
78567,91665,1,91665,1
78567,91665,1,91665,1
78567,91665,1,91665,1
78567,91665,1,91665,1
78567,91665,1,91665,1
78567,91665,1,91665,1
78567,91665,1,91665,1
78567,91665,1,91665,1
78567,91665,1,91665,1
78567,91665,1,91665,1
78567,91665,1,91665,1
78567,91665,1,91665,1
78567,91665,1,91665,1
78567,91665,1,91665,1
78567,91665,1,91665,1
78567,91665,1,91665,1
78567,91665,1,91665,1
78567,91665,1,91665,1
78567,91665,1,91665,1
78567,91665,1,91665,1
78567,91665,1,91665,1
78567,91665,1,91665,1
78567,91665,1,91665,1
78567,91665,1,91665,1
78567,91665,1,91665,1
78568,93203,1,93203,1
78568,93203,1,93203,1
78568,93203,1,93203,1
78568,93203,1,93203,1
78568,93203,1,93203,1
78568,93203,1,93203,1
78568,93203,1,93203,1
78568,93203,1,93203,1
78568,93203,1,93203,1
78568,93203,1,93203,1
78568,93203,1,93203,1
78568,93203,1,93203,1
78568,93203,1,93203,1
78568,93203,1,93203,1
78568,93203,1,93203,1
78568,93203,1,93203,1
78568,93203,1,93203,1
78568,93203,1,93203,1
78568,93203,1,93203,1
78568,93203,1,93203,1
78568,93203,1,93203,1
78568,93203,1,93203,1
78568,93203,1,93203,1
78568,93203,1,93203,1
78568,93203,1,93203,1
78568,93203,1,93203,1
78568,93203,1,93203,1
78568,93203,1,93203,1
78568,93203,1,93203,1
78568,93203,1,93203,1
78568,93203,1,93203,1
78568,93203,1,93203,1
78568,93203,1,93203,1
78568,93203,1,93203,1
78568,93203,1,93203,1
78568,93203,1,93203,1
78568,93203,1,93203,1
78568,93203,1,93203,1
78568,93203,1,93203,1
78568,93203,1,93203,1
78568,93203,1,93203,1
78568,93203,1,93203,1
78568,93203,1,93203,1
78568,93203,1,93203,1
78568,93203,1,93203,1
78568,93203,1,93195,0
78568,93195,0,93195,0
78568,93195,0,93195,0
78568,93195,0,93195,0
78568,93195,0,93195,0
78568,93195,0,93195,0
78568,93195,0,93195,0
78568,93195,0,93195,0
78568,93195,0,93195,0
78568,93195,0,93195,0
78568,93195,0,93195,0
78568,93195,0,93195,0
78568,93195,0,93195,0
78568,93195,0,93195,0
78568,93195,0,93195,0
78568,93195,0,93195,0
78568,93195,0,93195,0
78568,93195,0,93195,0
78568,93195,0,93195,0
78568,93195,0,93195,0
78568,93195,0,93195,0
78568,93195,0,93195,0
78568,93195,0,93195,0
78568,93195,0,93195,0
78568,93195,0,93195,0
78568,93195,0,93195,0
78568,93195,0,93195,0
78568,93195,0,93195,0
78568,93195,0,93195,0
78568,93195,0,93195,0
78568,93195,0,93195,0
78568,93195,0,93195,0
78568,93195,0,93195,0
78568,93195,0,93195,0
78568,93195,0,93195,0
78568,93195,0,93195,0
78568,93195,0,93195,0
78568,93195,0,93195,0
78568,93195,0,93195,0
78568,93195,0,93195,0
78568,93195,0,93195,0
78568,93195,0,93195,0
78568,93195,0,93195,0
78568,93195,0,93195,0
78568,93195,0,93195,0
78568,93195,0,93195,0
78568,93195,0,93239,1
78568,93239,1,93239,1
78568,93239,1,93239,1
78568,93239,1,93239,1
78568,93239,1,93239,1
78568,93239,1,93239,1
78568,93239,1,93239,1
78568,93239,1,93239,1
78568,93239,1,93239,1
78568,93239,1,93239,1
78568,93239,1,93239,1
78568,93239,1,93239,1
78568,93239,1,93239,1
78568,93239,1,93239,1
78568,93239,1,93239,1
78568,93239,1,93239,1
78568,93239,1,93239,1
78568,93239,1,93239,1
78568,93239,1,93239,1
78568,93239,1,93239,1
78568,93239,1,93239,1
78568,93239,1,93239,1
78568,93239,1,93239,1
78568,93239,1,93239,1
78568,93239,1,93239,1
78568,93239,1,93239,1
78568,93239,1,93239,1
78568,93239,1,93239,1
78568,93239,1,93239,1
78568,93239,1,93239,1
78568,93239,1,93239,1
78568,93239,1,93239,1
78568,93239,1,93239,1
78568,93239,1,93239,1
78568,93239,1,93239,1
78568,93239,1,93239,1
78568,93239,1,93239,1
78568,93239,1,93239,1
78568,93239,1,93239,1
78568,93239,1,93239,1
78568,93239,1,93239,1
78568,93239,1,93239,1
78568,93239,1,93239,1
78568,93239,1,93239,1
78568,93239,1,93239,1
78568,93239,1,93239,1
78568,93239,1,93217,1
78568,93217,1,93217,1
78568,93217,1,93217,1
78568,93217,1,93217,1
78568,93217,1,93217,1
78568,93217,1,93217,1
78568,93217,1,93217,1
78568,93217,1,93217,1
78568,93217,1,93217,1
78568,93217,1,93217,1
78568,93217,1,93217,1
78568,93217,1,93217,1
78568,93217,1,93217,1
78568,93217,1,93217,1
78568,93217,1,93217,1
78568,93217,1,93217,1
78568,93217,1,93217,1
78568,93217,1,93217,1
78568,93217,1,93217,1
78568,93217,1,93217,1
78568,93217,1,93217,1
78568,93217,1,93217,1
78568,93217,1,93217,1
78568,93217,1,93217,1
78568,93217,1,93217,1
78568,93217,1,93217,1
78568,93217,1,93217,1
78568,93217,1,93217,1
78568,93217,1,93217,1
78568,93217,1,93217,1
78568,93217,1,93217,1
78568,93217,1,93217,1
78568,93217,1,93217,1
78568,93217,1,93217,1
78568,93217,1,93217,1
78568,93217,1,93217,1
78568,93217,1,93217,1
78568,93217,1,93217,1
78568,93217,1,93217,1
78568,93217,1,93217,1
78568,93217,1,93217,1
78568,93217,1,93217,1
78568,93217,1,93217,1
78568,93217,1,93217,1
78568,93217,1,93217,1
78568,93217,1,93217,1
78568,93217,1,93178,0
78568,93178,0,93178,0
78568,93178,0,93178,0
78568,93178,0,93178,0
78568,93178,0,93178,0
78568,93178,0,93178,0
78568,93178,0,93178,0
78568,93178,0,93178,0
78568,93178,0,93178,0
78568,93178,0,93178,0
78568,93178,0,93178,0
78568,93178,0,93178,0
78568,93178,0,93178,0
78568,93178,0,93178,0
78568,93178,0,93178,0
78568,93178,0,93178,0
78568,93178,0,93178,0
78568,93178,0,93178,0
78568,93178,0,93178,0
78568,93178,0,93178,0
78568,93178,0,93178,0
78568,93178,0,93178,0
78568,93178,0,93178,0
78568,93178,0,93178,0
78568,93178,0,93178,0
78568,93178,0,93178,0
78568,93178,0,93178,0
78568,93178,0,93178,0
78568,93178,0,93178,0
78568,93178,0,93178,0
78568,93178,0,93178,0
78568,93178,0,93178,0
78568,93178,0,93178,0
78568,93178,0,93178,0
78568,93178,0,93178,0
78568,93178,0,93178,0
78568,93178,0,93178,0
78568,93178,0,93178,0
78568,93178,0,93178,0
78568,93178,0,93178,0
78568,93178,0,93178,0
78568,93178,0,93178,0
78568,93178,0,93178,0
78568,93178,0,93178,0
78568,93178,0,93178,0
78568,93178,0,93178,0
78568,93178,0,93182,1
78568,93182,1,93182,1
78568,93182,1,93182,1
78568,93182,1,93182,1
78568,93182,1,93182,1
78568,93182,1,93182,1
78568,93182,1,93182,1
78568,93182,1,93182,1
78568,93182,1,93182,1
78568,93182,1,93182,1
78568,93182,1,93182,1
78568,93182,1,93182,1
78568,93182,1,93182,1
78568,93182,1,93182,1
78568,93182,1,93182,1
78568,93182,1,93182,1
78568,93182,1,93182,1
78568,93182,1,93182,1
78568,93182,1,93182,1
78568,93182,1,93182,1
78568,93182,1,93182,1
78568,93182,1,93182,1
78568,93182,1,93182,1
78568,93182,1,93182,1
78568,93182,1,93182,1
78568,93182,1,93182,1
78568,93182,1,93182,1
78568,93182,1,93182,1
78568,93182,1,93182,1
78568,93182,1,93182,1
78568,93182,1,93182,1
78568,93182,1,93182,1
78568,93182,1,93182,1
78568,93182,1,93182,1
78568,93182,1,93182,1
78568,93182,1,93182,1
78568,93182,1,93182,1
78568,93182,1,93182,1
78568,93182,1,93182,1
78568,93182,1,93182,1
78568,93182,1,93182,1
78568,93182,1,93182,1
78568,93182,1,93182,1
78568,93182,1,93182,1
78568,93182,1,93182,1
78568,93182,1,93182,1
78568,93182,1,93163,1
78568,93163,1,93163,1
78568,93163,1,93163,1
78568,93163,1,93163,1
78568,93163,1,93163,1
78568,93163,1,93163,1
78568,93163,1,93163,1
78568,93163,1,93163,1
78568,93163,1,93163,1
78568,93163,1,93163,1
78568,93163,1,93163,1
78568,93163,1,93163,1
78568,93163,1,93163,1
78568,93163,1,93163,1
78568,93163,1,93163,1
78568,93163,1,93163,1
78568,93163,1,93163,1
78568,93163,1,93163,1
78568,93163,1,93163,1
78568,93163,1,93163,1
78568,93163,1,93163,1
78568,93163,1,93163,1
78568,93163,1,93163,1
78568,93163,1,93163,1
78568,93163,1,93163,1
78568,93163,1,93163,1
78568,93163,1,93163,1
78568,93163,1,93163,1
78568,93163,1,93163,1
78568,93163,1,93163,1
78568,93163,1,93163,1
78568,93163,1,93163,1
78568,93163,1,93163,1
78568,93163,1,93163,1
78568,93163,1,93163,1
78568,93163,1,93163,1
78568,93163,1,93163,1
78568,93163,1,93163,1
78568,93163,1,93163,1
78568,93163,1,93163,1
78568,93163,1,93163,1
78568,93163,1,93163,1
78568,93163,1,93163,1
78568,93163,1,93163,1
78568,93163,1,93163,1
78568,93163,1,93163,1
78568,93163,1,85671,1
78568,85671,1,85671,1
78568,85671,1,85671,1
78568,85671,1,85671,1
78568,85671,1,85671,1
78568,85671,1,85671,1
78568,85671,1,85671,1
78568,85671,1,85671,1
78568,85671,1,85671,1
78568,85671,1,85671,1
78568,85671,1,85671,1
78568,85671,1,85671,1
78568,85671,1,85671,1
78568,85671,1,85671,1
78568,85671,1,85671,1
78568,85671,1,85671,1
78568,85671,1,85671,1
78568,85671,1,85671,1
78568,85671,1,85671,1
78568,85671,1,85671,1
78568,85671,1,85671,1
78568,85671,1,85671,1
78568,85671,1,85671,1
78568,85671,1,85671,1
78568,85671,1,85671,1
78568,85671,1,85671,1
78568,85671,1,85671,1
78568,85671,1,85671,1
78568,85671,1,85671,1
78568,85671,1,85671,1
78568,85671,1,85671,1
78568,85671,1,85671,1
78568,85671,1,85671,1
78568,85671,1,85671,1
78568,85671,1,85671,1
78568,85671,1,85671,1
78568,85671,1,85671,1
78568,85671,1,85671,1
78568,85671,1,85671,1
78568,85671,1,85671,1
78568,85671,1,85671,1
78568,85671,1,85671,1
78568,85671,1,85671,1
78568,85671,1,85671,1
78568,85671,1,85671,1
78568,85671,1,85671,1
78568,85671,1,85674,1
78568,85674,1,85674,1
78568,85674,1,85674,1
78568,85674,1,85674,1
78568,85674,1,85674,1
78568,85674,1,85674,1
78568,85674,1,85674,1
78568,85674,1,85674,1
78568,85674,1,85674,1
78568,85674,1,85674,1
78568,85674,1,85674,1
78568,85674,1,85674,1
78568,85674,1,85674,1
78568,85674,1,85674,1
78568,85674,1,85674,1
78568,85674,1,85674,1
78568,85674,1,85674,1
78568,85674,1,85674,1
78568,85674,1,85674,1
78568,85674,1,85674,1
78568,85674,1,85674,1
78568,85674,1,85674,1
78568,85674,1,85674,1
78568,85674,1,85674,1
78568,85674,1,85674,1
78568,85674,1,85674,1
78568,85674,1,85674,1
78568,85674,1,85674,1
78568,85674,1,85674,1
78568,85674,1,85674,1
78568,85674,1,85674,1
78568,85674,1,85674,1
78568,85674,1,85674,1
78568,85674,1,85674,1
78568,85674,1,85674,1
78568,85674,1,85674,1
78568,85674,1,85674,1
78568,85674,1,85674,1
78568,85674,1,85674,1
78568,85674,1,85674,1
78568,85674,1,85674,1
78568,85674,1,85674,1
78568,85674,1,85674,1
78568,85674,1,85674,1
78568,85674,1,85674,1
78568,85674,1,85674,1
78568,85674,1,86102,1
78568,86102,1,86102,1
78568,86102,1,86102,1
78568,86102,1,86102,1
78568,86102,1,86102,1
78568,86102,1,86102,1
78568,86102,1,86102,1
78568,86102,1,86102,1
78568,86102,1,86102,1
78568,86102,1,86102,1
78568,86102,1,86102,1
78568,86102,1,86102,1
78568,86102,1,86102,1
78568,86102,1,86102,1
78568,86102,1,86102,1
78568,86102,1,86102,1
78568,86102,1,86102,1
78568,86102,1,86102,1
78568,86102,1,86102,1
78568,86102,1,86102,1
78568,86102,1,86102,1
78568,86102,1,86102,1
78568,86102,1,86102,1
78568,86102,1,86102,1
78568,86102,1,86102,1
78568,86102,1,86102,1
78568,86102,1,86102,1
78568,86102,1,86102,1
78568,86102,1,86102,1
78568,86102,1,86102,1
78568,86102,1,86102,1
78568,86102,1,86102,1
78568,86102,1,86102,1
78568,86102,1,86102,1
78568,86102,1,86102,1
78568,86102,1,86102,1
78568,86102,1,86102,1
78568,86102,1,86102,1
78568,86102,1,86102,1
78568,86102,1,86102,1
78568,86102,1,86102,1
78568,86102,1,86102,1
78568,86102,1,86102,1
78568,86102,1,89271,1
78568,89271,1,89271,1
78568,89271,1,89271,1
78568,89271,1,89271,1
78568,89271,1,89271,1
78568,89271,1,89271,1
78568,89271,1,89271,1
78568,89271,1,89271,1
78568,89271,1,89271,1
78568,89271,1,89271,1
78568,89271,1,89271,1
78568,89271,1,89271,1
78568,89271,1,89271,1
78568,89271,1,89271,1
78568,89271,1,89271,1
78568,89271,1,89271,1
78568,89271,1,89271,1
78568,89271,1,89271,1
78568,89271,1,89271,1
78568,89271,1,89271,1
78568,89271,1,89271,1
78568,89271,1,89271,1
78568,89271,1,89271,1
78568,89271,1,89271,1
78568,89271,1,89271,1
78568,89271,1,89271,1
78568,89271,1,89271,1
78568,89271,1,89271,1
78568,89271,1,89271,1
78568,89271,1,89271,1
78568,89271,1,89271,1
78568,89271,1,89271,1
78568,89271,1,89271,1
78568,89271,1,89271,1
78568,89271,1,89271,1
78568,89271,1,89271,1
78568,89271,1,89271,1
78568,89271,1,89271,1
78568,89271,1,89271,1
78568,89271,1,89271,1
78568,89271,1,89271,1
78568,89271,1,89271,1
78568,89271,1,89271,1
78568,89271,1,89271,1
78568,89271,1,89271,1
78568,89271,1,89271,1
78568,89271,1,89271,1
78568,89271,1,89271,1
78568,89271,1,89271,1
78568,89271,1,89271,1
78568,89271,1,89271,1
78568,89271,1,89271,1
78568,89271,1,89271,1
78568,89271,1,89271,1
78568,89271,1,89271,1
78568,89271,1,89271,1
78568,89271,1,89271,1
78568,89271,1,89271,1
78568,89271,1,89271,1
78568,89271,1,89271,1
78568,89271,1,89271,1
78568,89271,1,89271,1
78568,89271,1,89271,1
78568,89271,1,89271,1
78568,89271,1,89271,1
78568,89271,1,89271,1
78568,89271,1,89271,1
78568,89271,1,89271,1
78568,89271,1,89271,1
78568,89271,1,89271,1
78568,89271,1,89271,1
78568,89271,1,89271,1
78568,89271,1,89271,1
78568,89271,1,89271,1
78568,89271,1,89271,1
78568,89271,1,89271,1
78568,89271,1,89271,1
78568,89271,1,89271,1
78568,89271,1,89271,1
78568,89271,1,89271,1
78568,89271,1,89271,1
78568,89271,1,89271,1
78568,89271,1,89271,1
78568,89271,1,89271,1
78568,89271,1,89271,1
78568,89271,1,89271,1
78568,89271,1,89271,1
78568,89271,1,89271,1
78568,89271,1,89271,1
78568,89271,1,89271,1
78568,89271,1,89271,1
78568,89271,1,89271,1
78568,89271,1,89271,1
78568,89271,1,89271,1
78568,89271,1,89271,1
78568,89271,1,89271,1
78568,89271,1,89271,1
78568,89271,1,89242,1
78568,89242,1,89242,1
78568,89242,1,89242,1
78568,89242,1,89242,1
78568,89242,1,89242,1
78568,89242,1,89242,1
78568,89242,1,89242,1
78568,89242,1,89242,1
78568,89242,1,89242,1
78568,89242,1,89242,1
78568,89242,1,89242,1
78568,89242,1,89242,1
78568,89242,1,89242,1
78568,89242,1,89242,1
78568,89242,1,89242,1
78568,89242,1,89242,1
78568,89242,1,89242,1
78568,89242,1,89242,1
78568,89242,1,89242,1
78568,89242,1,89242,1
78568,89242,1,89242,1
78568,89242,1,89242,1
78568,89242,1,89242,1
78568,89242,1,89242,1
78568,89242,1,89242,1
78568,89242,1,89242,1
78568,89242,1,89242,1
78568,89242,1,89242,1
78568,89242,1,89242,1
78568,89242,1,89242,1
78568,89242,1,89242,1
78568,89242,1,89242,1
78568,89242,1,89242,1
78568,89242,1,89242,1
78568,89242,1,89242,1
78568,89242,1,89242,1
78568,89242,1,89242,1
78568,89242,1,89242,1
78568,89242,1,89242,1
78568,89242,1,89242,1
78568,89242,1,89242,1
78568,89242,1,89242,1
78568,89242,1,89242,1
78568,89242,1,89242,1
78568,89242,1,89242,1
78568,89242,1,89242,1
78568,89242,1,89242,1
78568,89242,1,89269,1
78568,89269,1,89269,1
78568,89269,1,89269,1
78568,89269,1,89269,1
78568,89269,1,89269,1
78568,89269,1,89269,1
78568,89269,1,89269,1
78568,89269,1,89269,1
78568,89269,1,89269,1
78568,89269,1,89269,1
78568,89269,1,89269,1
78568,89269,1,89269,1
78568,89269,1,89269,1
78568,89269,1,89269,1
78568,89269,1,89269,1
78568,89269,1,89269,1
78568,89269,1,89269,1
78568,89269,1,89269,1
78568,89269,1,89269,1
78568,89269,1,89269,1
78568,89269,1,89269,1
78568,89269,1,89269,1
78568,89269,1,89269,1
78568,89269,1,89269,1
78568,89269,1,89269,1
78568,89269,1,89269,1
78568,89269,1,89269,1
78568,89269,1,89269,1
78568,89269,1,89269,1
78568,89269,1,89269,1
78568,89269,1,89269,1
78568,89269,1,89269,1
78568,89269,1,89269,1
78568,89269,1,89269,1
78568,89269,1,89269,1
78568,89269,1,89269,1
78568,89269,1,89269,1
78568,89269,1,89269,1
78568,89269,1,89269,1
78568,89269,1,89269,1
78568,89269,1,89269,1
78568,89269,1,89269,1
78568,89269,1,89269,1
78568,89269,1,89269,1
78568,89269,1,89269,1
78568,89269,1,89269,1
78568,89269,1,89269,1
78568,89269,1,89267,1
78568,89267,1,89267,1
78568,89267,1,89267,1
78568,89267,1,89267,1
78568,89267,1,89267,1
78568,89267,1,89267,1
78568,89267,1,89267,1
78568,89267,1,89267,1
78568,89267,1,89267,1
78568,89267,1,89267,1
78568,89267,1,89267,1
78568,89267,1,89267,1
78568,89267,1,89267,1
78568,89267,1,89267,1
78568,89267,1,89267,1
78568,89267,1,89267,1
78568,89267,1,89267,1
78568,89267,1,89267,1
78568,89267,1,89267,1
78568,89267,1,89267,1
78568,89267,1,89267,1
78568,89267,1,89267,1
78568,89267,1,89267,1
78568,89267,1,89267,1
78568,89267,1,89267,1
78568,89267,1,89267,1
78568,89267,1,89267,1
78568,89267,1,89267,1
78568,89267,1,89267,1
78568,89267,1,89267,1
78568,89267,1,89267,1
78568,89267,1,89267,1
78568,89267,1,89267,1
78568,89267,1,89267,1
78568,89267,1,89267,1
78568,89267,1,89267,1
78568,89267,1,89267,1
78568,89267,1,89267,1
78568,89267,1,89267,1
78568,89267,1,89267,1
78568,89267,1,89267,1
78568,89267,1,89267,1
78568,89267,1,89267,1
78568,89267,1,89267,1
78568,89267,1,89267,1
78568,89267,1,89267,1
78568,89267,1,89267,1
78568,89267,1,89270,1
78568,89270,1,89270,1
78568,89270,1,89270,1
78568,89270,1,89270,1
78568,89270,1,89270,1
78568,89270,1,89270,1
78568,89270,1,89270,1
78568,89270,1,89270,1
78568,89270,1,89270,1
78568,89270,1,89270,1
78568,89270,1,89270,1
78568,89270,1,89270,1
78568,89270,1,89270,1
78568,89270,1,89270,1
78568,89270,1,89270,1
78568,89270,1,89270,1
78568,89270,1,89270,1
78568,89270,1,89270,1
78568,89270,1,89270,1
78568,89270,1,89270,1
78568,89270,1,89270,1
78568,89270,1,89270,1
78568,89270,1,89270,1
78568,89270,1,89270,1
78568,89270,1,89270,1
78568,89270,1,89270,1
78568,89270,1,89270,1
78568,89270,1,89270,1
78568,89270,1,89270,1
78568,89270,1,89270,1
78568,89270,1,89270,1
78568,89270,1,89270,1
78568,89270,1,89270,1
78568,89270,1,89270,1
78568,89270,1,89270,1
78568,89270,1,89270,1
78568,89270,1,89270,1
78568,89270,1,89270,1
78568,89270,1,89270,1
78568,89270,1,89270,1
78568,89270,1,89270,1
78568,89270,1,89270,1
78568,89270,1,89270,1
78568,89270,1,89270,1
78568,89270,1,89270,1
78568,89270,1,89270,1
78568,89270,1,89270,1
78568,89270,1,89290,0
78568,89290,0,89290,0
78568,89290,0,89290,0
78568,89290,0,89290,0
78568,89290,0,89290,0
78568,89290,0,89290,0
78568,89290,0,89290,0
78568,89290,0,89290,0
78568,89290,0,89290,0
78568,89290,0,89290,0
78568,89290,0,89290,0
78568,89290,0,89290,0
78568,89290,0,89290,0
78568,89290,0,89290,0
78568,89290,0,89290,0
78568,89290,0,89290,0
78568,89290,0,89290,0
78568,89290,0,89290,0
78568,89290,0,89290,0
78568,89290,0,89290,0
78568,89290,0,89290,0
78568,89290,0,89290,0
78568,89290,0,89290,0
78568,89290,0,89290,0
78568,89290,0,89290,0
78568,89290,0,89290,0
78568,89290,0,89290,0
78568,89290,0,89290,0
78568,89290,0,89290,0
78568,89290,0,89290,0
78568,89290,0,89290,0
78568,89290,0,89290,0
78568,89290,0,89290,0
78568,89290,0,89290,0
78568,89290,0,89290,0
78568,89290,0,89290,0
78568,89290,0,89290,0
78568,89290,0,89290,0
78568,89290,0,89290,0
78568,89290,0,89290,0
78568,89290,0,89290,0
78568,89290,0,89290,0
78568,89290,0,89290,0
78568,89290,0,89290,0
78568,89290,0,89290,0
78568,89290,0,89290,0
78568,89290,0,89290,0
78568,89290,0,89274,1
78568,89274,1,89274,1
78568,89274,1,89274,1
78568,89274,1,89274,1
78568,89274,1,89274,1
78568,89274,1,89274,1
78568,89274,1,89274,1
78568,89274,1,89274,1
78568,89274,1,89274,1
78568,89274,1,89274,1
78568,89274,1,89274,1
78568,89274,1,89274,1
78568,89274,1,89274,1
78568,89274,1,89274,1
78568,89274,1,89274,1
78568,89274,1,89274,1
78568,89274,1,89274,1
78568,89274,1,89274,1
78568,89274,1,89274,1
78568,89274,1,89274,1
78568,89274,1,89274,1
78568,89274,1,89274,1
78568,89274,1,89274,1
78568,89274,1,89274,1
78568,89274,1,89274,1
78568,89274,1,89274,1
78568,89274,1,89274,1
78568,89274,1,89274,1
78568,89274,1,89274,1
78568,89274,1,89274,1
78568,89274,1,89274,1
78568,89274,1,89274,1
78568,89274,1,89274,1
78568,89274,1,89274,1
78568,89274,1,89274,1
78568,89274,1,89274,1
78568,89274,1,89274,1
78568,89274,1,89274,1
78568,89274,1,89274,1
78568,89274,1,89274,1
78568,89274,1,89274,1
78568,89274,1,89274,1
78568,89274,1,89274,1
78568,89274,1,89274,1
78568,89274,1,89274,1
78568,89274,1,89274,1
78568,89274,1,89274,1
78568,89274,1,89274,1
78568,89274,1,89274,1
78568,89274,1,89274,1
78568,89274,1,89274,1
78568,89274,1,89274,1
78568,89274,1,89274,1
78568,89274,1,89274,1
78568,89274,1,89274,1
78568,89274,1,89274,1
78568,89274,1,89274,1
78568,89274,1,89274,1
78568,89274,1,89274,1
78568,89274,1,89274,1
78568,89274,1,89274,1
78568,89274,1,89274,1
78568,89274,1,89274,1
78568,89274,1,89274,1
78568,89274,1,89274,1
78568,89274,1,89274,1
78568,89274,1,89274,1
78568,89274,1,89274,1
78568,89274,1,89274,1
78568,89274,1,89274,1
78568,89274,1,89274,1
78568,89274,1,89274,1
78568,89274,1,89274,1
78568,89274,1,89274,1
78568,89274,1,89274,1
78568,89274,1,89274,1
78568,89274,1,89274,1
78568,89274,1,89274,1
78568,89274,1,89274,1
78568,89274,1,89274,1
78568,89274,1,89274,1
78568,89274,1,89274,1
78568,89274,1,89274,1
78568,89274,1,89274,1
78568,89274,1,89274,1
78568,89274,1,89274,1
78568,89274,1,89274,1
78568,89274,1,89274,1
78568,89274,1,89274,1
78568,89274,1,89274,1
78568,89274,1,89274,1
78568,89274,1,89274,1
78568,89274,1,89274,1
78568,89274,1,89274,1
78568,89274,1,89274,1
78568,89274,1,89274,1
78568,89274,1,89274,1
78568,89274,1,91385,1
78568,91385,1,91385,1
78568,91385,1,91385,1
78568,91385,1,91385,1
78568,91385,1,91385,1
78568,91385,1,91385,1
78568,91385,1,91385,1
78568,91385,1,91385,1
78568,91385,1,91385,1
78568,91385,1,91385,1
78568,91385,1,91385,1
78568,91385,1,91385,1
78568,91385,1,91385,1
78568,91385,1,91385,1
78568,91385,1,91385,1
78568,91385,1,91385,1
78568,91385,1,91385,1
78568,91385,1,91385,1
78568,91385,1,91385,1
78568,91385,1,91385,1
78568,91385,1,91385,1
78568,91385,1,91385,1
78568,91385,1,91385,1
78568,91385,1,91385,1
78568,91385,1,91385,1
78568,91385,1,91385,1
78568,91385,1,91385,1
78568,91385,1,91385,1
78568,91385,1,91385,1
78568,91385,1,91385,1
78568,91385,1,91385,1
78568,91385,1,91385,1
78568,91385,1,91385,1
78568,91385,1,91385,1
78568,91385,1,91385,1
78568,91385,1,91385,1
78568,91385,1,91385,1
78568,91385,1,91385,1
78568,91385,1,91385,1
78568,91385,1,91385,1
78568,91385,1,91385,1
78568,91385,1,91385,1
78568,91385,1,91385,1
78568,91385,1,91385,1
78568,91385,1,91385,1
78568,91385,1,91385,1
78568,91385,1,91385,1
78568,91385,1,91382,0
78568,91382,0,91382,0
78568,91382,0,91382,0
78568,91382,0,91382,0
78568,91382,0,91382,0
78568,91382,0,91382,0
78568,91382,0,91382,0
78568,91382,0,91382,0
78568,91382,0,91382,0
78568,91382,0,91382,0
78568,91382,0,91382,0
78568,91382,0,91382,0
78568,91382,0,91382,0
78568,91382,0,91382,0
78568,91382,0,91382,0
78568,91382,0,91382,0
78568,91382,0,91382,0
78568,91382,0,91382,0
78568,91382,0,91382,0
78568,91382,0,91382,0
78568,91382,0,91382,0
78568,91382,0,91382,0
78568,91382,0,91382,0
78568,91382,0,91382,0
78568,91382,0,91382,0
78568,91382,0,91382,0
78568,91382,0,91382,0
78568,91382,0,91382,0
78568,91382,0,91382,0
78568,91382,0,91382,0
78568,91382,0,91382,0
78568,91382,0,91382,0
78568,91382,0,91382,0
78568,91382,0,91382,0
78568,91382,0,91382,0
78568,91382,0,91382,0
78568,91382,0,91382,0
78568,91382,0,91382,0
78568,91382,0,91382,0
78568,91382,0,91382,0
78568,91382,0,91382,0
78568,91382,0,91382,0
78568,91382,0,91382,0
78568,91382,0,91382,0
78568,91382,0,91382,0
78568,91382,0,91382,0
78568,91382,0,91382,0
78568,91382,0,91391,1
78568,91391,1,91391,1
78568,91391,1,91391,1
78568,91391,1,91391,1
78568,91391,1,91391,1
78568,91391,1,91391,1
78568,91391,1,91391,1
78568,91391,1,91391,1
78568,91391,1,91391,1
78568,91391,1,91391,1
78568,91391,1,91391,1
78568,91391,1,91391,1
78568,91391,1,91391,1
78568,91391,1,91391,1
78568,91391,1,91391,1
78568,91391,1,91391,1
78568,91391,1,91391,1
78568,91391,1,91391,1
78568,91391,1,91391,1
78568,91391,1,91391,1
78568,91391,1,91391,1
78568,91391,1,91391,1
78568,91391,1,91391,1
78568,91391,1,91391,1
78568,91391,1,91391,1
78568,91391,1,91391,1
78568,91391,1,91391,1
78568,91391,1,91391,1
78568,91391,1,91391,1
78568,91391,1,91391,1
78568,91391,1,91391,1
78568,91391,1,91391,1
78568,91391,1,91391,1
78568,91391,1,91391,1
78568,91391,1,91391,1
78568,91391,1,91391,1
78568,91391,1,91391,1
78568,91391,1,91391,1
78568,91391,1,91391,1
78568,91391,1,91391,1
78568,91391,1,91391,1
78568,91391,1,91391,1
78568,91391,1,91391,1
78568,91391,1,91391,1
78568,91391,1,91391,1
78568,91391,1,91391,1
78568,91391,1,91391,1
78568,91391,1,89844,1
78568,89844,1,89844,1
78568,89844,1,89844,1
78568,89844,1,89844,1
78568,89844,1,89844,1
78568,89844,1,89844,1
78568,89844,1,89844,1
78568,89844,1,89844,1
78568,89844,1,89844,1
78568,89844,1,89844,1
78568,89844,1,89844,1
78568,89844,1,89844,1
78568,89844,1,89844,1
78568,89844,1,89844,1
78568,89844,1,89844,1
78568,89844,1,89844,1
78568,89844,1,89844,1
78568,89844,1,89844,1
78568,89844,1,89844,1
78568,89844,1,89844,1
78568,89844,1,89844,1
78568,89844,1,89844,1
78568,89844,1,89844,1
78568,89844,1,89844,1
78568,89844,1,89844,1
78568,89844,1,89844,1
78568,89844,1,89844,1
78568,89844,1,89844,1
78568,89844,1,89844,1
78568,89844,1,89844,1
78568,89844,1,89844,1
78568,89844,1,89844,1
78568,89844,1,89844,1
78568,89844,1,89844,1
78568,89844,1,89844,1
78568,89844,1,89844,1
78568,89844,1,89844,1
78568,89844,1,89844,1
78568,89844,1,89844,1
78568,89844,1,89844,1
78568,89844,1,89844,1
78568,89844,1,89844,1
78568,89844,1,89844,1
78568,89844,1,89844,1
78568,89844,1,89844,1
78568,89844,1,89844,1
78568,89844,1,89844,1
78568,89844,1,89844,1
78568,89844,1,89844,1
78568,89844,1,89844,1
78568,89844,1,89844,1
78568,89844,1,89844,1
78568,89844,1,89844,1
78568,89844,1,89844,1
78568,89844,1,89844,1
78568,89844,1,89844,1
78568,89844,1,89844,1
78568,89844,1,89844,1
78568,89844,1,89844,1
78568,89844,1,89844,1
78568,89844,1,89844,1
78568,89844,1,89844,1
78568,89844,1,89844,1
78568,89844,1,89844,1
78568,89844,1,89844,1
78568,89844,1,89844,1
78568,89844,1,89844,1
78568,89844,1,89844,1
78568,89844,1,89844,1
78568,89844,1,89844,1
78568,89844,1,89844,1
78568,89844,1,89844,1
78568,89844,1,89844,1
78568,89844,1,89844,1
78568,89844,1,89844,1
78568,89844,1,89844,1
78568,89844,1,89844,1
78568,89844,1,89844,1
78568,89844,1,89844,1
78568,89844,1,89844,1
78568,89844,1,89844,1
78568,89844,1,89844,1
78568,89844,1,89844,1
78568,89844,1,89844,1
78568,89844,1,89844,1
78568,89844,1,89844,1
78568,89844,1,89844,1
78568,89844,1,89844,1
78568,89844,1,89844,1
78568,89844,1,89844,1
78568,89844,1,89844,1
78568,89844,1,89844,1
78568,89844,1,89844,1
78568,89844,1,89871,1
78568,89871,1,89871,1
78568,89871,1,89871,1
78568,89871,1,89871,1
78568,89871,1,89871,1
78568,89871,1,89871,1
78568,89871,1,89871,1
78568,89871,1,89871,1
78568,89871,1,89871,1
78568,89871,1,89871,1
78568,89871,1,89871,1
78568,89871,1,89871,1
78568,89871,1,89871,1
78568,89871,1,89871,1
78568,89871,1,89871,1
78568,89871,1,89871,1
78568,89871,1,89871,1
78568,89871,1,89871,1
78568,89871,1,89871,1
78568,89871,1,89871,1
78568,89871,1,89871,1
78568,89871,1,89871,1
78568,89871,1,89871,1
78568,89871,1,89871,1
78568,89871,1,89871,1
78568,89871,1,89871,1
78568,89871,1,89871,1
78568,89871,1,89871,1
78568,89871,1,89871,1
78568,89871,1,89871,1
78568,89871,1,89871,1
78568,89871,1,89871,1
78568,89871,1,89871,1
78568,89871,1,89871,1
78568,89871,1,89871,1
78568,89871,1,89871,1
78568,89871,1,89871,1
78568,89871,1,89871,1
78568,89871,1,89871,1
78568,89871,1,89871,1
78568,89871,1,89871,1
78568,89871,1,89871,1
78568,89871,1,89871,1
78568,89871,1,89871,1
78568,89871,1,89871,1
78568,89871,1,89871,1
78568,89871,1,89871,1
78568,89871,1,89871,1
78568,89871,1,89871,1
78568,89871,1,89871,1
78568,89871,1,89871,1
78568,89871,1,89871,1
78568,89871,1,89871,1
78568,89871,1,89871,1
78568,89871,1,89871,1
78568,89871,1,89871,1
78568,89871,1,89871,1
78568,89871,1,89871,1
78568,89871,1,89871,1
78568,89871,1,89871,1
78568,89871,1,89871,1
78568,89871,1,89871,1
78568,89871,1,89871,1
78568,89871,1,89871,1
78568,89871,1,89871,1
78568,89871,1,89871,1
78568,89871,1,89871,1
78568,89871,1,89871,1
78568,89871,1,89871,1
78568,89871,1,89871,1
78568,89871,1,89871,1
78568,89871,1,89871,1
78568,89871,1,89871,1
78568,89871,1,89871,1
78568,89871,1,89871,1
78568,89871,1,89871,1
78568,89871,1,89871,1
78568,89871,1,89871,1
78568,89871,1,89871,1
78568,89871,1,89871,1
78568,89871,1,89871,1
78568,89871,1,89871,1
78568,89871,1,89871,1
78568,89871,1,89871,1
78568,89871,1,89871,1
78568,89871,1,89871,1
78568,89871,1,89871,1
78568,89871,1,89871,1
78568,89871,1,89871,1
78568,89871,1,89871,1
78568,89871,1,89871,1
78568,89871,1,89871,1
78568,89871,1,89871,1
78568,89871,1,89808,1
78568,89808,1,89808,1
78568,89808,1,89808,1
78568,89808,1,89808,1
78568,89808,1,89808,1
78568,89808,1,89808,1
78568,89808,1,89808,1
78568,89808,1,89808,1
78568,89808,1,89808,1
78568,89808,1,89808,1
78568,89808,1,89808,1
78568,89808,1,89808,1
78568,89808,1,89808,1
78568,89808,1,89808,1
78568,89808,1,89808,1
78568,89808,1,89808,1
78568,89808,1,89808,1
78568,89808,1,89808,1
78568,89808,1,89808,1
78568,89808,1,89808,1
78568,89808,1,89808,1
78568,89808,1,89808,1
78568,89808,1,89808,1
78568,89808,1,89808,1
78568,89808,1,89808,1
78568,89808,1,89808,1
78568,89808,1,89808,1
78568,89808,1,89808,1
78568,89808,1,89808,1
78568,89808,1,89808,1
78568,89808,1,89808,1
78568,89808,1,89808,1
78568,89808,1,89808,1
78568,89808,1,89808,1
78568,89808,1,89808,1
78568,89808,1,89808,1
78568,89808,1,89808,1
78568,89808,1,89808,1
78568,89808,1,89808,1
78568,89808,1,89808,1
78568,89808,1,89808,1
78568,89808,1,89808,1
78568,89808,1,89808,1
78568,89808,1,89808,1
78568,89808,1,89792,1
78568,89792,1,89792,1
78568,89792,1,89792,1
78568,89792,1,89792,1
78568,89792,1,89792,1
78568,89792,1,89792,1
78568,89792,1,89792,1
78568,89792,1,89792,1
78568,89792,1,89792,1
78568,89792,1,89792,1
78568,89792,1,89792,1
78568,89792,1,89792,1
78568,89792,1,89792,1
78568,89792,1,89792,1
78568,89792,1,89792,1
78568,89792,1,89792,1
78568,89792,1,89792,1
78568,89792,1,89792,1
78568,89792,1,89792,1
78568,89792,1,89792,1
78568,89792,1,89792,1
78568,89792,1,89792,1
78568,89792,1,89792,1
78568,89792,1,89792,1
78568,89792,1,89792,1
78568,89792,1,89792,1
78568,89792,1,89792,1
78568,89792,1,89792,1
78568,89792,1,89792,1
78568,89792,1,89792,1
78568,89792,1,89792,1
78568,89792,1,89792,1
78568,89792,1,89792,1
78568,89792,1,89792,1
78568,89792,1,89792,1
78568,89792,1,89792,1
78568,89792,1,89792,1
78568,89792,1,89792,1
78568,89792,1,89792,1
78568,89792,1,89792,1
78568,89792,1,89792,1
78568,89792,1,89792,1
78568,89792,1,89792,1
78568,89792,1,89792,1
78568,89792,1,89792,1
78568,89792,1,89792,1
78568,89792,1,173894,1
78568,173894,1,173900,1
78568,173900,1,173957,0
78568,173957,0,174014,0
78568,174014,0,174017,1
78568,174017,1,174016,1
78568,174016,1,173975,0
78568,173975,0,173987,0
78568,173987,0,173989,0
78568,173989,0,173998,1
78569,93210,1,93210,1
78569,93210,1,93210,1
78569,93210,1,93210,1
78569,93210,1,93210,1
78569,93210,1,93210,1
78569,93210,1,93210,1
78569,93210,1,93210,1
78569,93210,1,93210,1
78569,93210,1,93210,1
78569,93210,1,93210,1
78569,93210,1,93210,1
78569,93210,1,93210,1
78569,93210,1,93210,1
78569,93210,1,93210,1
78569,93210,1,93210,1
78569,93210,1,93210,1
78569,93210,1,93210,1
78569,93210,1,93210,1
78569,93210,1,93210,1
78569,93210,1,93210,1
78569,93210,1,93210,1
78569,93210,1,93210,1
78569,93210,1,93210,1
78569,93210,1,93210,1
78569,93210,1,93210,1
78569,93210,1,93210,1
78569,93210,1,93210,1
78569,93210,1,93210,1
78569,93210,1,93210,1
78569,93210,1,93210,1
78569,93210,1,93210,1
78569,93210,1,93210,1
78569,93210,1,93210,1
78569,93210,1,93210,1
78569,93210,1,93210,1
78569,93210,1,93210,1
78569,93210,1,93210,1
78569,93210,1,93210,1
78569,93210,1,93210,1
78569,93210,1,93210,1
78569,93210,1,93210,1
78569,93210,1,93210,1
78569,93210,1,93210,1
78569,93210,1,93210,1
78569,93210,1,93210,1
78569,93210,1,93220,1
78569,93220,1,93220,1
78569,93220,1,93220,1
78569,93220,1,93220,1
78569,93220,1,93220,1
78569,93220,1,93220,1
78569,93220,1,93220,1
78569,93220,1,93220,1
78569,93220,1,93220,1
78569,93220,1,93220,1
78569,93220,1,93220,1
78569,93220,1,93220,1
78569,93220,1,93220,1
78569,93220,1,93220,1
78569,93220,1,93220,1
78569,93220,1,93220,1
78569,93220,1,93220,1
78569,93220,1,93220,1
78569,93220,1,93220,1
78569,93220,1,93220,1
78569,93220,1,93220,1
78569,93220,1,93220,1
78569,93220,1,93220,1
78569,93220,1,93220,1
78569,93220,1,93220,1
78569,93220,1,93220,1
78569,93220,1,93220,1
78569,93220,1,93220,1
78569,93220,1,93220,1
78569,93220,1,93220,1
78569,93220,1,93220,1
78569,93220,1,93220,1
78569,93220,1,93220,1
78569,93220,1,93220,1
78569,93220,1,93220,1
78569,93220,1,93220,1
78569,93220,1,93220,1
78569,93220,1,93220,1
78569,93220,1,93220,1
78569,93220,1,93220,1
78569,93220,1,93220,1
78569,93220,1,93220,1
78569,93220,1,93220,1
78569,93220,1,93220,1
78569,93220,1,93220,1
78569,93220,1,93220,1
78569,93220,1,93211,1
78569,93211,1,93211,1
78569,93211,1,93211,1
78569,93211,1,93211,1
78569,93211,1,93211,1
78569,93211,1,93211,1
78569,93211,1,93211,1
78569,93211,1,93211,1
78569,93211,1,93211,1
78569,93211,1,93211,1
78569,93211,1,93211,1
78569,93211,1,93211,1
78569,93211,1,93211,1
78569,93211,1,93211,1
78569,93211,1,93211,1
78569,93211,1,93211,1
78569,93211,1,93211,1
78569,93211,1,93211,1
78569,93211,1,93211,1
78569,93211,1,93211,1
78569,93211,1,93211,1
78569,93211,1,93211,1
78569,93211,1,93211,1
78569,93211,1,93211,1
78569,93211,1,93211,1
78569,93211,1,93211,1
78569,93211,1,93211,1
78569,93211,1,93211,1
78569,93211,1,93211,1
78569,93211,1,93211,1
78569,93211,1,93211,1
78569,93211,1,93211,1
78569,93211,1,93211,1
78569,93211,1,93211,1
78569,93211,1,93211,1
78569,93211,1,93211,1
78569,93211,1,93211,1
78569,93211,1,93211,1
78569,93211,1,93211,1
78569,93211,1,93211,1
78569,93211,1,93211,1
78569,93211,1,93211,1
78569,93211,1,93211,1
78569,93211,1,85671,1
78569,85671,1,85671,1
78569,85671,1,85671,1
78569,85671,1,85671,1
78569,85671,1,85671,1
78569,85671,1,85671,1
78569,85671,1,85671,1
78569,85671,1,85671,1
78569,85671,1,85671,1
78569,85671,1,85671,1
78569,85671,1,85671,1
78569,85671,1,85671,1
78569,85671,1,85671,1
78569,85671,1,85671,1
78569,85671,1,85671,1
78569,85671,1,85671,1
78569,85671,1,85671,1
78569,85671,1,85671,1
78569,85671,1,85671,1
78569,85671,1,85671,1
78569,85671,1,85671,1
78569,85671,1,85671,1
78569,85671,1,85671,1
78569,85671,1,85671,1
78569,85671,1,85671,1
78569,85671,1,85671,1
78569,85671,1,85671,1
78569,85671,1,85671,1
78569,85671,1,85671,1
78569,85671,1,85671,1
78569,85671,1,85671,1
78569,85671,1,85671,1
78569,85671,1,85671,1
78569,85671,1,85671,1
78569,85671,1,85671,1
78569,85671,1,85671,1
78569,85671,1,85671,1
78569,85671,1,85671,1
78569,85671,1,85671,1
78569,85671,1,85671,1
78569,85671,1,85671,1
78569,85671,1,85671,1
78569,85671,1,85671,1
78569,85671,1,85671,1
78569,85671,1,85671,1
78569,85671,1,85671,1
78569,85671,1,85650,0
78569,85650,0,85650,0
78569,85650,0,85650,0
78569,85650,0,85650,0
78569,85650,0,85650,0
78569,85650,0,85650,0
78569,85650,0,85650,0
78569,85650,0,85650,0
78569,85650,0,85650,0
78569,85650,0,85650,0
78569,85650,0,85650,0
78569,85650,0,85650,0
78569,85650,0,85650,0
78569,85650,0,85650,0
78569,85650,0,85650,0
78569,85650,0,85650,0
78569,85650,0,85650,0
78569,85650,0,85650,0
78569,85650,0,85650,0
78569,85650,0,85650,0
78569,85650,0,85650,0
78569,85650,0,85650,0
78569,85650,0,85650,0
78569,85650,0,85650,0
78569,85650,0,85650,0
78569,85650,0,85650,0
78569,85650,0,85650,0
78569,85650,0,85650,0
78569,85650,0,85650,0
78569,85650,0,85650,0
78569,85650,0,85650,0
78569,85650,0,85650,0
78569,85650,0,85650,0
78569,85650,0,85650,0
78569,85650,0,85650,0
78569,85650,0,85650,0
78569,85650,0,85650,0
78569,85650,0,85650,0
78569,85650,0,85650,0
78569,85650,0,85650,0
78569,85650,0,85650,0
78569,85650,0,85650,0
78569,85650,0,85650,0
78569,85650,0,85650,0
78569,85650,0,85650,0
78569,85650,0,85650,0
78569,85650,0,85095,1
78569,85095,1,85095,1
78569,85095,1,85095,1
78569,85095,1,85095,1
78569,85095,1,85095,1
78569,85095,1,85095,1
78569,85095,1,85095,1
78569,85095,1,85095,1
78569,85095,1,85095,1
78569,85095,1,85095,1
78569,85095,1,85095,1
78569,85095,1,85095,1
78569,85095,1,85095,1
78569,85095,1,85095,1
78569,85095,1,85095,1
78569,85095,1,85095,1
78569,85095,1,85095,1
78569,85095,1,85095,1
78569,85095,1,85095,1
78569,85095,1,85095,1
78569,85095,1,85095,1
78569,85095,1,85095,1
78569,85095,1,85095,1
78569,85095,1,85095,1
78569,85095,1,85095,1
78569,85095,1,85095,1
78569,85095,1,85095,1
78569,85095,1,85095,1
78569,85095,1,85095,1
78569,85095,1,85095,1
78569,85095,1,85095,1
78569,85095,1,85095,1
78569,85095,1,85095,1
78569,85095,1,85095,1
78569,85095,1,85095,1
78569,85095,1,85095,1
78569,85095,1,85095,1
78569,85095,1,85095,1
78569,85095,1,85095,1
78569,85095,1,85095,1
78569,85095,1,85095,1
78569,85095,1,85095,1
78569,85095,1,85095,1
78569,85095,1,85095,1
78569,85095,1,85095,1
78569,85095,1,85095,1
78569,85095,1,85665,1
78569,85665,1,85665,1
78569,85665,1,85665,1
78569,85665,1,85665,1
78569,85665,1,85665,1
78569,85665,1,85665,1
78569,85665,1,85665,1
78569,85665,1,85665,1
78569,85665,1,85665,1
78569,85665,1,85665,1
78569,85665,1,85665,1
78569,85665,1,85665,1
78569,85665,1,85665,1
78569,85665,1,85665,1
78569,85665,1,85665,1
78569,85665,1,85665,1
78569,85665,1,85665,1
78569,85665,1,85665,1
78569,85665,1,85665,1
78569,85665,1,85665,1
78569,85665,1,85665,1
78569,85665,1,85665,1
78569,85665,1,85665,1
78569,85665,1,85665,1
78569,85665,1,85665,1
78569,85665,1,85665,1
78569,85665,1,85665,1
78569,85665,1,85665,1
78569,85665,1,85665,1
78569,85665,1,85665,1
78569,85665,1,85665,1
78569,85665,1,85665,1
78569,85665,1,85665,1
78569,85665,1,85665,1
78569,85665,1,85665,1
78569,85665,1,85665,1
78569,85665,1,85665,1
78569,85665,1,85665,1
78569,85665,1,85665,1
78569,85665,1,85665,1
78569,85665,1,85665,1
78569,85665,1,85665,1
78569,85665,1,85665,1
78569,85665,1,85665,1
78569,85665,1,85665,1
78569,85665,1,85665,1
78569,85665,1,84700,1
78569,84700,1,84700,1
78569,84700,1,84700,1
78569,84700,1,84700,1
78569,84700,1,84700,1
78569,84700,1,84700,1
78569,84700,1,84700,1
78569,84700,1,84700,1
78569,84700,1,84700,1
78569,84700,1,84700,1
78569,84700,1,84700,1
78569,84700,1,84700,1
78569,84700,1,84700,1
78569,84700,1,84700,1
78569,84700,1,84700,1
78569,84700,1,84700,1
78569,84700,1,84700,1
78569,84700,1,84700,1
78569,84700,1,84700,1
78569,84700,1,84700,1
78569,84700,1,84700,1
78569,84700,1,84700,1
78569,84700,1,84700,1
78569,84700,1,84700,1
78569,84700,1,84700,1
78569,84700,1,84700,1
78569,84700,1,84700,1
78569,84700,1,84700,1
78569,84700,1,84700,1
78569,84700,1,84700,1
78569,84700,1,84700,1
78569,84700,1,84700,1
78569,84700,1,84700,1
78569,84700,1,84700,1
78569,84700,1,84700,1
78569,84700,1,84700,1
78569,84700,1,84700,1
78569,84700,1,84700,1
78569,84700,1,84700,1
78569,84700,1,84700,1
78569,84700,1,84700,1
78569,84700,1,84700,1
78569,84700,1,84700,1
78569,84700,1,84700,1
78569,84700,1,84700,1
78569,84700,1,84700,1
78569,84700,1,85103,1
78569,85103,1,85103,1
78569,85103,1,85103,1
78569,85103,1,85103,1
78569,85103,1,85103,1
78569,85103,1,85103,1
78569,85103,1,85103,1
78569,85103,1,85103,1
78569,85103,1,85103,1
78569,85103,1,85103,1
78569,85103,1,85103,1
78569,85103,1,85103,1
78569,85103,1,85103,1
78569,85103,1,85103,1
78569,85103,1,85103,1
78569,85103,1,85103,1
78569,85103,1,85103,1
78569,85103,1,85103,1
78569,85103,1,85103,1
78569,85103,1,85103,1
78569,85103,1,85103,1
78569,85103,1,85103,1
78569,85103,1,85103,1
78569,85103,1,85103,1
78569,85103,1,85103,1
78569,85103,1,85103,1
78569,85103,1,85103,1
78569,85103,1,85103,1
78569,85103,1,85103,1
78569,85103,1,85103,1
78569,85103,1,85103,1
78569,85103,1,85103,1
78569,85103,1,85103,1
78569,85103,1,85103,1
78569,85103,1,85103,1
78569,85103,1,85103,1
78569,85103,1,85103,1
78569,85103,1,85103,1
78569,85103,1,85103,1
78569,85103,1,85103,1
78569,85103,1,85103,1
78569,85103,1,85103,1
78569,85103,1,85103,1
78569,85103,1,89240,1
78569,89240,1,89240,1
78569,89240,1,89240,1
78569,89240,1,89240,1
78569,89240,1,89240,1
78569,89240,1,89240,1
78569,89240,1,89240,1
78569,89240,1,89240,1
78569,89240,1,89240,1
78569,89240,1,89240,1
78569,89240,1,89240,1
78569,89240,1,89240,1
78569,89240,1,89240,1
78569,89240,1,89240,1
78569,89240,1,89240,1
78569,89240,1,89240,1
78569,89240,1,89240,1
78569,89240,1,89240,1
78569,89240,1,89240,1
78569,89240,1,89240,1
78569,89240,1,89240,1
78569,89240,1,89240,1
78569,89240,1,89240,1
78569,89240,1,89240,1
78569,89240,1,89240,1
78569,89240,1,89240,1
78569,89240,1,89240,1
78569,89240,1,89240,1
78569,89240,1,89240,1
78569,89240,1,89240,1
78569,89240,1,89240,1
78569,89240,1,89240,1
78569,89240,1,89240,1
78569,89240,1,89240,1
78569,89240,1,89240,1
78569,89240,1,89240,1
78569,89240,1,89240,1
78569,89240,1,89240,1
78569,89240,1,89240,1
78569,89240,1,89240,1
78569,89240,1,89240,1
78569,89240,1,89240,1
78569,89240,1,89240,1
78569,89240,1,89240,1
78569,89240,1,89240,1
78569,89240,1,89240,1
78569,89240,1,89240,1
78569,89240,1,89240,1
78569,89240,1,89240,1
78569,89240,1,89240,1
78569,89240,1,89240,1
78569,89240,1,89240,1
78569,89240,1,89240,1
78569,89240,1,89240,1
78569,89240,1,89240,1
78569,89240,1,89240,1
78569,89240,1,89240,1
78569,89240,1,89240,1
78569,89240,1,89240,1
78569,89240,1,89240,1
78569,89240,1,89240,1
78569,89240,1,89240,1
78569,89240,1,89240,1
78569,89240,1,89240,1
78569,89240,1,89240,1
78569,89240,1,89240,1
78569,89240,1,89240,1
78569,89240,1,89240,1
78569,89240,1,89240,1
78569,89240,1,89240,1
78569,89240,1,89240,1
78569,89240,1,89240,1
78569,89240,1,89240,1
78569,89240,1,89240,1
78569,89240,1,89240,1
78569,89240,1,89240,1
78569,89240,1,89240,1
78569,89240,1,89240,1
78569,89240,1,89240,1
78569,89240,1,89240,1
78569,89240,1,89240,1
78569,89240,1,89240,1
78569,89240,1,89240,1
78569,89240,1,89240,1
78569,89240,1,89240,1
78569,89240,1,89240,1
78569,89240,1,89240,1
78569,89240,1,89240,1
78569,89240,1,89240,1
78569,89240,1,89240,1
78569,89240,1,89240,1
78569,89240,1,89240,1
78569,89240,1,89240,1
78569,89240,1,89240,1
78569,89240,1,89240,1
78569,89240,1,89240,1
78569,89240,1,89240,1
78569,89240,1,91346,1
78569,91346,1,91346,1
78569,91346,1,91346,1
78569,91346,1,91346,1
78569,91346,1,91346,1
78569,91346,1,91346,1
78569,91346,1,91346,1
78569,91346,1,91346,1
78569,91346,1,91346,1
78569,91346,1,91346,1
78569,91346,1,91346,1
78569,91346,1,91346,1
78569,91346,1,91346,1
78569,91346,1,91346,1
78569,91346,1,91346,1
78569,91346,1,91346,1
78569,91346,1,91346,1
78569,91346,1,91346,1
78569,91346,1,91346,1
78569,91346,1,91346,1
78569,91346,1,91346,1
78569,91346,1,91346,1
78569,91346,1,91346,1
78569,91346,1,91346,1
78569,91346,1,91346,1
78569,91346,1,91346,1
78569,91346,1,91346,1
78569,91346,1,91346,1
78569,91346,1,91346,1
78569,91346,1,91346,1
78569,91346,1,91346,1
78569,91346,1,91346,1
78569,91346,1,91346,1
78569,91346,1,91346,1
78569,91346,1,91346,1
78569,91346,1,91346,1
78569,91346,1,91346,1
78569,91346,1,91346,1
78569,91346,1,91346,1
78569,91346,1,91346,1
78569,91346,1,91346,1
78569,91346,1,91346,1
78569,91346,1,91346,1
78569,91346,1,91346,1
78569,91346,1,91346,1
78569,91346,1,91346,1
78569,91346,1,91346,1
78569,91346,1,91363,1
78569,91363,1,91363,1
78569,91363,1,91363,1
78569,91363,1,91363,1
78569,91363,1,91363,1
78569,91363,1,91363,1
78569,91363,1,91363,1
78569,91363,1,91363,1
78569,91363,1,91363,1
78569,91363,1,91363,1
78569,91363,1,91363,1
78569,91363,1,91363,1
78569,91363,1,91363,1
78569,91363,1,91363,1
78569,91363,1,91363,1
78569,91363,1,91363,1
78569,91363,1,91363,1
78569,91363,1,91363,1
78569,91363,1,91363,1
78569,91363,1,91363,1
78569,91363,1,91363,1
78569,91363,1,91363,1
78569,91363,1,91363,1
78569,91363,1,91363,1
78569,91363,1,91363,1
78569,91363,1,91363,1
78569,91363,1,91363,1
78569,91363,1,91363,1
78569,91363,1,91363,1
78569,91363,1,91363,1
78569,91363,1,91363,1
78569,91363,1,91363,1
78569,91363,1,91363,1
78569,91363,1,91363,1
78569,91363,1,91363,1
78569,91363,1,91363,1
78569,91363,1,91363,1
78569,91363,1,91363,1
78569,91363,1,91363,1
78569,91363,1,91363,1
78569,91363,1,91363,1
78569,91363,1,91363,1
78569,91363,1,91363,1
78569,91363,1,91363,1
78569,91363,1,91363,1
78569,91363,1,91363,1
78569,91363,1,91363,1
78569,91363,1,91388,1
78569,91388,1,91388,1
78569,91388,1,91388,1
78569,91388,1,91388,1
78569,91388,1,91388,1
78569,91388,1,91388,1
78569,91388,1,91388,1
78569,91388,1,91388,1
78569,91388,1,91388,1
78569,91388,1,91388,1
78569,91388,1,91388,1
78569,91388,1,91388,1
78569,91388,1,91388,1
78569,91388,1,91388,1
78569,91388,1,91388,1
78569,91388,1,91388,1
78569,91388,1,91388,1
78569,91388,1,91388,1
78569,91388,1,91388,1
78569,91388,1,91388,1
78569,91388,1,91388,1
78569,91388,1,91388,1
78569,91388,1,91388,1
78569,91388,1,91388,1
78569,91388,1,91388,1
78569,91388,1,91388,1
78569,91388,1,91388,1
78569,91388,1,91388,1
78569,91388,1,91388,1
78569,91388,1,91388,1
78569,91388,1,91388,1
78569,91388,1,91388,1
78569,91388,1,91388,1
78569,91388,1,91388,1
78569,91388,1,91388,1
78569,91388,1,91388,1
78569,91388,1,91388,1
78569,91388,1,91388,1
78569,91388,1,91388,1
78569,91388,1,91388,1
78569,91388,1,91388,1
78569,91388,1,91388,1
78569,91388,1,91388,1
78569,91388,1,91388,1
78569,91388,1,91388,1
78569,91388,1,91388,1
78569,91388,1,91388,1
78569,91388,1,91388,1
78569,91388,1,91388,1
78569,91388,1,91388,1
78569,91388,1,91388,1
78569,91388,1,91388,1
78569,91388,1,91388,1
78569,91388,1,91388,1
78569,91388,1,91388,1
78569,91388,1,91388,1
78569,91388,1,91388,1
78569,91388,1,91388,1
78569,91388,1,91388,1
78569,91388,1,91388,1
78569,91388,1,91388,1
78569,91388,1,91388,1
78569,91388,1,91388,1
78569,91388,1,91388,1
78569,91388,1,91388,1
78569,91388,1,91388,1
78569,91388,1,91388,1
78569,91388,1,91388,1
78569,91388,1,91388,1
78569,91388,1,91388,1
78569,91388,1,91388,1
78569,91388,1,91388,1
78569,91388,1,91388,1
78569,91388,1,91388,1
78569,91388,1,91388,1
78569,91388,1,91388,1
78569,91388,1,91388,1
78569,91388,1,91388,1
78569,91388,1,91388,1
78569,91388,1,91388,1
78569,91388,1,91388,1
78569,91388,1,91388,1
78569,91388,1,91388,1
78569,91388,1,91388,1
78569,91388,1,91388,1
78569,91388,1,91388,1
78569,91388,1,91388,1
78569,91388,1,91388,1
78569,91388,1,91388,1
78569,91388,1,91388,1
78569,91388,1,91388,1
78569,91388,1,91388,1
78569,91388,1,91388,1
78569,91388,1,91388,1
78569,91388,1,91388,1
78569,91388,1,91388,1
78569,91388,1,91388,1
78569,91388,1,89779,0
78569,89779,0,89779,0
78569,89779,0,89779,0
78569,89779,0,89779,0
78569,89779,0,89779,0
78569,89779,0,89779,0
78569,89779,0,89779,0
78569,89779,0,89779,0
78569,89779,0,89779,0
78569,89779,0,89779,0
78569,89779,0,89779,0
78569,89779,0,89779,0
78569,89779,0,89779,0
78569,89779,0,89779,0
78569,89779,0,89779,0
78569,89779,0,89779,0
78569,89779,0,89779,0
78569,89779,0,89779,0
78569,89779,0,89779,0
78569,89779,0,89779,0
78569,89779,0,89779,0
78569,89779,0,89779,0
78569,89779,0,89779,0
78569,89779,0,89779,0
78569,89779,0,89779,0
78569,89779,0,89779,0
78569,89779,0,89779,0
78569,89779,0,89779,0
78569,89779,0,89779,0
78569,89779,0,89779,0
78569,89779,0,89779,0
78569,89779,0,89779,0
78569,89779,0,89779,0
78569,89779,0,89779,0
78569,89779,0,89779,0
78569,89779,0,89779,0
78569,89779,0,89779,0
78569,89779,0,89779,0
78569,89779,0,89779,0
78569,89779,0,89779,0
78569,89779,0,89779,0
78569,89779,0,89779,0
78569,89779,0,89779,0
78569,89779,0,89779,0
78569,89779,0,89779,0
78569,89779,0,89779,0
78569,89779,0,89779,0
78569,89779,0,89779,0
78569,89779,0,89779,0
78569,89779,0,89779,0
78569,89779,0,89779,0
78569,89779,0,89779,0
78569,89779,0,89779,0
78569,89779,0,89779,0
78569,89779,0,89779,0
78569,89779,0,89779,0
78569,89779,0,89779,0
78569,89779,0,89779,0
78569,89779,0,89779,0
78569,89779,0,89779,0
78569,89779,0,89779,0
78569,89779,0,89779,0
78569,89779,0,89779,0
78569,89779,0,89779,0
78569,89779,0,89779,0
78569,89779,0,89779,0
78569,89779,0,89779,0
78569,89779,0,89779,0
78569,89779,0,89779,0
78569,89779,0,89779,0
78569,89779,0,89779,0
78569,89779,0,89779,0
78569,89779,0,89779,0
78569,89779,0,89779,0
78569,89779,0,89779,0
78569,89779,0,89779,0
78569,89779,0,89779,0
78569,89779,0,89779,0
78569,89779,0,89779,0
78569,89779,0,89779,0
78569,89779,0,89779,0
78569,89779,0,89779,0
78569,89779,0,89779,0
78569,89779,0,89779,0
78569,89779,0,89779,0
78569,89779,0,89779,0
78569,89779,0,89779,0
78569,89779,0,89779,0
78569,89779,0,89779,0
78569,89779,0,89779,0
78569,89779,0,89779,0
78569,89779,0,89779,0
78569,89779,0,89779,0
78569,89779,0,91644,1
78569,91644,1,91644,1
78569,91644,1,91644,1
78569,91644,1,91644,1
78569,91644,1,91644,1
78569,91644,1,91644,1
78569,91644,1,91644,1
78569,91644,1,91644,1
78569,91644,1,91644,1
78569,91644,1,91644,1
78569,91644,1,91644,1
78569,91644,1,91644,1
78569,91644,1,91644,1
78569,91644,1,91644,1
78569,91644,1,91644,1
78569,91644,1,91644,1
78569,91644,1,91644,1
78569,91644,1,91644,1
78569,91644,1,91644,1
78569,91644,1,91644,1
78569,91644,1,91644,1
78569,91644,1,91644,1
78569,91644,1,91644,1
78569,91644,1,91644,1
78569,91644,1,91644,1
78569,91644,1,91644,1
78569,91644,1,91644,1
78569,91644,1,91644,1
78569,91644,1,91644,1
78569,91644,1,91644,1
78569,91644,1,91644,1
78569,91644,1,91644,1
78569,91644,1,91644,1
78569,91644,1,91644,1
78569,91644,1,91644,1
78569,91644,1,91644,1
78569,91644,1,91644,1
78569,91644,1,91644,1
78569,91644,1,91644,1
78569,91644,1,91644,1
78569,91644,1,91644,1
78569,91644,1,91644,1
78569,91644,1,91644,1
78569,91644,1,91644,1
78569,91644,1,89794,1
78569,89794,1,89794,1
78569,89794,1,89794,1
78569,89794,1,89794,1
78569,89794,1,89794,1
78569,89794,1,89794,1
78569,89794,1,89794,1
78569,89794,1,89794,1
78569,89794,1,89794,1
78569,89794,1,89794,1
78569,89794,1,89794,1
78569,89794,1,89794,1
78569,89794,1,89794,1
78569,89794,1,89794,1
78569,89794,1,89794,1
78569,89794,1,89794,1
78569,89794,1,89794,1
78569,89794,1,89794,1
78569,89794,1,89794,1
78569,89794,1,89794,1
78569,89794,1,89794,1
78569,89794,1,89794,1
78569,89794,1,89794,1
78569,89794,1,89794,1
78569,89794,1,89794,1
78569,89794,1,89794,1
78569,89794,1,89794,1
78569,89794,1,89794,1
78569,89794,1,89794,1
78569,89794,1,89794,1
78569,89794,1,89794,1
78569,89794,1,89794,1
78569,89794,1,89794,1
78569,89794,1,89794,1
78569,89794,1,89794,1
78569,89794,1,89794,1
78569,89794,1,89794,1
78569,89794,1,89794,1
78569,89794,1,89794,1
78569,89794,1,89794,1
78569,89794,1,89794,1
78569,89794,1,89794,1
78569,89794,1,89794,1
78569,89794,1,89794,1
78569,89794,1,89794,1
78569,89794,1,89794,1
78569,89794,1,89794,1
78569,89794,1,89794,1
78569,89794,1,89794,1
78569,89794,1,89794,1
78569,89794,1,89794,1
78569,89794,1,89794,1
78569,89794,1,89794,1
78569,89794,1,89794,1
78569,89794,1,89794,1
78569,89794,1,89794,1
78569,89794,1,89794,1
78569,89794,1,89794,1
78569,89794,1,89794,1
78569,89794,1,89794,1
78569,89794,1,89794,1
78569,89794,1,89794,1
78569,89794,1,89794,1
78569,89794,1,89794,1
78569,89794,1,89794,1
78569,89794,1,89794,1
78569,89794,1,89794,1
78569,89794,1,89794,1
78569,89794,1,89794,1
78569,89794,1,89794,1
78569,89794,1,89794,1
78569,89794,1,89794,1
78569,89794,1,89794,1
78569,89794,1,89794,1
78569,89794,1,89794,1
78569,89794,1,89794,1
78569,89794,1,89794,1
78569,89794,1,89794,1
78569,89794,1,89794,1
78569,89794,1,89794,1
78569,89794,1,89794,1
78569,89794,1,89794,1
78569,89794,1,89794,1
78569,89794,1,89794,1
78569,89794,1,89794,1
78569,89794,1,89794,1
78569,89794,1,89794,1
78569,89794,1,89794,1
78569,89794,1,89794,1
78569,89794,1,89794,1
78569,89794,1,89794,1
78569,89794,1,89794,1
78569,89794,1,89794,1
78569,89794,1,89841,1
78569,89841,1,89841,1
78569,89841,1,89841,1
78569,89841,1,89841,1
78569,89841,1,89841,1
78569,89841,1,89841,1
78569,89841,1,89841,1
78569,89841,1,89841,1
78569,89841,1,89841,1
78569,89841,1,89841,1
78569,89841,1,89841,1
78569,89841,1,89841,1
78569,89841,1,89841,1
78569,89841,1,89841,1
78569,89841,1,89841,1
78569,89841,1,89841,1
78569,89841,1,89841,1
78569,89841,1,89841,1
78569,89841,1,89841,1
78569,89841,1,89841,1
78569,89841,1,89841,1
78569,89841,1,89841,1
78569,89841,1,89841,1
78569,89841,1,89841,1
78569,89841,1,89841,1
78569,89841,1,89841,1
78569,89841,1,89841,1
78569,89841,1,89841,1
78569,89841,1,89841,1
78569,89841,1,89841,1
78569,89841,1,89841,1
78569,89841,1,89841,1
78569,89841,1,89841,1
78569,89841,1,89841,1
78569,89841,1,89841,1
78569,89841,1,89841,1
78569,89841,1,89841,1
78569,89841,1,89841,1
78569,89841,1,89841,1
78569,89841,1,89841,1
78569,89841,1,89841,1
78569,89841,1,89841,1
78569,89841,1,89841,1
78569,89841,1,89841,1
78569,89841,1,89841,1
78569,89841,1,89841,1
78569,89841,1,89841,1
78569,89841,1,89841,1
78569,89841,1,89841,1
78569,89841,1,89841,1
78569,89841,1,89841,1
78569,89841,1,89841,1
78569,89841,1,89841,1
78569,89841,1,89841,1
78569,89841,1,89841,1
78569,89841,1,89841,1
78569,89841,1,89841,1
78569,89841,1,89841,1
78569,89841,1,89841,1
78569,89841,1,89841,1
78569,89841,1,89841,1
78569,89841,1,89841,1
78569,89841,1,89841,1
78569,89841,1,89841,1
78569,89841,1,89841,1
78569,89841,1,89841,1
78569,89841,1,89841,1
78569,89841,1,89841,1
78569,89841,1,89841,1
78569,89841,1,89841,1
78569,89841,1,89841,1
78569,89841,1,89841,1
78569,89841,1,89841,1
78569,89841,1,89841,1
78569,89841,1,89841,1
78569,89841,1,89841,1
78569,89841,1,89841,1
78569,89841,1,89841,1
78569,89841,1,89841,1
78569,89841,1,89841,1
78569,89841,1,89841,1
78569,89841,1,89841,1
78569,89841,1,89841,1
78569,89841,1,89841,1
78569,89841,1,89841,1
78569,89841,1,89841,1
78569,89841,1,89841,1
78569,89841,1,89841,1
78569,89841,1,89841,1
78569,89841,1,89841,1
78569,89841,1,89841,1
78569,89841,1,89841,1
78569,89841,1,89841,1
78569,89841,1,89803,1
78569,89803,1,89803,1
78569,89803,1,89803,1
78569,89803,1,89803,1
78569,89803,1,89803,1
78569,89803,1,89803,1
78569,89803,1,89803,1
78569,89803,1,89803,1
78569,89803,1,89803,1
78569,89803,1,89803,1
78569,89803,1,89803,1
78569,89803,1,89803,1
78569,89803,1,89803,1
78569,89803,1,89803,1
78569,89803,1,89803,1
78569,89803,1,89803,1
78569,89803,1,89803,1
78569,89803,1,89803,1
78569,89803,1,89803,1
78569,89803,1,89803,1
78569,89803,1,89803,1
78569,89803,1,89803,1
78569,89803,1,89803,1
78569,89803,1,89803,1
78569,89803,1,89803,1
78569,89803,1,89803,1
78569,89803,1,89803,1
78569,89803,1,89803,1
78569,89803,1,89803,1
78569,89803,1,89803,1
78569,89803,1,89803,1
78569,89803,1,89803,1
78569,89803,1,89803,1
78569,89803,1,89803,1
78569,89803,1,89803,1
78569,89803,1,89803,1
78569,89803,1,89803,1
78569,89803,1,89803,1
78569,89803,1,89803,1
78569,89803,1,89803,1
78569,89803,1,89803,1
78569,89803,1,89803,1
78569,89803,1,89803,1
78569,89803,1,89803,1
78569,89803,1,89803,1
78569,89803,1,89803,1
78569,89803,1,173941,0
78569,173941,0,173910,0
78569,173910,0,173907,0
78569,173907,0,173885,0
78569,173885,0,173937,0
78569,173937,0,173935,0
78569,173935,0,173916,1
78569,173916,1,173936,0
78569,173936,0,174009,1
78569,174009,1,173976,1
78569,173976,1,91665,1
78569,91665,1,91665,1
78569,91665,1,91665,1
78569,91665,1,91665,1
78569,91665,1,91665,1
78569,91665,1,91665,1
78569,91665,1,91665,1
78569,91665,1,91665,1
78569,91665,1,91665,1
78569,91665,1,91665,1
78569,91665,1,91665,1
78569,91665,1,91665,1
78569,91665,1,91665,1
78569,91665,1,91665,1
78569,91665,1,91665,1
78569,91665,1,91665,1
78569,91665,1,91665,1
78569,91665,1,91665,1
78569,91665,1,91665,1
78569,91665,1,91665,1
78569,91665,1,91665,1
78569,91665,1,91665,1
78569,91665,1,91665,1
78569,91665,1,91665,1
78569,91665,1,91665,1
78569,91665,1,91665,1
78569,91665,1,91665,1
78569,91665,1,91665,1
78569,91665,1,91665,1
78569,91665,1,91665,1
78569,91665,1,91665,1
78569,91665,1,91665,1
78569,91665,1,91665,1
78569,91665,1,91665,1
78569,91665,1,91665,1
78569,91665,1,91665,1
78569,91665,1,91665,1
78569,91665,1,91665,1
78569,91665,1,91665,1
78569,91665,1,91665,1
78569,91665,1,91665,1
78569,91665,1,91665,1
78569,91665,1,91665,1
78569,91665,1,91665,1
78569,91665,1,91665,1
78569,91665,1,91665,1
78569,91665,1,91665,1
78569,91665,1,91665,1
78569,91665,1,91665,1
78569,91665,1,91665,1
78569,91665,1,91665,1
78569,91665,1,91665,1
78569,91665,1,91665,1
78569,91665,1,91665,1
78569,91665,1,91665,1
78569,91665,1,91665,1
78569,91665,1,91665,1
78569,91665,1,91665,1
78569,91665,1,91665,1
78569,91665,1,91665,1
78569,91665,1,91665,1
78569,91665,1,91665,1
78569,91665,1,91665,1
78569,91665,1,91665,1
78569,91665,1,91665,1
78569,91665,1,91665,1
78569,91665,1,91665,1
78569,91665,1,91665,1
78569,91665,1,91665,1
78569,91665,1,91665,1
78569,91665,1,91665,1
78569,91665,1,91665,1
78569,91665,1,91665,1
78569,91665,1,91665,1
78569,91665,1,91665,1
78569,91665,1,91665,1
78569,91665,1,91665,1
78569,91665,1,91665,1
78569,91665,1,91665,1
78569,91665,1,91665,1
78569,91665,1,91665,1
78569,91665,1,91665,1
78569,91665,1,91665,1
78569,91665,1,91665,1
78569,91665,1,91665,1
78569,91665,1,91665,1
78569,91665,1,91665,1
78569,91665,1,91665,1
78569,91665,1,91665,1
78569,91665,1,91665,1
78569,91665,1,91665,1
78569,91665,1,91665,1
78569,91665,1,91665,1
78570,93156,1,93156,1
78570,93156,1,93156,1
78570,93156,1,93156,1
78570,93156,1,93156,1
78570,93156,1,93156,1
78570,93156,1,93156,1
78570,93156,1,93156,1
78570,93156,1,93156,1
78570,93156,1,93156,1
78570,93156,1,93156,1
78570,93156,1,93156,1
78570,93156,1,93156,1
78570,93156,1,93156,1
78570,93156,1,93156,1
78570,93156,1,93156,1
78570,93156,1,93156,1
78570,93156,1,93156,1
78570,93156,1,93156,1
78570,93156,1,93156,1
78570,93156,1,93156,1
78570,93156,1,93156,1
78570,93156,1,93156,1
78570,93156,1,93156,1
78570,93156,1,93156,1
78570,93156,1,93156,1
78570,93156,1,93156,1
78570,93156,1,93156,1
78570,93156,1,93156,1
78570,93156,1,93156,1
78570,93156,1,93156,1
78570,93156,1,93156,1
78570,93156,1,93156,1
78570,93156,1,93156,1
78570,93156,1,93156,1
78570,93156,1,93156,1
78570,93156,1,93156,1
78570,93156,1,93156,1
78570,93156,1,93156,1
78570,93156,1,93156,1
78570,93156,1,93156,1
78570,93156,1,93156,1
78570,93156,1,93156,1
78570,93156,1,93156,1
78570,93156,1,93156,1
78570,93156,1,93156,1
78570,93156,1,93194,1
78570,93194,1,93194,1
78570,93194,1,93194,1
78570,93194,1,93194,1
78570,93194,1,93194,1
78570,93194,1,93194,1
78570,93194,1,93194,1
78570,93194,1,93194,1
78570,93194,1,93194,1
78570,93194,1,93194,1
78570,93194,1,93194,1
78570,93194,1,93194,1
78570,93194,1,93194,1
78570,93194,1,93194,1
78570,93194,1,93194,1
78570,93194,1,93194,1
78570,93194,1,93194,1
78570,93194,1,93194,1
78570,93194,1,93194,1
78570,93194,1,93194,1
78570,93194,1,93194,1
78570,93194,1,93194,1
78570,93194,1,93194,1
78570,93194,1,93194,1
78570,93194,1,93194,1
78570,93194,1,93194,1
78570,93194,1,93194,1
78570,93194,1,93194,1
78570,93194,1,93194,1
78570,93194,1,93194,1
78570,93194,1,93194,1
78570,93194,1,93194,1
78570,93194,1,93194,1
78570,93194,1,93194,1
78570,93194,1,93194,1
78570,93194,1,93194,1
78570,93194,1,93194,1
78570,93194,1,93194,1
78570,93194,1,93194,1
78570,93194,1,93194,1
78570,93194,1,93194,1
78570,93194,1,93194,1
78570,93194,1,93194,1
78570,93194,1,93194,1
78570,93194,1,93194,1
78570,93194,1,93194,1
78570,93194,1,93175,1
78570,93175,1,93175,1
78570,93175,1,93175,1
78570,93175,1,93175,1
78570,93175,1,93175,1
78570,93175,1,93175,1
78570,93175,1,93175,1
78570,93175,1,93175,1
78570,93175,1,93175,1
78570,93175,1,93175,1
78570,93175,1,93175,1
78570,93175,1,93175,1
78570,93175,1,93175,1
78570,93175,1,93175,1
78570,93175,1,93175,1
78570,93175,1,93175,1
78570,93175,1,93175,1
78570,93175,1,93175,1
78570,93175,1,93175,1
78570,93175,1,93175,1
78570,93175,1,93175,1
78570,93175,1,93175,1
78570,93175,1,93175,1
78570,93175,1,93175,1
78570,93175,1,93175,1
78570,93175,1,93175,1
78570,93175,1,93175,1
78570,93175,1,93175,1
78570,93175,1,93175,1
78570,93175,1,93175,1
78570,93175,1,93175,1
78570,93175,1,93175,1
78570,93175,1,93175,1
78570,93175,1,93175,1
78570,93175,1,93175,1
78570,93175,1,93175,1
78570,93175,1,93175,1
78570,93175,1,93175,1
78570,93175,1,93175,1
78570,93175,1,93175,1
78570,93175,1,93175,1
78570,93175,1,93175,1
78570,93175,1,93175,1
78570,93175,1,86118,1
78570,86118,1,86118,1
78570,86118,1,86118,1
78570,86118,1,86118,1
78570,86118,1,86118,1
78570,86118,1,86118,1
78570,86118,1,86118,1
78570,86118,1,86118,1
78570,86118,1,86118,1
78570,86118,1,86118,1
78570,86118,1,86118,1
78570,86118,1,86118,1
78570,86118,1,86118,1
78570,86118,1,86118,1
78570,86118,1,86118,1
78570,86118,1,86118,1
78570,86118,1,86118,1
78570,86118,1,86118,1
78570,86118,1,86118,1
78570,86118,1,86118,1
78570,86118,1,86118,1
78570,86118,1,86118,1
78570,86118,1,86118,1
78570,86118,1,86118,1
78570,86118,1,86118,1
78570,86118,1,86118,1
78570,86118,1,86118,1
78570,86118,1,86118,1
78570,86118,1,86118,1
78570,86118,1,86118,1
78570,86118,1,86118,1
78570,86118,1,86118,1
78570,86118,1,86118,1
78570,86118,1,86118,1
78570,86118,1,86118,1
78570,86118,1,86118,1
78570,86118,1,86118,1
78570,86118,1,86118,1
78570,86118,1,86118,1
78570,86118,1,86118,1
78570,86118,1,86118,1
78570,86118,1,86118,1
78570,86118,1,86118,1
78570,86118,1,86118,1
78570,86118,1,86118,1
78570,86118,1,86118,1
78570,86118,1,86121,1
78570,86121,1,86121,1
78570,86121,1,86121,1
78570,86121,1,86121,1
78570,86121,1,86121,1
78570,86121,1,86121,1
78570,86121,1,86121,1
78570,86121,1,86121,1
78570,86121,1,86121,1
78570,86121,1,86121,1
78570,86121,1,86121,1
78570,86121,1,86121,1
78570,86121,1,86121,1
78570,86121,1,86121,1
78570,86121,1,86121,1
78570,86121,1,86121,1
78570,86121,1,86121,1
78570,86121,1,86121,1
78570,86121,1,86121,1
78570,86121,1,86121,1
78570,86121,1,86121,1
78570,86121,1,86121,1
78570,86121,1,86121,1
78570,86121,1,86121,1
78570,86121,1,86121,1
78570,86121,1,86121,1
78570,86121,1,86121,1
78570,86121,1,86121,1
78570,86121,1,86121,1
78570,86121,1,86121,1
78570,86121,1,86121,1
78570,86121,1,86121,1
78570,86121,1,86121,1
78570,86121,1,86121,1
78570,86121,1,86121,1
78570,86121,1,86121,1
78570,86121,1,86121,1
78570,86121,1,86121,1
78570,86121,1,86121,1
78570,86121,1,86121,1
78570,86121,1,86121,1
78570,86121,1,86121,1
78570,86121,1,86121,1
78570,86121,1,86121,1
78570,86121,1,86121,1
78570,86121,1,86121,1
78570,86121,1,85663,1
78570,85663,1,85663,1
78570,85663,1,85663,1
78570,85663,1,85663,1
78570,85663,1,85663,1
78570,85663,1,85663,1
78570,85663,1,85663,1
78570,85663,1,85663,1
78570,85663,1,85663,1
78570,85663,1,85663,1
78570,85663,1,85663,1
78570,85663,1,85663,1
78570,85663,1,85663,1
78570,85663,1,85663,1
78570,85663,1,85663,1
78570,85663,1,85663,1
78570,85663,1,85663,1
78570,85663,1,85663,1
78570,85663,1,85663,1
78570,85663,1,85663,1
78570,85663,1,85663,1
78570,85663,1,85663,1
78570,85663,1,85663,1
78570,85663,1,85663,1
78570,85663,1,85663,1
78570,85663,1,85663,1
78570,85663,1,85663,1
78570,85663,1,85663,1
78570,85663,1,85663,1
78570,85663,1,85663,1
78570,85663,1,85663,1
78570,85663,1,85663,1
78570,85663,1,85663,1
78570,85663,1,85663,1
78570,85663,1,85663,1
78570,85663,1,85663,1
78570,85663,1,85663,1
78570,85663,1,85663,1
78570,85663,1,85663,1
78570,85663,1,85663,1
78570,85663,1,85663,1
78570,85663,1,85663,1
78570,85663,1,85663,1
78570,85663,1,89294,1
78570,89294,1,89294,1
78570,89294,1,89294,1
78570,89294,1,89294,1
78570,89294,1,89294,1
78570,89294,1,89294,1
78570,89294,1,89294,1
78570,89294,1,89294,1
78570,89294,1,89294,1
78570,89294,1,89294,1
78570,89294,1,89294,1
78570,89294,1,89294,1
78570,89294,1,89294,1
78570,89294,1,89294,1
78570,89294,1,89294,1
78570,89294,1,89294,1
78570,89294,1,89294,1
78570,89294,1,89294,1
78570,89294,1,89294,1
78570,89294,1,89294,1
78570,89294,1,89294,1
78570,89294,1,89294,1
78570,89294,1,89294,1
78570,89294,1,89294,1
78570,89294,1,89294,1
78570,89294,1,89294,1
78570,89294,1,89294,1
78570,89294,1,89294,1
78570,89294,1,89294,1
78570,89294,1,89294,1
78570,89294,1,89294,1
78570,89294,1,89294,1
78570,89294,1,89294,1
78570,89294,1,89294,1
78570,89294,1,89294,1
78570,89294,1,89294,1
78570,89294,1,89294,1
78570,89294,1,89294,1
78570,89294,1,89294,1
78570,89294,1,89294,1
78570,89294,1,89294,1
78570,89294,1,89294,1
78570,89294,1,89294,1
78570,89294,1,89294,1
78570,89294,1,89294,1
78570,89294,1,89294,1
78570,89294,1,89294,1
78570,89294,1,89294,1
78570,89294,1,89294,1
78570,89294,1,89294,1
78570,89294,1,89294,1
78570,89294,1,89294,1
78570,89294,1,89294,1
78570,89294,1,89294,1
78570,89294,1,89294,1
78570,89294,1,89294,1
78570,89294,1,89294,1
78570,89294,1,89294,1
78570,89294,1,89294,1
78570,89294,1,89294,1
78570,89294,1,89294,1
78570,89294,1,89294,1
78570,89294,1,89294,1
78570,89294,1,89294,1
78570,89294,1,89294,1
78570,89294,1,89294,1
78570,89294,1,89294,1
78570,89294,1,89294,1
78570,89294,1,89294,1
78570,89294,1,89294,1
78570,89294,1,89294,1
78570,89294,1,89294,1
78570,89294,1,89294,1
78570,89294,1,89294,1
78570,89294,1,89294,1
78570,89294,1,89294,1
78570,89294,1,89294,1
78570,89294,1,89294,1
78570,89294,1,89294,1
78570,89294,1,89294,1
78570,89294,1,89294,1
78570,89294,1,89294,1
78570,89294,1,89294,1
78570,89294,1,89294,1
78570,89294,1,89294,1
78570,89294,1,89294,1
78570,89294,1,89294,1
78570,89294,1,89294,1
78570,89294,1,89294,1
78570,89294,1,89294,1
78570,89294,1,89294,1
78570,89294,1,89294,1
78570,89294,1,89294,1
78570,89294,1,89294,1
78570,89294,1,89294,1
78570,89294,1,89294,1
78570,89294,1,89294,1
78570,89294,1,89290,1
78570,89290,1,89290,1
78570,89290,1,89290,1
78570,89290,1,89290,1
78570,89290,1,89290,1
78570,89290,1,89290,1
78570,89290,1,89290,1
78570,89290,1,89290,1
78570,89290,1,89290,1
78570,89290,1,89290,1
78570,89290,1,89290,1
78570,89290,1,89290,1
78570,89290,1,89290,1
78570,89290,1,89290,1
78570,89290,1,89290,1
78570,89290,1,89290,1
78570,89290,1,89290,1
78570,89290,1,89290,1
78570,89290,1,89290,1
78570,89290,1,89290,1
78570,89290,1,89290,1
78570,89290,1,89290,1
78570,89290,1,89290,1
78570,89290,1,89290,1
78570,89290,1,89290,1
78570,89290,1,89290,1
78570,89290,1,89290,1
78570,89290,1,89290,1
78570,89290,1,89290,1
78570,89290,1,89290,1
78570,89290,1,89290,1
78570,89290,1,89290,1
78570,89290,1,89290,1
78570,89290,1,89290,1
78570,89290,1,89290,1
78570,89290,1,89290,1
78570,89290,1,89290,1
78570,89290,1,89290,1
78570,89290,1,89290,1
78570,89290,1,89290,1
78570,89290,1,89290,1
78570,89290,1,89290,1
78570,89290,1,89290,1
78570,89290,1,89290,1
78570,89290,1,89290,1
78570,89290,1,89290,1
78570,89290,1,89290,1
78570,89290,1,91391,1
78570,91391,1,91391,1
78570,91391,1,91391,1
78570,91391,1,91391,1
78570,91391,1,91391,1
78570,91391,1,91391,1
78570,91391,1,91391,1
78570,91391,1,91391,1
78570,91391,1,91391,1
78570,91391,1,91391,1
78570,91391,1,91391,1
78570,91391,1,91391,1
78570,91391,1,91391,1
78570,91391,1,91391,1
78570,91391,1,91391,1
78570,91391,1,91391,1
78570,91391,1,91391,1
78570,91391,1,91391,1
78570,91391,1,91391,1
78570,91391,1,91391,1
78570,91391,1,91391,1
78570,91391,1,91391,1
78570,91391,1,91391,1
78570,91391,1,91391,1
78570,91391,1,91391,1
78570,91391,1,91391,1
78570,91391,1,91391,1
78570,91391,1,91391,1
78570,91391,1,91391,1
78570,91391,1,91391,1
78570,91391,1,91391,1
78570,91391,1,91391,1
78570,91391,1,91391,1
78570,91391,1,91391,1
78570,91391,1,91391,1
78570,91391,1,91391,1
78570,91391,1,91391,1
78570,91391,1,91391,1
78570,91391,1,91391,1
78570,91391,1,91391,1
78570,91391,1,91391,1
78570,91391,1,91391,1
78570,91391,1,91391,1
78570,91391,1,91391,1
78570,91391,1,91391,1
78570,91391,1,91391,1
78570,91391,1,91391,1
78570,91391,1,91391,1
78570,91391,1,91391,1
78570,91391,1,91391,1
78570,91391,1,91391,1
78570,91391,1,91391,1
78570,91391,1,91391,1
78570,91391,1,91391,1
78570,91391,1,91391,1
78570,91391,1,91391,1
78570,91391,1,91391,1
78570,91391,1,91391,1
78570,91391,1,91391,1
78570,91391,1,91391,1
78570,91391,1,91391,1
78570,91391,1,91391,1
78570,91391,1,91391,1
78570,91391,1,91391,1
78570,91391,1,91391,1
78570,91391,1,91391,1
78570,91391,1,91391,1
78570,91391,1,91391,1
78570,91391,1,91391,1
78570,91391,1,91391,1
78570,91391,1,91391,1
78570,91391,1,91391,1
78570,91391,1,91391,1
78570,91391,1,91391,1
78570,91391,1,91391,1
78570,91391,1,91391,1
78570,91391,1,91391,1
78570,91391,1,91391,1
78570,91391,1,91391,1
78570,91391,1,91391,1
78570,91391,1,91391,1
78570,91391,1,91391,1
78570,91391,1,91391,1
78570,91391,1,91391,1
78570,91391,1,91391,1
78570,91391,1,91391,1
78570,91391,1,91391,1
78570,91391,1,91391,1
78570,91391,1,91391,1
78570,91391,1,91391,1
78570,91391,1,91391,1
78570,91391,1,91391,1
78570,91391,1,91391,1
78570,91391,1,91391,1
78570,91391,1,91391,1
78570,91391,1,91391,1
78570,91391,1,91391,1
78570,91391,1,91380,1
78570,91380,1,91380,1
78570,91380,1,91380,1
78570,91380,1,91380,1
78570,91380,1,91380,1
78570,91380,1,91380,1
78570,91380,1,91380,1
78570,91380,1,91380,1
78570,91380,1,91380,1
78570,91380,1,91380,1
78570,91380,1,91380,1
78570,91380,1,91380,1
78570,91380,1,91380,1
78570,91380,1,91380,1
78570,91380,1,91380,1
78570,91380,1,91380,1
78570,91380,1,91380,1
78570,91380,1,91380,1
78570,91380,1,91380,1
78570,91380,1,91380,1
78570,91380,1,91380,1
78570,91380,1,91380,1
78570,91380,1,91380,1
78570,91380,1,91380,1
78570,91380,1,91380,1
78570,91380,1,91380,1
78570,91380,1,91380,1
78570,91380,1,91380,1
78570,91380,1,91380,1
78570,91380,1,91380,1
78570,91380,1,91380,1
78570,91380,1,91380,1
78570,91380,1,91380,1
78570,91380,1,91380,1
78570,91380,1,91380,1
78570,91380,1,91380,1
78570,91380,1,91380,1
78570,91380,1,91380,1
78570,91380,1,91380,1
78570,91380,1,91380,1
78570,91380,1,91380,1
78570,91380,1,91380,1
78570,91380,1,91380,1
78570,91380,1,91380,1
78570,91380,1,91380,1
78570,91380,1,91380,1
78570,91380,1,91380,1
78570,91380,1,89772,1
78570,89772,1,89772,1
78570,89772,1,89772,1
78570,89772,1,89772,1
78570,89772,1,89772,1
78570,89772,1,89772,1
78570,89772,1,89772,1
78570,89772,1,89772,1
78570,89772,1,89772,1
78570,89772,1,89772,1
78570,89772,1,89772,1
78570,89772,1,89772,1
78570,89772,1,89772,1
78570,89772,1,89772,1
78570,89772,1,89772,1
78570,89772,1,89772,1
78570,89772,1,89772,1
78570,89772,1,89772,1
78570,89772,1,89772,1
78570,89772,1,89772,1
78570,89772,1,89772,1
78570,89772,1,89772,1
78570,89772,1,89772,1
78570,89772,1,89772,1
78570,89772,1,89772,1
78570,89772,1,89772,1
78570,89772,1,89772,1
78570,89772,1,89772,1
78570,89772,1,89772,1
78570,89772,1,89772,1
78570,89772,1,89772,1
78570,89772,1,89772,1
78570,89772,1,89772,1
78570,89772,1,89772,1
78570,89772,1,89772,1
78570,89772,1,89772,1
78570,89772,1,89772,1
78570,89772,1,89772,1
78570,89772,1,89772,1
78570,89772,1,89772,1
78570,89772,1,89772,1
78570,89772,1,89772,1
78570,89772,1,89772,1
78570,89772,1,89772,1
78570,89772,1,89772,1
78570,89772,1,89772,1
78570,89772,1,89772,1
78570,89772,1,89772,1
78570,89772,1,89772,1
78570,89772,1,89772,1
78570,89772,1,89772,1
78570,89772,1,89772,1
78570,89772,1,89772,1
78570,89772,1,89772,1
78570,89772,1,89772,1
78570,89772,1,89772,1
78570,89772,1,89772,1
78570,89772,1,89772,1
78570,89772,1,89772,1
78570,89772,1,89772,1
78570,89772,1,89772,1
78570,89772,1,89772,1
78570,89772,1,89772,1
78570,89772,1,89772,1
78570,89772,1,89772,1
78570,89772,1,89772,1
78570,89772,1,89772,1
78570,89772,1,89772,1
78570,89772,1,89772,1
78570,89772,1,89772,1
78570,89772,1,89772,1
78570,89772,1,89772,1
78570,89772,1,89772,1
78570,89772,1,89772,1
78570,89772,1,89772,1
78570,89772,1,89772,1
78570,89772,1,89772,1
78570,89772,1,89772,1
78570,89772,1,89772,1
78570,89772,1,89772,1
78570,89772,1,89772,1
78570,89772,1,89772,1
78570,89772,1,89772,1
78570,89772,1,89772,1
78570,89772,1,89772,1
78570,89772,1,89772,1
78570,89772,1,89772,1
78570,89772,1,89772,1
78570,89772,1,89772,1
78570,89772,1,89772,1
78570,89772,1,89772,1
78570,89772,1,89772,1
78570,89772,1,89772,1
78570,89772,1,91644,1
78570,91644,1,91644,1
78570,91644,1,91644,1
78570,91644,1,91644,1
78570,91644,1,91644,1
78570,91644,1,91644,1
78570,91644,1,91644,1
78570,91644,1,91644,1
78570,91644,1,91644,1
78570,91644,1,91644,1
78570,91644,1,91644,1
78570,91644,1,91644,1
78570,91644,1,91644,1
78570,91644,1,91644,1
78570,91644,1,91644,1
78570,91644,1,91644,1
78570,91644,1,91644,1
78570,91644,1,91644,1
78570,91644,1,91644,1
78570,91644,1,91644,1
78570,91644,1,91644,1
78570,91644,1,91644,1
78570,91644,1,91644,1
78570,91644,1,91644,1
78570,91644,1,91644,1
78570,91644,1,91644,1
78570,91644,1,91644,1
78570,91644,1,91644,1
78570,91644,1,91644,1
78570,91644,1,91644,1
78570,91644,1,91644,1
78570,91644,1,91644,1
78570,91644,1,91644,1
78570,91644,1,91644,1
78570,91644,1,91644,1
78570,91644,1,91644,1
78570,91644,1,91644,1
78570,91644,1,91644,1
78570,91644,1,91644,1
78570,91644,1,91644,1
78570,91644,1,91644,1
78570,91644,1,91644,1
78570,91644,1,91644,1
78570,91644,1,91644,1
78570,91644,1,91644,1
78570,91644,1,91644,1
78570,91644,1,91644,1
78570,91644,1,91644,1
78570,91644,1,91644,1
78570,91644,1,91644,1
78570,91644,1,91644,1
78570,91644,1,91644,1
78570,91644,1,91644,1
78570,91644,1,91644,1
78570,91644,1,91644,1
78570,91644,1,91644,1
78570,91644,1,91644,1
78570,91644,1,91644,1
78570,91644,1,91644,1
78570,91644,1,91644,1
78570,91644,1,91644,1
78570,91644,1,91644,1
78570,91644,1,91644,1
78570,91644,1,91644,1
78570,91644,1,91644,1
78570,91644,1,91644,1
78570,91644,1,91644,1
78570,91644,1,91644,1
78570,91644,1,91644,1
78570,91644,1,91644,1
78570,91644,1,91644,1
78570,91644,1,91644,1
78570,91644,1,91644,1
78570,91644,1,91644,1
78570,91644,1,91644,1
78570,91644,1,91644,1
78570,91644,1,91644,1
78570,91644,1,91644,1
78570,91644,1,91644,1
78570,91644,1,91644,1
78570,91644,1,91644,1
78570,91644,1,91644,1
78570,91644,1,91644,1
78570,91644,1,91644,1
78570,91644,1,91644,1
78570,91644,1,91644,1
78570,91644,1,91644,1
78570,91644,1,91644,1
78570,91644,1,91644,1
78570,91644,1,91644,1
78570,91644,1,91644,1
78570,91644,1,91644,1
78570,91644,1,91644,1
78570,91644,1,89840,1
78570,89840,1,89840,1
78570,89840,1,89840,1
78570,89840,1,89840,1
78570,89840,1,89840,1
78570,89840,1,89840,1
78570,89840,1,89840,1
78570,89840,1,89840,1
78570,89840,1,89840,1
78570,89840,1,89840,1
78570,89840,1,89840,1
78570,89840,1,89840,1
78570,89840,1,89840,1
78570,89840,1,89840,1
78570,89840,1,89840,1
78570,89840,1,89840,1
78570,89840,1,89840,1
78570,89840,1,89840,1
78570,89840,1,89840,1
78570,89840,1,89840,1
78570,89840,1,89840,1
78570,89840,1,89840,1
78570,89840,1,89840,1
78570,89840,1,89840,1
78570,89840,1,89840,1
78570,89840,1,89840,1
78570,89840,1,89840,1
78570,89840,1,89840,1
78570,89840,1,89840,1
78570,89840,1,89840,1
78570,89840,1,89840,1
78570,89840,1,89840,1
78570,89840,1,89840,1
78570,89840,1,89840,1
78570,89840,1,89840,1
78570,89840,1,89840,1
78570,89840,1,89840,1
78570,89840,1,89840,1
78570,89840,1,89840,1
78570,89840,1,89840,1
78570,89840,1,89840,1
78570,89840,1,89840,1
78570,89840,1,89840,1
78570,89840,1,89840,1
78570,89840,1,173895,1
78570,173895,1,173918,1
78570,173918,1,173986,0
78570,173986,0,173979,1
78570,173979,1,174021,1
78570,174021,1,173973,0
78570,173973,0,173952,1
78570,173952,1,173974,1
78570,173974,1,173962,1
78570,173962,1,91663,1
78570,91663,1,91663,1
78570,91663,1,91663,1
78570,91663,1,91663,1
78570,91663,1,91663,1
78570,91663,1,91663,1
78570,91663,1,91663,1
78570,91663,1,91663,1
78570,91663,1,91663,1
78570,91663,1,91663,1
78570,91663,1,91663,1
78570,91663,1,91663,1
78570,91663,1,91663,1
78570,91663,1,91663,1
78570,91663,1,91663,1
78570,91663,1,91663,1
78570,91663,1,91663,1
78570,91663,1,91663,1
78570,91663,1,91663,1
78570,91663,1,91663,1
78570,91663,1,91663,1
78570,91663,1,91663,1
78570,91663,1,91663,1
78570,91663,1,91663,1
78570,91663,1,91663,1
78570,91663,1,91663,1
78570,91663,1,91663,1
78570,91663,1,91663,1
78570,91663,1,91663,1
78570,91663,1,91663,1
78570,91663,1,91663,1
78570,91663,1,91663,1
78570,91663,1,91663,1
78570,91663,1,91663,1
78570,91663,1,91663,1
78570,91663,1,91663,1
78570,91663,1,91663,1
78570,91663,1,91663,1
78570,91663,1,91663,1
78570,91663,1,91663,1
78570,91663,1,91663,1
78570,91663,1,91663,1
78570,91663,1,91663,1
78570,91663,1,91663,1
78570,91663,1,91663,1
78570,91663,1,91663,1
78571,93194,1,93194,1
78571,93194,1,93194,1
78571,93194,1,93194,1
78571,93194,1,93194,1
78571,93194,1,93194,1
78571,93194,1,93194,1
78571,93194,1,93194,1
78571,93194,1,93194,1
78571,93194,1,93194,1
78571,93194,1,93194,1
78571,93194,1,93194,1
78571,93194,1,93194,1
78571,93194,1,93194,1
78571,93194,1,93194,1
78571,93194,1,93194,1
78571,93194,1,93194,1
78571,93194,1,93194,1
78571,93194,1,93194,1
78571,93194,1,93194,1
78571,93194,1,93194,1
78571,93194,1,93194,1
78571,93194,1,93194,1
78571,93194,1,93194,1
78571,93194,1,93194,1
78571,93194,1,93194,1
78571,93194,1,93194,1
78571,93194,1,93194,1
78571,93194,1,93194,1
78571,93194,1,93194,1
78571,93194,1,93194,1
78571,93194,1,93194,1
78571,93194,1,93194,1
78571,93194,1,93194,1
78571,93194,1,93194,1
78571,93194,1,93194,1
78571,93194,1,93194,1
78571,93194,1,93194,1
78571,93194,1,93194,1
78571,93194,1,93194,1
78571,93194,1,93194,1
78571,93194,1,93194,1
78571,93194,1,93194,1
78571,93194,1,93194,1
78571,93194,1,93194,1
78571,93194,1,93194,1
78571,93194,1,93164,1
78571,93164,1,93164,1
78571,93164,1,93164,1
78571,93164,1,93164,1
78571,93164,1,93164,1
78571,93164,1,93164,1
78571,93164,1,93164,1
78571,93164,1,93164,1
78571,93164,1,93164,1
78571,93164,1,93164,1
78571,93164,1,93164,1
78571,93164,1,93164,1
78571,93164,1,93164,1
78571,93164,1,93164,1
78571,93164,1,93164,1
78571,93164,1,93164,1
78571,93164,1,93164,1
78571,93164,1,93164,1
78571,93164,1,93164,1
78571,93164,1,93164,1
78571,93164,1,93164,1
78571,93164,1,93164,1
78571,93164,1,93164,1
78571,93164,1,93164,1
78571,93164,1,93164,1
78571,93164,1,93164,1
78571,93164,1,93164,1
78571,93164,1,93164,1
78571,93164,1,93164,1
78571,93164,1,93164,1
78571,93164,1,93164,1
78571,93164,1,93164,1
78571,93164,1,93164,1
78571,93164,1,93164,1
78571,93164,1,93164,1
78571,93164,1,93164,1
78571,93164,1,93164,1
78571,93164,1,93164,1
78571,93164,1,93164,1
78571,93164,1,93164,1
78571,93164,1,93164,1
78571,93164,1,93164,1
78571,93164,1,93164,1
78571,93164,1,93164,1
78571,93164,1,93164,1
78571,93164,1,93164,1
78571,93164,1,86098,0
78571,86098,0,86098,0
78571,86098,0,86098,0
78571,86098,0,86098,0
78571,86098,0,86098,0
78571,86098,0,86098,0
78571,86098,0,86098,0
78571,86098,0,86098,0
78571,86098,0,86098,0
78571,86098,0,86098,0
78571,86098,0,86098,0
78571,86098,0,86098,0
78571,86098,0,86098,0
78571,86098,0,86098,0
78571,86098,0,86098,0
78571,86098,0,86098,0
78571,86098,0,86098,0
78571,86098,0,86098,0
78571,86098,0,86098,0
78571,86098,0,86098,0
78571,86098,0,86098,0
78571,86098,0,86098,0
78571,86098,0,86098,0
78571,86098,0,86098,0
78571,86098,0,86098,0
78571,86098,0,86098,0
78571,86098,0,86098,0
78571,86098,0,86098,0
78571,86098,0,86098,0
78571,86098,0,86098,0
78571,86098,0,86098,0
78571,86098,0,86098,0
78571,86098,0,86098,0
78571,86098,0,86098,0
78571,86098,0,86098,0
78571,86098,0,86098,0
78571,86098,0,86098,0
78571,86098,0,86098,0
78571,86098,0,86098,0
78571,86098,0,86098,0
78571,86098,0,86098,0
78571,86098,0,86098,0
78571,86098,0,86098,0
78571,86098,0,86098,0
78571,86098,0,86098,0
78571,86098,0,86098,0
78571,86098,0,86097,1
78571,86097,1,86097,1
78571,86097,1,86097,1
78571,86097,1,86097,1
78571,86097,1,86097,1
78571,86097,1,86097,1
78571,86097,1,86097,1
78571,86097,1,86097,1
78571,86097,1,86097,1
78571,86097,1,86097,1
78571,86097,1,86097,1
78571,86097,1,86097,1
78571,86097,1,86097,1
78571,86097,1,86097,1
78571,86097,1,86097,1
78571,86097,1,86097,1
78571,86097,1,86097,1
78571,86097,1,86097,1
78571,86097,1,86097,1
78571,86097,1,86097,1
78571,86097,1,86097,1
78571,86097,1,86097,1
78571,86097,1,86097,1
78571,86097,1,86097,1
78571,86097,1,86097,1
78571,86097,1,86097,1
78571,86097,1,86097,1
78571,86097,1,86097,1
78571,86097,1,86097,1
78571,86097,1,86097,1
78571,86097,1,86097,1
78571,86097,1,86097,1
78571,86097,1,86097,1
78571,86097,1,86097,1
78571,86097,1,86097,1
78571,86097,1,86097,1
78571,86097,1,86097,1
78571,86097,1,86097,1
78571,86097,1,86097,1
78571,86097,1,86097,1
78571,86097,1,86097,1
78571,86097,1,86097,1
78571,86097,1,86097,1
78571,86097,1,86097,1
78571,86097,1,86097,1
78571,86097,1,86097,1
78571,86097,1,84627,1
78571,84627,1,84627,1
78571,84627,1,84627,1
78571,84627,1,84627,1
78571,84627,1,84627,1
78571,84627,1,84627,1
78571,84627,1,84627,1
78571,84627,1,84627,1
78571,84627,1,84627,1
78571,84627,1,84627,1
78571,84627,1,84627,1
78571,84627,1,84627,1
78571,84627,1,84627,1
78571,84627,1,84627,1
78571,84627,1,84627,1
78571,84627,1,84627,1
78571,84627,1,84627,1
78571,84627,1,84627,1
78571,84627,1,84627,1
78571,84627,1,84627,1
78571,84627,1,84627,1
78571,84627,1,84627,1
78571,84627,1,84627,1
78571,84627,1,84627,1
78571,84627,1,84627,1
78571,84627,1,84627,1
78571,84627,1,84627,1
78571,84627,1,84627,1
78571,84627,1,84627,1
78571,84627,1,84627,1
78571,84627,1,84627,1
78571,84627,1,84627,1
78571,84627,1,84627,1
78571,84627,1,84627,1
78571,84627,1,84627,1
78571,84627,1,84627,1
78571,84627,1,84627,1
78571,84627,1,84627,1
78571,84627,1,84627,1
78571,84627,1,84627,1
78571,84627,1,84627,1
78571,84627,1,84627,1
78571,84627,1,84627,1
78571,84627,1,84627,1
78571,84627,1,84627,1
78571,84627,1,84627,1
78571,84627,1,85100,0
78571,85100,0,85100,0
78571,85100,0,85100,0
78571,85100,0,85100,0
78571,85100,0,85100,0
78571,85100,0,85100,0
78571,85100,0,85100,0
78571,85100,0,85100,0
78571,85100,0,85100,0
78571,85100,0,85100,0
78571,85100,0,85100,0
78571,85100,0,85100,0
78571,85100,0,85100,0
78571,85100,0,85100,0
78571,85100,0,85100,0
78571,85100,0,85100,0
78571,85100,0,85100,0
78571,85100,0,85100,0
78571,85100,0,85100,0
78571,85100,0,85100,0
78571,85100,0,85100,0
78571,85100,0,85100,0
78571,85100,0,85100,0
78571,85100,0,85100,0
78571,85100,0,85100,0
78571,85100,0,85100,0
78571,85100,0,85100,0
78571,85100,0,85100,0
78571,85100,0,85100,0
78571,85100,0,85100,0
78571,85100,0,85100,0
78571,85100,0,85100,0
78571,85100,0,85100,0
78571,85100,0,85100,0
78571,85100,0,85100,0
78571,85100,0,85100,0
78571,85100,0,85100,0
78571,85100,0,85100,0
78571,85100,0,85100,0
78571,85100,0,85100,0
78571,85100,0,85100,0
78571,85100,0,85100,0
78571,85100,0,85100,0
78571,85100,0,85100,0
78571,85100,0,85100,0
78571,85100,0,85100,0
78571,85100,0,84700,1
78571,84700,1,84700,1
78571,84700,1,84700,1
78571,84700,1,84700,1
78571,84700,1,84700,1
78571,84700,1,84700,1
78571,84700,1,84700,1
78571,84700,1,84700,1
78571,84700,1,84700,1
78571,84700,1,84700,1
78571,84700,1,84700,1
78571,84700,1,84700,1
78571,84700,1,84700,1
78571,84700,1,84700,1
78571,84700,1,84700,1
78571,84700,1,84700,1
78571,84700,1,84700,1
78571,84700,1,84700,1
78571,84700,1,84700,1
78571,84700,1,84700,1
78571,84700,1,84700,1
78571,84700,1,84700,1
78571,84700,1,84700,1
78571,84700,1,84700,1
78571,84700,1,84700,1
78571,84700,1,84700,1
78571,84700,1,84700,1
78571,84700,1,84700,1
78571,84700,1,84700,1
78571,84700,1,84700,1
78571,84700,1,84700,1
78571,84700,1,84700,1
78571,84700,1,84700,1
78571,84700,1,84700,1
78571,84700,1,84700,1
78571,84700,1,84700,1
78571,84700,1,84700,1
78571,84700,1,84700,1
78571,84700,1,84700,1
78571,84700,1,84700,1
78571,84700,1,84700,1
78571,84700,1,84700,1
78571,84700,1,84700,1
78571,84700,1,84700,1
78571,84700,1,84700,1
78571,84700,1,84700,1
78571,84700,1,85107,1
78571,85107,1,85107,1
78571,85107,1,85107,1
78571,85107,1,85107,1
78571,85107,1,85107,1
78571,85107,1,85107,1
78571,85107,1,85107,1
78571,85107,1,85107,1
78571,85107,1,85107,1
78571,85107,1,85107,1
78571,85107,1,85107,1
78571,85107,1,85107,1
78571,85107,1,85107,1
78571,85107,1,85107,1
78571,85107,1,85107,1
78571,85107,1,85107,1
78571,85107,1,85107,1
78571,85107,1,85107,1
78571,85107,1,85107,1
78571,85107,1,85107,1
78571,85107,1,85107,1
78571,85107,1,85107,1
78571,85107,1,85107,1
78571,85107,1,85107,1
78571,85107,1,85107,1
78571,85107,1,85107,1
78571,85107,1,85107,1
78571,85107,1,85107,1
78571,85107,1,85107,1
78571,85107,1,85107,1
78571,85107,1,85107,1
78571,85107,1,85107,1
78571,85107,1,85107,1
78571,85107,1,85107,1
78571,85107,1,85107,1
78571,85107,1,85107,1
78571,85107,1,85107,1
78571,85107,1,85107,1
78571,85107,1,85107,1
78571,85107,1,85107,1
78571,85107,1,85107,1
78571,85107,1,85107,1
78571,85107,1,85107,1
78571,85107,1,85107,1
78571,85107,1,85107,1
78571,85107,1,85107,1
78571,85107,1,85675,1
78571,85675,1,85675,1
78571,85675,1,85675,1
78571,85675,1,85675,1
78571,85675,1,85675,1
78571,85675,1,85675,1
78571,85675,1,85675,1
78571,85675,1,85675,1
78571,85675,1,85675,1
78571,85675,1,85675,1
78571,85675,1,85675,1
78571,85675,1,85675,1
78571,85675,1,85675,1
78571,85675,1,85675,1
78571,85675,1,85675,1
78571,85675,1,85675,1
78571,85675,1,85675,1
78571,85675,1,85675,1
78571,85675,1,85675,1
78571,85675,1,85675,1
78571,85675,1,85675,1
78571,85675,1,85675,1
78571,85675,1,85675,1
78571,85675,1,85675,1
78571,85675,1,85675,1
78571,85675,1,85675,1
78571,85675,1,85675,1
78571,85675,1,85675,1
78571,85675,1,85675,1
78571,85675,1,85675,1
78571,85675,1,85675,1
78571,85675,1,85675,1
78571,85675,1,85675,1
78571,85675,1,85675,1
78571,85675,1,85675,1
78571,85675,1,85675,1
78571,85675,1,85675,1
78571,85675,1,85675,1
78571,85675,1,85675,1
78571,85675,1,85675,1
78571,85675,1,85675,1
78571,85675,1,85675,1
78571,85675,1,85675,1
78571,85675,1,85675,1
78571,85675,1,85675,1
78571,85675,1,85675,1
78571,85675,1,89297,1
78571,89297,1,89297,1
78571,89297,1,89297,1
78571,89297,1,89297,1
78571,89297,1,89297,1
78571,89297,1,89297,1
78571,89297,1,89297,1
78571,89297,1,89297,1
78571,89297,1,89297,1
78571,89297,1,89297,1
78571,89297,1,89297,1
78571,89297,1,89297,1
78571,89297,1,89297,1
78571,89297,1,89297,1
78571,89297,1,89297,1
78571,89297,1,89297,1
78571,89297,1,89297,1
78571,89297,1,89297,1
78571,89297,1,89297,1
78571,89297,1,89297,1
78571,89297,1,89297,1
78571,89297,1,89297,1
78571,89297,1,89297,1
78571,89297,1,89297,1
78571,89297,1,89297,1
78571,89297,1,89297,1
78571,89297,1,89297,1
78571,89297,1,89297,1
78571,89297,1,89297,1
78571,89297,1,89297,1
78571,89297,1,89297,1
78571,89297,1,89297,1
78571,89297,1,89297,1
78571,89297,1,89297,1
78571,89297,1,89297,1
78571,89297,1,89297,1
78571,89297,1,89297,1
78571,89297,1,89297,1
78571,89297,1,89297,1
78571,89297,1,89297,1
78571,89297,1,89297,1
78571,89297,1,89297,1
78571,89297,1,89297,1
78571,89297,1,89297,1
78571,89297,1,89297,1
78571,89297,1,89297,1
78571,89297,1,89297,1
78571,89297,1,89297,1
78571,89297,1,89297,1
78571,89297,1,89297,1
78571,89297,1,89297,1
78571,89297,1,89297,1
78571,89297,1,89297,1
78571,89297,1,89297,1
78571,89297,1,89297,1
78571,89297,1,89297,1
78571,89297,1,89297,1
78571,89297,1,89297,1
78571,89297,1,89297,1
78571,89297,1,89297,1
78571,89297,1,89297,1
78571,89297,1,89297,1
78571,89297,1,89297,1
78571,89297,1,89297,1
78571,89297,1,89297,1
78571,89297,1,89297,1
78571,89297,1,89297,1
78571,89297,1,89297,1
78571,89297,1,89297,1
78571,89297,1,89297,1
78571,89297,1,89297,1
78571,89297,1,89297,1
78571,89297,1,89297,1
78571,89297,1,89297,1
78571,89297,1,89297,1
78571,89297,1,89297,1
78571,89297,1,89297,1
78571,89297,1,89297,1
78571,89297,1,89297,1
78571,89297,1,89297,1
78571,89297,1,89297,1
78571,89297,1,89297,1
78571,89297,1,89297,1
78571,89297,1,89297,1
78571,89297,1,89297,1
78571,89297,1,89297,1
78571,89297,1,89297,1
78571,89297,1,89297,1
78571,89297,1,89297,1
78571,89297,1,89297,1
78571,89297,1,89297,1
78571,89297,1,89297,1
78571,89297,1,89297,1
78571,89297,1,89297,1
78571,89297,1,89297,1
78571,89297,1,89297,1
78571,89297,1,89297,1
78571,89297,1,89282,0
78571,89282,0,89282,0
78571,89282,0,89282,0
78571,89282,0,89282,0
78571,89282,0,89282,0
78571,89282,0,89282,0
78571,89282,0,89282,0
78571,89282,0,89282,0
78571,89282,0,89282,0
78571,89282,0,89282,0
78571,89282,0,89282,0
78571,89282,0,89282,0
78571,89282,0,89282,0
78571,89282,0,89282,0
78571,89282,0,89282,0
78571,89282,0,89282,0
78571,89282,0,89282,0
78571,89282,0,89282,0
78571,89282,0,89282,0
78571,89282,0,89282,0
78571,89282,0,89282,0
78571,89282,0,89282,0
78571,89282,0,89282,0
78571,89282,0,89282,0
78571,89282,0,89282,0
78571,89282,0,89282,0
78571,89282,0,89282,0
78571,89282,0,89282,0
78571,89282,0,89282,0
78571,89282,0,89282,0
78571,89282,0,89282,0
78571,89282,0,89282,0
78571,89282,0,89282,0
78571,89282,0,89282,0
78571,89282,0,89282,0
78571,89282,0,89282,0
78571,89282,0,89282,0
78571,89282,0,89282,0
78571,89282,0,89282,0
78571,89282,0,89282,0
78571,89282,0,89282,0
78571,89282,0,89282,0
78571,89282,0,89282,0
78571,89282,0,89282,0
78571,89282,0,89282,0
78571,89282,0,89282,0
78571,89282,0,89282,0
78571,89282,0,89282,0
78571,89282,0,89282,0
78571,89282,0,89282,0
78571,89282,0,89282,0
78571,89282,0,89282,0
78571,89282,0,89282,0
78571,89282,0,89282,0
78571,89282,0,89282,0
78571,89282,0,89282,0
78571,89282,0,89282,0
78571,89282,0,89282,0
78571,89282,0,89282,0
78571,89282,0,89282,0
78571,89282,0,89282,0
78571,89282,0,89282,0
78571,89282,0,89282,0
78571,89282,0,89282,0
78571,89282,0,89282,0
78571,89282,0,89282,0
78571,89282,0,89282,0
78571,89282,0,89282,0
78571,89282,0,89282,0
78571,89282,0,89282,0
78571,89282,0,89282,0
78571,89282,0,89282,0
78571,89282,0,89282,0
78571,89282,0,89282,0
78571,89282,0,89282,0
78571,89282,0,89282,0
78571,89282,0,89282,0
78571,89282,0,89282,0
78571,89282,0,89282,0
78571,89282,0,89282,0
78571,89282,0,89282,0
78571,89282,0,89282,0
78571,89282,0,89282,0
78571,89282,0,89282,0
78571,89282,0,89282,0
78571,89282,0,89282,0
78571,89282,0,89282,0
78571,89282,0,89282,0
78571,89282,0,89282,0
78571,89282,0,89282,0
78571,89282,0,89282,0
78571,89282,0,89282,0
78571,89282,0,89282,0
78571,89282,0,89282,0
78571,89282,0,89282,0
78571,89282,0,89282,0
78571,89282,0,89282,0
78571,89282,0,89281,0
78571,89281,0,89281,0
78571,89281,0,89281,0
78571,89281,0,89281,0
78571,89281,0,89281,0
78571,89281,0,89281,0
78571,89281,0,89281,0
78571,89281,0,89281,0
78571,89281,0,89281,0
78571,89281,0,89281,0
78571,89281,0,89281,0
78571,89281,0,89281,0
78571,89281,0,89281,0
78571,89281,0,89281,0
78571,89281,0,89281,0
78571,89281,0,89281,0
78571,89281,0,89281,0
78571,89281,0,89281,0
78571,89281,0,89281,0
78571,89281,0,89281,0
78571,89281,0,89281,0
78571,89281,0,89281,0
78571,89281,0,89281,0
78571,89281,0,89281,0
78571,89281,0,89281,0
78571,89281,0,89281,0
78571,89281,0,89281,0
78571,89281,0,89281,0
78571,89281,0,89281,0
78571,89281,0,89281,0
78571,89281,0,89281,0
78571,89281,0,89281,0
78571,89281,0,89281,0
78571,89281,0,89281,0
78571,89281,0,89281,0
78571,89281,0,89281,0
78571,89281,0,89281,0
78571,89281,0,89281,0
78571,89281,0,89281,0
78571,89281,0,89281,0
78571,89281,0,89281,0
78571,89281,0,89281,0
78571,89281,0,89281,0
78571,89281,0,89281,0
78571,89281,0,89281,0
78571,89281,0,89281,0
78571,89281,0,89281,0
78571,89281,0,89281,0
78571,89281,0,89281,0
78571,89281,0,89281,0
78571,89281,0,89281,0
78571,89281,0,89281,0
78571,89281,0,89281,0
78571,89281,0,89281,0
78571,89281,0,89281,0
78571,89281,0,89281,0
78571,89281,0,89281,0
78571,89281,0,89281,0
78571,89281,0,89281,0
78571,89281,0,89281,0
78571,89281,0,89281,0
78571,89281,0,89281,0
78571,89281,0,89281,0
78571,89281,0,89281,0
78571,89281,0,89281,0
78571,89281,0,89281,0
78571,89281,0,89281,0
78571,89281,0,89281,0
78571,89281,0,89281,0
78571,89281,0,89281,0
78571,89281,0,89281,0
78571,89281,0,89281,0
78571,89281,0,89281,0
78571,89281,0,89281,0
78571,89281,0,89281,0
78571,89281,0,89281,0
78571,89281,0,89281,0
78571,89281,0,89281,0
78571,89281,0,89281,0
78571,89281,0,89281,0
78571,89281,0,89281,0
78571,89281,0,89281,0
78571,89281,0,89281,0
78571,89281,0,89281,0
78571,89281,0,89281,0
78571,89281,0,89281,0
78571,89281,0,89281,0
78571,89281,0,89281,0
78571,89281,0,89281,0
78571,89281,0,89281,0
78571,89281,0,89281,0
78571,89281,0,89281,0
78571,89281,0,89281,0
78571,89281,0,89281,0
78571,89281,0,89281,0
78571,89281,0,89281,0
78571,89281,0,89281,0
78571,89281,0,91391,1
78571,91391,1,91391,1
78571,91391,1,91391,1
78571,91391,1,91391,1
78571,91391,1,91391,1
78571,91391,1,91391,1
78571,91391,1,91391,1
78571,91391,1,91391,1
78571,91391,1,91391,1
78571,91391,1,91391,1
78571,91391,1,91391,1
78571,91391,1,91391,1
78571,91391,1,91391,1
78571,91391,1,91391,1
78571,91391,1,91391,1
78571,91391,1,91391,1
78571,91391,1,91391,1
78571,91391,1,91391,1
78571,91391,1,91391,1
78571,91391,1,91391,1
78571,91391,1,91391,1
78571,91391,1,91391,1
78571,91391,1,91391,1
78571,91391,1,91391,1
78571,91391,1,91391,1
78571,91391,1,91391,1
78571,91391,1,91391,1
78571,91391,1,91391,1
78571,91391,1,91391,1
78571,91391,1,91391,1
78571,91391,1,91391,1
78571,91391,1,91391,1
78571,91391,1,91391,1
78571,91391,1,91391,1
78571,91391,1,91391,1
78571,91391,1,91391,1
78571,91391,1,91391,1
78571,91391,1,91391,1
78571,91391,1,91391,1
78571,91391,1,91391,1
78571,91391,1,91391,1
78571,91391,1,91391,1
78571,91391,1,91391,1
78571,91391,1,91391,1
78571,91391,1,91391,1
78571,91391,1,91391,1
78571,91391,1,91391,1
78571,91391,1,91391,1
78571,91391,1,91391,1
78571,91391,1,91391,1
78571,91391,1,91391,1
78571,91391,1,91391,1
78571,91391,1,91391,1
78571,91391,1,91391,1
78571,91391,1,91391,1
78571,91391,1,91391,1
78571,91391,1,91391,1
78571,91391,1,91391,1
78571,91391,1,91391,1
78571,91391,1,91391,1
78571,91391,1,91391,1
78571,91391,1,91391,1
78571,91391,1,91391,1
78571,91391,1,91391,1
78571,91391,1,91391,1
78571,91391,1,91391,1
78571,91391,1,91391,1
78571,91391,1,91391,1
78571,91391,1,91391,1
78571,91391,1,91391,1
78571,91391,1,91391,1
78571,91391,1,91391,1
78571,91391,1,91391,1
78571,91391,1,91391,1
78571,91391,1,91391,1
78571,91391,1,91391,1
78571,91391,1,91391,1
78571,91391,1,91391,1
78571,91391,1,91391,1
78571,91391,1,91391,1
78571,91391,1,91391,1
78571,91391,1,91391,1
78571,91391,1,91391,1
78571,91391,1,91391,1
78571,91391,1,91391,1
78571,91391,1,91391,1
78571,91391,1,91391,1
78571,91391,1,91391,1
78571,91391,1,91391,1
78571,91391,1,91391,1
78571,91391,1,91391,1
78571,91391,1,91391,1
78571,91391,1,91391,1
78571,91391,1,91391,1
78571,91391,1,91391,1
78571,91391,1,91391,1
78571,91391,1,91391,1
78571,91391,1,91395,1
78571,91395,1,91395,1
78571,91395,1,91395,1
78571,91395,1,91395,1
78571,91395,1,91395,1
78571,91395,1,91395,1
78571,91395,1,91395,1
78571,91395,1,91395,1
78571,91395,1,91395,1
78571,91395,1,91395,1
78571,91395,1,91395,1
78571,91395,1,91395,1
78571,91395,1,91395,1
78571,91395,1,91395,1
78571,91395,1,91395,1
78571,91395,1,91395,1
78571,91395,1,91395,1
78571,91395,1,91395,1
78571,91395,1,91395,1
78571,91395,1,91395,1
78571,91395,1,91395,1
78571,91395,1,91395,1
78571,91395,1,91395,1
78571,91395,1,91395,1
78571,91395,1,91395,1
78571,91395,1,91395,1
78571,91395,1,91395,1
78571,91395,1,91395,1
78571,91395,1,91395,1
78571,91395,1,91395,1
78571,91395,1,91395,1
78571,91395,1,91395,1
78571,91395,1,91395,1
78571,91395,1,91395,1
78571,91395,1,91395,1
78571,91395,1,91395,1
78571,91395,1,91395,1
78571,91395,1,91395,1
78571,91395,1,91395,1
78571,91395,1,91395,1
78571,91395,1,91395,1
78571,91395,1,91395,1
78571,91395,1,91395,1
78571,91395,1,91395,1
78571,91395,1,91395,1
78571,91395,1,91395,1
78571,91395,1,91395,1
78571,91395,1,91395,1
78571,91395,1,91395,1
78571,91395,1,91395,1
78571,91395,1,91395,1
78571,91395,1,91395,1
78571,91395,1,91395,1
78571,91395,1,91395,1
78571,91395,1,91395,1
78571,91395,1,91395,1
78571,91395,1,91395,1
78571,91395,1,91395,1
78571,91395,1,91395,1
78571,91395,1,91395,1
78571,91395,1,91395,1
78571,91395,1,91395,1
78571,91395,1,91395,1
78571,91395,1,91395,1
78571,91395,1,91395,1
78571,91395,1,91395,1
78571,91395,1,91395,1
78571,91395,1,91395,1
78571,91395,1,91395,1
78571,91395,1,91395,1
78571,91395,1,91395,1
78571,91395,1,91395,1
78571,91395,1,91395,1
78571,91395,1,91395,1
78571,91395,1,91395,1
78571,91395,1,91395,1
78571,91395,1,91395,1
78571,91395,1,91395,1
78571,91395,1,91395,1
78571,91395,1,91395,1
78571,91395,1,91395,1
78571,91395,1,91395,1
78571,91395,1,91395,1
78571,91395,1,91395,1
78571,91395,1,91395,1
78571,91395,1,91395,1
78571,91395,1,91395,1
78571,91395,1,91395,1
78571,91395,1,91395,1
78571,91395,1,91395,1
78571,91395,1,91395,1
78571,91395,1,91395,1
78571,91395,1,91395,1
78571,91395,1,91395,1
78571,91395,1,91395,1
78571,91395,1,91395,1
78571,91395,1,91395,1
78571,91395,1,91381,1
78571,91381,1,91381,1
78571,91381,1,91381,1
78571,91381,1,91381,1
78571,91381,1,91381,1
78571,91381,1,91381,1
78571,91381,1,91381,1
78571,91381,1,91381,1
78571,91381,1,91381,1
78571,91381,1,91381,1
78571,91381,1,91381,1
78571,91381,1,91381,1
78571,91381,1,91381,1
78571,91381,1,91381,1
78571,91381,1,91381,1
78571,91381,1,91381,1
78571,91381,1,91381,1
78571,91381,1,91381,1
78571,91381,1,91381,1
78571,91381,1,91381,1
78571,91381,1,91381,1
78571,91381,1,91381,1
78571,91381,1,91381,1
78571,91381,1,91381,1
78571,91381,1,91381,1
78571,91381,1,91381,1
78571,91381,1,91381,1
78571,91381,1,91381,1
78571,91381,1,91381,1
78571,91381,1,91381,1
78571,91381,1,91381,1
78571,91381,1,91381,1
78571,91381,1,91381,1
78571,91381,1,91381,1
78571,91381,1,91381,1
78571,91381,1,91381,1
78571,91381,1,91381,1
78571,91381,1,91381,1
78571,91381,1,91381,1
78571,91381,1,91381,1
78571,91381,1,91381,1
78571,91381,1,91381,1
78571,91381,1,91381,1
78571,91381,1,91381,1
78571,91381,1,91381,1
78571,91381,1,91381,1
78571,91381,1,91381,1
78571,91381,1,91639,0
78571,91639,0,91639,0
78571,91639,0,91639,0
78571,91639,0,91639,0
78571,91639,0,91639,0
78571,91639,0,91639,0
78571,91639,0,91639,0
78571,91639,0,91639,0
78571,91639,0,91639,0
78571,91639,0,91639,0
78571,91639,0,91639,0
78571,91639,0,91639,0
78571,91639,0,91639,0
78571,91639,0,91639,0
78571,91639,0,91639,0
78571,91639,0,91639,0
78571,91639,0,91639,0
78571,91639,0,91639,0
78571,91639,0,91639,0
78571,91639,0,91639,0
78571,91639,0,91639,0
78571,91639,0,91639,0
78571,91639,0,91639,0
78571,91639,0,91639,0
78571,91639,0,91639,0
78571,91639,0,91639,0
78571,91639,0,91639,0
78571,91639,0,91639,0
78571,91639,0,91639,0
78571,91639,0,91639,0
78571,91639,0,91639,0
78571,91639,0,91639,0
78571,91639,0,91639,0
78571,91639,0,91639,0
78571,91639,0,91639,0
78571,91639,0,91639,0
78571,91639,0,91639,0
78571,91639,0,91639,0
78571,91639,0,91639,0
78571,91639,0,91639,0
78571,91639,0,91639,0
78571,91639,0,91639,0
78571,91639,0,91639,0
78571,91639,0,91639,0
78571,91639,0,91639,0
78571,91639,0,91639,0
78571,91639,0,91639,0
78571,91639,0,91639,0
78571,91639,0,91639,0
78571,91639,0,91639,0
78571,91639,0,91639,0
78571,91639,0,91639,0
78571,91639,0,91639,0
78571,91639,0,91639,0
78571,91639,0,91639,0
78571,91639,0,91639,0
78571,91639,0,91639,0
78571,91639,0,91639,0
78571,91639,0,91639,0
78571,91639,0,91639,0
78571,91639,0,91639,0
78571,91639,0,91639,0
78571,91639,0,91639,0
78571,91639,0,91639,0
78571,91639,0,91639,0
78571,91639,0,91639,0
78571,91639,0,91639,0
78571,91639,0,91639,0
78571,91639,0,91639,0
78571,91639,0,91639,0
78571,91639,0,91639,0
78571,91639,0,91639,0
78571,91639,0,91639,0
78571,91639,0,91639,0
78571,91639,0,91639,0
78571,91639,0,91639,0
78571,91639,0,91639,0
78571,91639,0,91639,0
78571,91639,0,91639,0
78571,91639,0,91639,0
78571,91639,0,91639,0
78571,91639,0,91639,0
78571,91639,0,91639,0
78571,91639,0,91639,0
78571,91639,0,91639,0
78571,91639,0,91639,0
78571,91639,0,91639,0
78571,91639,0,91639,0
78571,91639,0,91639,0
78571,91639,0,91639,0
78571,91639,0,91639,0
78571,91639,0,91639,0
78571,91639,0,91639,0
78571,91639,0,89785,0
78571,89785,0,89785,0
78571,89785,0,89785,0
78571,89785,0,89785,0
78571,89785,0,89785,0
78571,89785,0,89785,0
78571,89785,0,89785,0
78571,89785,0,89785,0
78571,89785,0,89785,0
78571,89785,0,89785,0
78571,89785,0,89785,0
78571,89785,0,89785,0
78571,89785,0,89785,0
78571,89785,0,89785,0
78571,89785,0,89785,0
78571,89785,0,89785,0
78571,89785,0,89785,0
78571,89785,0,89785,0
78571,89785,0,89785,0
78571,89785,0,89785,0
78571,89785,0,89785,0
78571,89785,0,89785,0
78571,89785,0,89785,0
78571,89785,0,89785,0
78571,89785,0,89785,0
78571,89785,0,89785,0
78571,89785,0,89785,0
78571,89785,0,89785,0
78571,89785,0,89785,0
78571,89785,0,89785,0
78571,89785,0,89785,0
78571,89785,0,89785,0
78571,89785,0,89785,0
78571,89785,0,89785,0
78571,89785,0,89785,0
78571,89785,0,89785,0
78571,89785,0,89785,0
78571,89785,0,89785,0
78571,89785,0,89785,0
78571,89785,0,89785,0
78571,89785,0,89785,0
78571,89785,0,89785,0
78571,89785,0,89785,0
78571,89785,0,89785,0
78571,89785,0,89785,0
78571,89785,0,89785,0
78571,89785,0,89785,0
78571,89785,0,89785,0
78571,89785,0,89785,0
78571,89785,0,89785,0
78571,89785,0,89785,0
78571,89785,0,89785,0
78571,89785,0,89785,0
78571,89785,0,89785,0
78571,89785,0,89785,0
78571,89785,0,89785,0
78571,89785,0,89785,0
78571,89785,0,89785,0
78571,89785,0,89785,0
78571,89785,0,89785,0
78571,89785,0,89785,0
78571,89785,0,89785,0
78571,89785,0,89785,0
78571,89785,0,89785,0
78571,89785,0,89785,0
78571,89785,0,89785,0
78571,89785,0,89785,0
78571,89785,0,89785,0
78571,89785,0,89785,0
78571,89785,0,89785,0
78571,89785,0,89785,0
78571,89785,0,89785,0
78571,89785,0,89785,0
78571,89785,0,89785,0
78571,89785,0,89785,0
78571,89785,0,89785,0
78571,89785,0,89785,0
78571,89785,0,89785,0
78571,89785,0,89785,0
78571,89785,0,89785,0
78571,89785,0,89785,0
78571,89785,0,89785,0
78571,89785,0,89785,0
78571,89785,0,89785,0
78571,89785,0,89785,0
78571,89785,0,89785,0
78571,89785,0,89785,0
78571,89785,0,89785,0
78571,89785,0,89785,0
78571,89785,0,89785,0
78571,89785,0,89785,0
78571,89785,0,89785,0
78571,89785,0,89785,0
78571,89785,0,89775,1
78571,89775,1,89775,1
78571,89775,1,89775,1
78571,89775,1,89775,1
78571,89775,1,89775,1
78571,89775,1,89775,1
78571,89775,1,89775,1
78571,89775,1,89775,1
78571,89775,1,89775,1
78571,89775,1,89775,1
78571,89775,1,89775,1
78571,89775,1,89775,1
78571,89775,1,89775,1
78571,89775,1,89775,1
78571,89775,1,89775,1
78571,89775,1,89775,1
78571,89775,1,89775,1
78571,89775,1,89775,1
78571,89775,1,89775,1
78571,89775,1,89775,1
78571,89775,1,89775,1
78571,89775,1,89775,1
78571,89775,1,89775,1
78571,89775,1,89775,1
78571,89775,1,89775,1
78571,89775,1,89775,1
78571,89775,1,89775,1
78571,89775,1,89775,1
78571,89775,1,89775,1
78571,89775,1,89775,1
78571,89775,1,89775,1
78571,89775,1,89775,1
78571,89775,1,89775,1
78571,89775,1,89775,1
78571,89775,1,89775,1
78571,89775,1,89775,1
78571,89775,1,89775,1
78571,89775,1,89775,1
78571,89775,1,89775,1
78571,89775,1,89775,1
78571,89775,1,89775,1
78571,89775,1,89775,1
78571,89775,1,89775,1
78571,89775,1,89775,1
78571,89775,1,89775,1
78571,89775,1,89775,1
78571,89775,1,89775,1
78571,89775,1,89775,1
78571,89775,1,89775,1
78571,89775,1,89775,1
78571,89775,1,89775,1
78571,89775,1,89775,1
78571,89775,1,89775,1
78571,89775,1,89775,1
78571,89775,1,89775,1
78571,89775,1,89775,1
78571,89775,1,89775,1
78571,89775,1,89775,1
78571,89775,1,89775,1
78571,89775,1,89775,1
78571,89775,1,89775,1
78571,89775,1,89775,1
78571,89775,1,89775,1
78571,89775,1,89775,1
78571,89775,1,89775,1
78571,89775,1,89775,1
78571,89775,1,89775,1
78571,89775,1,89775,1
78571,89775,1,89775,1
78571,89775,1,89775,1
78571,89775,1,89775,1
78571,89775,1,89775,1
78571,89775,1,89775,1
78571,89775,1,89775,1
78571,89775,1,89775,1
78571,89775,1,89775,1
78571,89775,1,89775,1
78571,89775,1,89775,1
78571,89775,1,89775,1
78571,89775,1,89775,1
78571,89775,1,89775,1
78571,89775,1,89775,1
78571,89775,1,89775,1
78571,89775,1,89775,1
78571,89775,1,89775,1
78571,89775,1,89775,1
78571,89775,1,89775,1
78571,89775,1,89775,1
78571,89775,1,89775,1
78571,89775,1,89775,1
78571,89775,1,89775,1
78571,89775,1,89775,1
78571,89775,1,89775,1
78571,89775,1,89777,0
78571,89777,0,89777,0
78571,89777,0,89777,0
78571,89777,0,89777,0
78571,89777,0,89777,0
78571,89777,0,89777,0
78571,89777,0,89777,0
78571,89777,0,89777,0
78571,89777,0,89777,0
78571,89777,0,89777,0
78571,89777,0,89777,0
78571,89777,0,89777,0
78571,89777,0,89777,0
78571,89777,0,89777,0
78571,89777,0,89777,0
78571,89777,0,89777,0
78571,89777,0,89777,0
78571,89777,0,89777,0
78571,89777,0,89777,0
78571,89777,0,89777,0
78571,89777,0,89777,0
78571,89777,0,89777,0
78571,89777,0,89777,0
78571,89777,0,89777,0
78571,89777,0,89777,0
78571,89777,0,89777,0
78571,89777,0,89777,0
78571,89777,0,89777,0
78571,89777,0,89777,0
78571,89777,0,89777,0
78571,89777,0,89777,0
78571,89777,0,89777,0
78571,89777,0,89777,0
78571,89777,0,89777,0
78571,89777,0,89777,0
78571,89777,0,89777,0
78571,89777,0,89777,0
78571,89777,0,89777,0
78571,89777,0,89777,0
78571,89777,0,89777,0
78571,89777,0,89777,0
78571,89777,0,89777,0
78571,89777,0,89777,0
78571,89777,0,89777,0
78571,89777,0,89777,0
78571,89777,0,89777,0
78571,89777,0,89777,0
78571,89777,0,89777,0
78571,89777,0,89777,0
78571,89777,0,89777,0
78571,89777,0,89777,0
78571,89777,0,89777,0
78571,89777,0,89777,0
78571,89777,0,89777,0
78571,89777,0,89777,0
78571,89777,0,89777,0
78571,89777,0,89777,0
78571,89777,0,89777,0
78571,89777,0,89777,0
78571,89777,0,89777,0
78571,89777,0,89777,0
78571,89777,0,89777,0
78571,89777,0,89777,0
78571,89777,0,89777,0
78571,89777,0,89777,0
78571,89777,0,89777,0
78571,89777,0,89777,0
78571,89777,0,89777,0
78571,89777,0,89777,0
78571,89777,0,89777,0
78571,89777,0,89777,0
78571,89777,0,89777,0
78571,89777,0,89777,0
78571,89777,0,89777,0
78571,89777,0,89777,0
78571,89777,0,89777,0
78571,89777,0,89777,0
78571,89777,0,89777,0
78571,89777,0,89777,0
78571,89777,0,89777,0
78571,89777,0,89777,0
78571,89777,0,89777,0
78571,89777,0,89777,0
78571,89777,0,89777,0
78571,89777,0,89777,0
78571,89777,0,89777,0
78571,89777,0,89777,0
78571,89777,0,89777,0
78571,89777,0,89777,0
78571,89777,0,89777,0
78571,89777,0,89777,0
78571,89777,0,89777,0
78571,89777,0,89777,0
78571,89777,0,91644,1
78571,91644,1,91644,1
78571,91644,1,91644,1
78571,91644,1,91644,1
78571,91644,1,91644,1
78571,91644,1,91644,1
78571,91644,1,91644,1
78571,91644,1,91644,1
78571,91644,1,91644,1
78571,91644,1,91644,1
78571,91644,1,91644,1
78571,91644,1,91644,1
78571,91644,1,91644,1
78571,91644,1,91644,1
78571,91644,1,91644,1
78571,91644,1,91644,1
78571,91644,1,91644,1
78571,91644,1,91644,1
78571,91644,1,91644,1
78571,91644,1,91644,1
78571,91644,1,91644,1
78571,91644,1,91644,1
78571,91644,1,91644,1
78571,91644,1,91644,1
78571,91644,1,91644,1
78571,91644,1,91644,1
78571,91644,1,91644,1
78571,91644,1,91644,1
78571,91644,1,91644,1
78571,91644,1,91644,1
78571,91644,1,91644,1
78571,91644,1,91644,1
78571,91644,1,91644,1
78571,91644,1,91644,1
78571,91644,1,91644,1
78571,91644,1,91644,1
78571,91644,1,91644,1
78571,91644,1,91644,1
78571,91644,1,91644,1
78571,91644,1,91644,1
78571,91644,1,91644,1
78571,91644,1,91644,1
78571,91644,1,91644,1
78571,91644,1,91644,1
78571,91644,1,91644,1
78571,91644,1,91644,1
78571,91644,1,91644,1
78571,91644,1,91644,1
78571,91644,1,91644,1
78571,91644,1,91644,1
78571,91644,1,91644,1
78571,91644,1,91644,1
78571,91644,1,91644,1
78571,91644,1,91644,1
78571,91644,1,91644,1
78571,91644,1,91644,1
78571,91644,1,91644,1
78571,91644,1,91644,1
78571,91644,1,91644,1
78571,91644,1,91644,1
78571,91644,1,91644,1
78571,91644,1,91644,1
78571,91644,1,91644,1
78571,91644,1,91644,1
78571,91644,1,91644,1
78571,91644,1,91644,1
78571,91644,1,91644,1
78571,91644,1,91644,1
78571,91644,1,91644,1
78571,91644,1,91644,1
78571,91644,1,91644,1
78571,91644,1,91644,1
78571,91644,1,91644,1
78571,91644,1,91644,1
78571,91644,1,91644,1
78571,91644,1,91644,1
78571,91644,1,91644,1
78571,91644,1,91644,1
78571,91644,1,91644,1
78571,91644,1,91644,1
78571,91644,1,91644,1
78571,91644,1,91644,1
78571,91644,1,91644,1
78571,91644,1,91644,1
78571,91644,1,91644,1
78571,91644,1,91644,1
78571,91644,1,91644,1
78571,91644,1,91644,1
78571,91644,1,91644,1
78571,91644,1,91644,1
78571,91644,1,91644,1
78571,91644,1,91644,1
78571,91644,1,91644,1
78571,91644,1,89876,0
78571,89876,0,89876,0
78571,89876,0,89876,0
78571,89876,0,89876,0
78571,89876,0,89876,0
78571,89876,0,89876,0
78571,89876,0,89876,0
78571,89876,0,89876,0
78571,89876,0,89876,0
78571,89876,0,89876,0
78571,89876,0,89876,0
78571,89876,0,89876,0
78571,89876,0,89876,0
78571,89876,0,89876,0
78571,89876,0,89876,0
78571,89876,0,89876,0
78571,89876,0,89876,0
78571,89876,0,89876,0
78571,89876,0,89876,0
78571,89876,0,89876,0
78571,89876,0,89876,0
78571,89876,0,89876,0
78571,89876,0,89876,0
78571,89876,0,89876,0
78571,89876,0,89876,0
78571,89876,0,89876,0
78571,89876,0,89876,0
78571,89876,0,89876,0
78571,89876,0,89876,0
78571,89876,0,89876,0
78571,89876,0,89876,0
78571,89876,0,89876,0
78571,89876,0,89876,0
78571,89876,0,89876,0
78571,89876,0,89876,0
78571,89876,0,89876,0
78571,89876,0,89876,0
78571,89876,0,89876,0
78571,89876,0,89876,0
78571,89876,0,89876,0
78571,89876,0,89876,0
78571,89876,0,89876,0
78571,89876,0,89876,0
78571,89876,0,89876,0
78571,89876,0,89876,0
78571,89876,0,89876,0
78571,89876,0,89876,0
78571,89876,0,89876,0
78571,89876,0,89876,0
78571,89876,0,89876,0
78571,89876,0,89876,0
78571,89876,0,89876,0
78571,89876,0,89876,0
78571,89876,0,89876,0
78571,89876,0,89876,0
78571,89876,0,89876,0
78571,89876,0,89876,0
78571,89876,0,89876,0
78571,89876,0,89876,0
78571,89876,0,89876,0
78571,89876,0,89876,0
78571,89876,0,89876,0
78571,89876,0,89876,0
78571,89876,0,89876,0
78571,89876,0,89876,0
78571,89876,0,89876,0
78571,89876,0,89876,0
78571,89876,0,89876,0
78571,89876,0,89876,0
78571,89876,0,89876,0
78571,89876,0,89876,0
78571,89876,0,89876,0
78571,89876,0,89876,0
78571,89876,0,89876,0
78571,89876,0,89876,0
78571,89876,0,89876,0
78571,89876,0,89876,0
78571,89876,0,89876,0
78571,89876,0,89876,0
78571,89876,0,89876,0
78571,89876,0,89876,0
78571,89876,0,89876,0
78571,89876,0,89876,0
78571,89876,0,89876,0
78571,89876,0,89876,0
78571,89876,0,89876,0
78571,89876,0,89876,0
78571,89876,0,89876,0
78571,89876,0,89876,0
78571,89876,0,89876,0
78571,89876,0,89876,0
78571,89876,0,89876,0
78571,89876,0,89876,0
78571,89876,0,89805,1
78571,89805,1,89805,1
78571,89805,1,89805,1
78571,89805,1,89805,1
78571,89805,1,89805,1
78571,89805,1,89805,1
78571,89805,1,89805,1
78571,89805,1,89805,1
78571,89805,1,89805,1
78571,89805,1,89805,1
78571,89805,1,89805,1
78571,89805,1,89805,1
78571,89805,1,89805,1
78571,89805,1,89805,1
78571,89805,1,89805,1
78571,89805,1,89805,1
78571,89805,1,89805,1
78571,89805,1,89805,1
78571,89805,1,89805,1
78571,89805,1,89805,1
78571,89805,1,89805,1
78571,89805,1,89805,1
78571,89805,1,89805,1
78571,89805,1,89805,1
78571,89805,1,89805,1
78571,89805,1,89805,1
78571,89805,1,89805,1
78571,89805,1,89805,1
78571,89805,1,89805,1
78571,89805,1,89805,1
78571,89805,1,89805,1
78571,89805,1,89805,1
78571,89805,1,89805,1
78571,89805,1,89805,1
78571,89805,1,89805,1
78571,89805,1,89805,1
78571,89805,1,89805,1
78571,89805,1,89805,1
78571,89805,1,89805,1
78571,89805,1,89805,1
78571,89805,1,89805,1
78571,89805,1,89805,1
78571,89805,1,89805,1
78571,89805,1,89805,1
78571,89805,1,89805,1
78571,89805,1,89805,1
78571,89805,1,89805,1
78571,89805,1,89805,1
78571,89805,1,89805,1
78571,89805,1,89805,1
78571,89805,1,89805,1
78571,89805,1,89805,1
78571,89805,1,89805,1
78571,89805,1,89805,1
78571,89805,1,89805,1
78571,89805,1,89805,1
78571,89805,1,89805,1
78571,89805,1,89805,1
78571,89805,1,89805,1
78571,89805,1,89805,1
78571,89805,1,89805,1
78571,89805,1,89805,1
78571,89805,1,89805,1
78571,89805,1,89805,1
78571,89805,1,89805,1
78571,89805,1,89805,1
78571,89805,1,89805,1
78571,89805,1,89805,1
78571,89805,1,89805,1
78571,89805,1,89805,1
78571,89805,1,89805,1
78571,89805,1,89805,1
78571,89805,1,89805,1
78571,89805,1,89805,1
78571,89805,1,89805,1
78571,89805,1,89805,1
78571,89805,1,89805,1
78571,89805,1,89805,1
78571,89805,1,89805,1
78571,89805,1,89805,1
78571,89805,1,89805,1
78571,89805,1,89805,1
78571,89805,1,89805,1
78571,89805,1,89805,1
78571,89805,1,89805,1
78571,89805,1,89805,1
78571,89805,1,89805,1
78571,89805,1,89805,1
78571,89805,1,89805,1
78571,89805,1,89805,1
78571,89805,1,89805,1
78571,89805,1,89805,1
78571,89805,1,89805,1
78571,89805,1,89809,1
78571,89809,1,89809,1
78571,89809,1,89809,1
78571,89809,1,89809,1
78571,89809,1,89809,1
78571,89809,1,89809,1
78571,89809,1,89809,1
78571,89809,1,89809,1
78571,89809,1,89809,1
78571,89809,1,89809,1
78571,89809,1,89809,1
78571,89809,1,89809,1
78571,89809,1,89809,1
78571,89809,1,89809,1
78571,89809,1,89809,1
78571,89809,1,89809,1
78571,89809,1,89809,1
78571,89809,1,89809,1
78571,89809,1,89809,1
78571,89809,1,89809,1
78571,89809,1,89809,1
78571,89809,1,89809,1
78571,89809,1,89809,1
78571,89809,1,89809,1
78571,89809,1,89809,1
78571,89809,1,89809,1
78571,89809,1,89809,1
78571,89809,1,89809,1
78571,89809,1,89809,1
78571,89809,1,89809,1
78571,89809,1,89809,1
78571,89809,1,89809,1
78571,89809,1,89809,1
78571,89809,1,89809,1
78571,89809,1,89809,1
78571,89809,1,89809,1
78571,89809,1,89809,1
78571,89809,1,89809,1
78571,89809,1,89809,1
78571,89809,1,89809,1
78571,89809,1,89809,1
78571,89809,1,89809,1
78571,89809,1,89809,1
78571,89809,1,89809,1
78571,89809,1,89809,1
78571,89809,1,89809,1
78571,89809,1,89809,1
78571,89809,1,89809,1
78571,89809,1,89809,1
78571,89809,1,89809,1
78571,89809,1,89809,1
78571,89809,1,89809,1
78571,89809,1,89809,1
78571,89809,1,89809,1
78571,89809,1,89809,1
78571,89809,1,89809,1
78571,89809,1,89809,1
78571,89809,1,89809,1
78571,89809,1,89809,1
78571,89809,1,89809,1
78571,89809,1,89809,1
78571,89809,1,89809,1
78571,89809,1,89809,1
78571,89809,1,89809,1
78571,89809,1,89809,1
78571,89809,1,89809,1
78571,89809,1,89809,1
78571,89809,1,89809,1
78571,89809,1,89809,1
78571,89809,1,89809,1
78571,89809,1,89809,1
78571,89809,1,89809,1
78571,89809,1,89809,1
78571,89809,1,89809,1
78571,89809,1,89809,1
78571,89809,1,89809,1
78571,89809,1,89809,1
78571,89809,1,89809,1
78571,89809,1,89809,1
78571,89809,1,89809,1
78571,89809,1,89809,1
78571,89809,1,89809,1
78571,89809,1,89809,1
78571,89809,1,89809,1
78571,89809,1,89809,1
78571,89809,1,89809,1
78571,89809,1,89809,1
78571,89809,1,89809,1
78571,89809,1,89809,1
78571,89809,1,89809,1
78571,89809,1,89809,1
78571,89809,1,89809,1
78571,89809,1,89809,1
78571,89809,1,91660,1
78571,91660,1,91660,1
78571,91660,1,91660,1
78571,91660,1,91660,1
78571,91660,1,91660,1
78571,91660,1,91660,1
78571,91660,1,91660,1
78571,91660,1,91660,1
78571,91660,1,91660,1
78571,91660,1,91660,1
78571,91660,1,91660,1
78571,91660,1,91660,1
78571,91660,1,91660,1
78571,91660,1,91660,1
78571,91660,1,91660,1
78571,91660,1,91660,1
78571,91660,1,91660,1
78571,91660,1,91660,1
78571,91660,1,91660,1
78571,91660,1,91660,1
78571,91660,1,91660,1
78571,91660,1,91660,1
78571,91660,1,91660,1
78571,91660,1,91660,1
78571,91660,1,91660,1
78571,91660,1,91660,1
78571,91660,1,91660,1
78571,91660,1,91660,1
78571,91660,1,91660,1
78571,91660,1,91660,1
78571,91660,1,91660,1
78571,91660,1,91660,1
78571,91660,1,91660,1
78571,91660,1,91660,1
78571,91660,1,91660,1
78571,91660,1,91660,1
78571,91660,1,91660,1
78571,91660,1,91660,1
78571,91660,1,91660,1
78571,91660,1,91660,1
78571,91660,1,91660,1
78571,91660,1,91660,1
78571,91660,1,91660,1
78571,91660,1,91660,1
78571,91660,1,91660,1
78571,91660,1,91660,1
78571,91660,1,91660,1
78571,91660,1,91660,1
78571,91660,1,91660,1
78571,91660,1,91660,1
78571,91660,1,91660,1
78571,91660,1,91660,1
78571,91660,1,91660,1
78571,91660,1,91660,1
78571,91660,1,91660,1
78571,91660,1,91660,1
78571,91660,1,91660,1
78571,91660,1,91660,1
78571,91660,1,91660,1
78571,91660,1,91660,1
78571,91660,1,91660,1
78571,91660,1,91660,1
78571,91660,1,91660,1
78571,91660,1,91660,1
78571,91660,1,91660,1
78571,91660,1,91660,1
78571,91660,1,91660,1
78571,91660,1,91660,1
78571,91660,1,91660,1
78571,91660,1,91660,1
78571,91660,1,91660,1
78571,91660,1,91660,1
78571,91660,1,91660,1
78571,91660,1,91660,1
78571,91660,1,91660,1
78571,91660,1,91660,1
78571,91660,1,91660,1
78571,91660,1,91660,1
78571,91660,1,91660,1
78571,91660,1,91660,1
78571,91660,1,91660,1
78571,91660,1,91660,1
78571,91660,1,91660,1
78571,91660,1,91660,1
78571,91660,1,91660,1
78571,91660,1,91660,1
78571,91660,1,91660,1
78571,91660,1,91660,1
78571,91660,1,91660,1
78571,91660,1,91660,1
78571,91660,1,91660,1
78571,91660,1,91660,1
78571,91660,1,91660,1
78573,93191,1,93191,1
78573,93191,1,93191,1
78573,93191,1,93191,1
78573,93191,1,93191,1
78573,93191,1,93191,1
78573,93191,1,93191,1
78573,93191,1,93191,1
78573,93191,1,93191,1
78573,93191,1,93191,1
78573,93191,1,93191,1
78573,93191,1,93191,1
78573,93191,1,93191,1
78573,93191,1,93191,1
78573,93191,1,93191,1
78573,93191,1,93191,1
78573,93191,1,93191,1
78573,93191,1,93191,1
78573,93191,1,93191,1
78573,93191,1,93191,1
78573,93191,1,93191,1
78573,93191,1,93191,1
78573,93191,1,93191,1
78573,93191,1,93191,1
78573,93191,1,93191,1
78573,93191,1,93191,1
78573,93191,1,93159,1
78573,93159,1,93159,1
78573,93159,1,93159,1
78573,93159,1,93159,1
78573,93159,1,93159,1
78573,93159,1,93159,1
78573,93159,1,93159,1
78573,93159,1,93159,1
78573,93159,1,93159,1
78573,93159,1,93159,1
78573,93159,1,93159,1
78573,93159,1,93159,1
78573,93159,1,93159,1
78573,93159,1,93159,1
78573,93159,1,93159,1
78573,93159,1,93159,1
78573,93159,1,93159,1
78573,93159,1,93159,1
78573,93159,1,93159,1
78573,93159,1,93159,1
78573,93159,1,93159,1
78573,93159,1,93159,1
78573,93159,1,93159,1
78573,93159,1,93159,1
78573,93159,1,93159,1
78573,93159,1,93159,1
78573,93159,1,85685,1
78573,85685,1,85685,1
78573,85685,1,85685,1
78573,85685,1,85685,1
78573,85685,1,85685,1
78573,85685,1,85685,1
78573,85685,1,85685,1
78573,85685,1,85685,1
78573,85685,1,85685,1
78573,85685,1,85685,1
78573,85685,1,85685,1
78573,85685,1,85685,1
78573,85685,1,85685,1
78573,85685,1,85685,1
78573,85685,1,85685,1
78573,85685,1,85685,1
78573,85685,1,85685,1
78573,85685,1,85685,1
78573,85685,1,85685,1
78573,85685,1,85685,1
78573,85685,1,85650,0
78573,85650,0,85650,0
78573,85650,0,85650,0
78573,85650,0,85650,0
78573,85650,0,85650,0
78573,85650,0,85650,0
78573,85650,0,85650,0
78573,85650,0,85650,0
78573,85650,0,85650,0
78573,85650,0,85650,0
78573,85650,0,85650,0
78573,85650,0,85650,0
78573,85650,0,85650,0
78573,85650,0,85650,0
78573,85650,0,85650,0
78573,85650,0,85650,0
78573,85650,0,85650,0
78573,85650,0,85650,0
78573,85650,0,85650,0
78573,85650,0,85650,0
78573,85650,0,85673,0
78573,85673,0,85673,0
78573,85673,0,85673,0
78573,85673,0,85673,0
78573,85673,0,85673,0
78573,85673,0,85673,0
78573,85673,0,85673,0
78573,85673,0,85673,0
78573,85673,0,85673,0
78573,85673,0,85673,0
78573,85673,0,85673,0
78573,85673,0,85673,0
78573,85673,0,85673,0
78573,85673,0,85673,0
78573,85673,0,85673,0
78573,85673,0,85673,0
78573,85673,0,85673,0
78573,85673,0,85673,0
78573,85673,0,85673,0
78573,85673,0,85673,0
78573,85673,0,85666,1
78573,85666,1,85666,1
78573,85666,1,85666,1
78573,85666,1,85666,1
78573,85666,1,85666,1
78573,85666,1,85666,1
78573,85666,1,85666,1
78573,85666,1,85666,1
78573,85666,1,85666,1
78573,85666,1,85666,1
78573,85666,1,85666,1
78573,85666,1,85666,1
78573,85666,1,85666,1
78573,85666,1,85666,1
78573,85666,1,85666,1
78573,85666,1,85666,1
78573,85666,1,85666,1
78573,85666,1,85666,1
78573,85666,1,85666,1
78573,85666,1,85666,1
78573,85666,1,86098,1
78573,86098,1,86098,1
78573,86098,1,86098,1
78573,86098,1,86098,1
78573,86098,1,86098,1
78573,86098,1,86098,1
78573,86098,1,86098,1
78573,86098,1,86098,1
78573,86098,1,86098,1
78573,86098,1,86098,1
78573,86098,1,86098,1
78573,86098,1,86098,1
78573,86098,1,86098,1
78573,86098,1,86098,1
78573,86098,1,86098,1
78573,86098,1,86098,1
78573,86098,1,86098,1
78573,86098,1,86098,1
78573,86098,1,86098,1
78573,86098,1,86098,1
78573,86098,1,85683,1
78573,85683,1,85683,1
78573,85683,1,85683,1
78573,85683,1,85683,1
78573,85683,1,85683,1
78573,85683,1,85683,1
78573,85683,1,85683,1
78573,85683,1,85683,1
78573,85683,1,85683,1
78573,85683,1,85683,1
78573,85683,1,85683,1
78573,85683,1,85683,1
78573,85683,1,85683,1
78573,85683,1,85683,1
78573,85683,1,85683,1
78573,85683,1,85683,1
78573,85683,1,85683,1
78573,85683,1,85683,1
78573,85683,1,85683,1
78573,85683,1,85683,1
78573,85683,1,91363,1
78573,91363,1,91363,1
78573,91363,1,91363,1
78573,91363,1,91363,1
78573,91363,1,91363,1
78573,91363,1,91363,1
78573,91363,1,91363,1
78573,91363,1,91363,1
78573,91363,1,91363,1
78573,91363,1,91363,1
78573,91363,1,91363,1
78573,91363,1,91363,1
78573,91363,1,91363,1
78573,91363,1,91363,1
78573,91363,1,91363,1
78573,91363,1,91363,1
78573,91363,1,91363,1
78573,91363,1,91363,1
78573,91363,1,91363,1
78573,91363,1,91363,1
78573,91363,1,91363,1
78573,91363,1,91363,1
78573,91363,1,91363,1
78573,91363,1,91363,1
78573,91363,1,91363,1
78573,91363,1,91363,1
78573,91363,1,91363,1
78573,91363,1,91363,1
78573,91363,1,91363,1
78573,91363,1,91363,1
78573,91363,1,91363,1
78573,91363,1,91363,1
78573,91363,1,91363,1
78573,91363,1,91363,1
78573,91363,1,91363,1
78573,91363,1,91363,1
78573,91363,1,91363,1
78573,91363,1,91363,1
78573,91363,1,91363,1
78573,91363,1,91363,1
78573,91363,1,91363,1
78573,91363,1,91363,1
78573,91363,1,91363,1
78573,91363,1,91363,1
78573,91363,1,91363,1
78573,91363,1,91363,1
78573,91363,1,91363,1
78573,91363,1,91363,1
78573,91363,1,91363,1
78573,91363,1,91363,1
78573,91363,1,91363,1
78573,91363,1,91363,1
78573,91363,1,91363,1
78573,91363,1,91363,1
78573,91363,1,91363,1
78573,91363,1,91363,1
78573,91363,1,91363,1
78573,91363,1,91363,1
78573,91363,1,91363,1
78573,91363,1,91363,1
78573,91363,1,89241,1
78573,89241,1,89241,1
78573,89241,1,89241,1
78573,89241,1,89241,1
78573,89241,1,89241,1
78573,89241,1,89241,1
78573,89241,1,89241,1
78573,89241,1,89241,1
78573,89241,1,89241,1
78573,89241,1,89241,1
78573,89241,1,89241,1
78573,89241,1,89241,1
78573,89241,1,89241,1
78573,89241,1,89241,1
78573,89241,1,89241,1
78573,89241,1,89241,1
78573,89241,1,89241,1
78573,89241,1,89241,1
78573,89241,1,89241,1
78573,89241,1,89241,1
78573,89241,1,89241,1
78573,89241,1,89241,1
78573,89241,1,89241,1
78573,89241,1,89241,1
78573,89241,1,89241,1
78573,89241,1,89241,1
78573,89241,1,89241,1
78573,89241,1,89241,1
78573,89241,1,89241,1
78573,89241,1,89241,1
78573,89241,1,89241,1
78573,89241,1,89241,1
78573,89241,1,89241,1
78573,89241,1,89241,1
78573,89241,1,89241,1
78573,89241,1,89241,1
78573,89241,1,89241,1
78573,89241,1,89241,1
78573,89241,1,89241,1
78573,89241,1,89241,1
78573,89241,1,89241,1
78573,89241,1,89241,1
78573,89241,1,89241,1
78573,89241,1,89241,1
78573,89241,1,89241,1
78573,89241,1,89241,1
78573,89241,1,89241,1
78573,89241,1,89241,1
78573,89241,1,89241,1
78573,89241,1,89241,1
78573,89241,1,89241,1
78573,89241,1,89241,1
78573,89241,1,89241,1
78573,89241,1,89241,1
78573,89241,1,89241,1
78573,89241,1,89241,1
78573,89241,1,89241,1
78573,89241,1,89241,1
78573,89241,1,89241,1
78573,89241,1,89241,1
78573,89241,1,91357,1
78573,91357,1,91357,1
78573,91357,1,91357,1
78573,91357,1,91357,1
78573,91357,1,91357,1
78573,91357,1,91357,1
78573,91357,1,91357,1
78573,91357,1,91357,1
78573,91357,1,91357,1
78573,91357,1,91357,1
78573,91357,1,91357,1
78573,91357,1,91357,1
78573,91357,1,91357,1
78573,91357,1,91357,1
78573,91357,1,91357,1
78573,91357,1,91357,1
78573,91357,1,91357,1
78573,91357,1,91357,1
78573,91357,1,91357,1
78573,91357,1,91357,1
78573,91357,1,91357,1
78573,91357,1,91357,1
78573,91357,1,91357,1
78573,91357,1,91357,1
78573,91357,1,91357,1
78573,91357,1,91357,1
78573,91357,1,91357,1
78573,91357,1,91357,1
78573,91357,1,91357,1
78573,91357,1,91357,1
78573,91357,1,91357,1
78573,91357,1,91357,1
78573,91357,1,91357,1
78573,91357,1,91357,1
78573,91357,1,91357,1
78573,91357,1,91357,1
78573,91357,1,91357,1
78573,91357,1,91357,1
78573,91357,1,91357,1
78573,91357,1,91357,1
78573,91357,1,91357,1
78573,91357,1,91357,1
78573,91357,1,91357,1
78573,91357,1,91357,1
78573,91357,1,91357,1
78573,91357,1,91357,1
78573,91357,1,91357,1
78573,91357,1,91357,1
78573,91357,1,91357,1
78573,91357,1,91357,1
78573,91357,1,91357,1
78573,91357,1,91357,1
78573,91357,1,91357,1
78573,91357,1,91357,1
78573,91357,1,91357,1
78573,91357,1,91357,1
78573,91357,1,91357,1
78573,91357,1,91357,1
78573,91357,1,91357,1
78573,91357,1,91357,1
78573,91357,1,91386,1
78573,91386,1,91386,1
78573,91386,1,91386,1
78573,91386,1,91386,1
78573,91386,1,91386,1
78573,91386,1,91386,1
78573,91386,1,91386,1
78573,91386,1,91386,1
78573,91386,1,91386,1
78573,91386,1,91386,1
78573,91386,1,91386,1
78573,91386,1,91386,1
78573,91386,1,91386,1
78573,91386,1,91386,1
78573,91386,1,91386,1
78573,91386,1,91386,1
78573,91386,1,91386,1
78573,91386,1,91386,1
78573,91386,1,91386,1
78573,91386,1,91386,1
78573,91386,1,91386,1
78573,91386,1,91386,1
78573,91386,1,91386,1
78573,91386,1,91386,1
78573,91386,1,91386,1
78573,91386,1,91386,1
78573,91386,1,91386,1
78573,91386,1,91386,1
78573,91386,1,91386,1
78573,91386,1,91386,1
78573,91386,1,91386,1
78573,91386,1,91386,1
78573,91386,1,91386,1
78573,91386,1,91386,1
78573,91386,1,91386,1
78573,91386,1,91386,1
78573,91386,1,91386,1
78573,91386,1,91386,1
78573,91386,1,91386,1
78573,91386,1,91386,1
78573,91386,1,91386,1
78573,91386,1,91386,1
78573,91386,1,91386,1
78573,91386,1,91386,1
78573,91386,1,91386,1
78573,91386,1,91386,1
78573,91386,1,91386,1
78573,91386,1,91386,1
78573,91386,1,91386,1
78573,91386,1,91386,1
78573,91386,1,91386,1
78573,91386,1,91386,1
78573,91386,1,91386,1
78573,91386,1,91386,1
78573,91386,1,91386,1
78573,91386,1,91386,1
78573,91386,1,91386,1
78573,91386,1,91386,1
78573,91386,1,91386,1
78573,91386,1,91386,1
78573,91386,1,91379,0
78573,91379,0,91379,0
78573,91379,0,91379,0
78573,91379,0,91379,0
78573,91379,0,91379,0
78573,91379,0,91379,0
78573,91379,0,91379,0
78573,91379,0,91379,0
78573,91379,0,91379,0
78573,91379,0,91379,0
78573,91379,0,91379,0
78573,91379,0,91379,0
78573,91379,0,91379,0
78573,91379,0,91379,0
78573,91379,0,91379,0
78573,91379,0,91379,0
78573,91379,0,91379,0
78573,91379,0,91379,0
78573,91379,0,91379,0
78573,91379,0,91379,0
78573,91379,0,91379,0
78573,91379,0,91379,0
78573,91379,0,91379,0
78573,91379,0,91379,0
78573,91379,0,91379,0
78573,91379,0,91379,0
78573,91379,0,91379,0
78573,91379,0,91379,0
78573,91379,0,91379,0
78573,91379,0,91379,0
78573,91379,0,91379,0
78573,91379,0,91379,0
78573,91379,0,91379,0
78573,91379,0,91379,0
78573,91379,0,91379,0
78573,91379,0,91379,0
78573,91379,0,91379,0
78573,91379,0,91379,0
78573,91379,0,91379,0
78573,91379,0,91379,0
78573,91379,0,91379,0
78573,91379,0,91379,0
78573,91379,0,91379,0
78573,91379,0,91379,0
78573,91379,0,91379,0
78573,91379,0,91379,0
78573,91379,0,91379,0
78573,91379,0,91379,0
78573,91379,0,91379,0
78573,91379,0,91379,0
78573,91379,0,91379,0
78573,91379,0,91379,0
78573,91379,0,91379,0
78573,91379,0,91379,0
78573,91379,0,91379,0
78573,91379,0,91379,0
78573,91379,0,91379,0
78573,91379,0,91379,0
78573,91379,0,91379,0
78573,91379,0,91379,0
78573,91379,0,89279,1
78573,89279,1,89279,1
78573,89279,1,89279,1
78573,89279,1,89279,1
78573,89279,1,89279,1
78573,89279,1,89279,1
78573,89279,1,89279,1
78573,89279,1,89279,1
78573,89279,1,89279,1
78573,89279,1,89279,1
78573,89279,1,89279,1
78573,89279,1,89279,1
78573,89279,1,89279,1
78573,89279,1,89279,1
78573,89279,1,89279,1
78573,89279,1,89279,1
78573,89279,1,89279,1
78573,89279,1,89279,1
78573,89279,1,89781,1
78573,89781,1,89781,1
78573,89781,1,89781,1
78573,89781,1,89781,1
78573,89781,1,89781,1
78573,89781,1,89781,1
78573,89781,1,89781,1
78573,89781,1,89781,1
78573,89781,1,89781,1
78573,89781,1,89781,1
78573,89781,1,89781,1
78573,89781,1,89781,1
78573,89781,1,89781,1
78573,89781,1,89781,1
78573,89781,1,89781,1
78573,89781,1,89781,1
78573,89781,1,89781,1
78573,89781,1,89781,1
78573,89781,1,89781,1
78573,89781,1,89818,1
78573,89818,1,89818,1
78573,89818,1,89818,1
78573,89818,1,89818,1
78573,89818,1,89818,1
78573,89818,1,89818,1
78573,89818,1,89818,1
78573,89818,1,89818,1
78573,89818,1,89818,1
78573,89818,1,89818,1
78573,89818,1,89818,1
78573,89818,1,89818,1
78573,89818,1,89818,1
78573,89818,1,89818,1
78573,89818,1,89818,1
78573,89818,1,89818,1
78573,89818,1,89818,1
78573,89818,1,89818,1
78573,89818,1,89818,1
78573,89818,1,89818,1
78573,89818,1,89818,1
78573,89818,1,89818,1
78573,89818,1,89818,1
78573,89818,1,89818,1
78573,89818,1,89818,1
78573,89818,1,89818,1
78573,89818,1,89818,1
78573,89818,1,89818,1
78573,89818,1,89818,1
78573,89818,1,89818,1
78573,89818,1,89818,1
78573,89818,1,89818,1
78573,89818,1,89818,1
78573,89818,1,89818,1
78573,89818,1,89818,1
78573,89818,1,89818,1
78573,89818,1,89818,1
78573,89818,1,89818,1
78573,89818,1,89818,1
78573,89818,1,89818,1
78573,89818,1,89818,1
78573,89818,1,89818,1
78573,89818,1,89818,1
78573,89818,1,89818,1
78573,89818,1,89818,1
78573,89818,1,89818,1
78573,89818,1,89818,1
78573,89818,1,89818,1
78573,89818,1,89818,1
78573,89818,1,89818,1
78573,89818,1,89818,1
78573,89818,1,89818,1
78573,89818,1,89818,1
78573,89818,1,89818,1
78573,89818,1,89818,1
78573,89818,1,89818,1
78573,89818,1,89818,1
78573,89818,1,89818,1
78573,89818,1,89818,1
78573,89818,1,89818,1
78573,89818,1,89818,1
78573,89818,1,89818,1
78573,89818,1,89848,0
78573,89848,0,89848,0
78573,89848,0,89848,0
78573,89848,0,89848,0
78573,89848,0,89848,0
78573,89848,0,89848,0
78573,89848,0,89848,0
78573,89848,0,89848,0
78573,89848,0,89848,0
78573,89848,0,89848,0
78573,89848,0,89848,0
78573,89848,0,89848,0
78573,89848,0,89848,0
78573,89848,0,89848,0
78573,89848,0,89848,0
78573,89848,0,89848,0
78573,89848,0,89848,0
78573,89848,0,89848,0
78573,89848,0,89848,0
78573,89848,0,89848,0
78573,89848,0,89848,0
78573,89848,0,89848,0
78573,89848,0,89848,0
78573,89848,0,89848,0
78573,89848,0,89848,0
78573,89848,0,89848,0
78573,89848,0,89848,0
78573,89848,0,89848,0
78573,89848,0,89848,0
78573,89848,0,89848,0
78573,89848,0,89848,0
78573,89848,0,89848,0
78573,89848,0,89848,0
78573,89848,0,89848,0
78573,89848,0,89848,0
78573,89848,0,89848,0
78573,89848,0,89848,0
78573,89848,0,89848,0
78573,89848,0,89848,0
78573,89848,0,89848,0
78573,89848,0,89848,0
78573,89848,0,89848,0
78573,89848,0,89848,0
78573,89848,0,89848,0
78573,89848,0,89848,0
78573,89848,0,89848,0
78573,89848,0,89848,0
78573,89848,0,89848,0
78573,89848,0,89848,0
78573,89848,0,89848,0
78573,89848,0,89848,0
78573,89848,0,89848,0
78573,89848,0,89848,0
78573,89848,0,89848,0
78573,89848,0,89848,0
78573,89848,0,89848,0
78573,89848,0,89848,0
78573,89848,0,89848,0
78573,89848,0,89848,0
78573,89848,0,89848,0
78573,89848,0,89848,0
78573,89848,0,89848,0
78573,89848,0,89843,1
78573,89843,1,89843,1
78573,89843,1,89843,1
78573,89843,1,89843,1
78573,89843,1,89843,1
78573,89843,1,89843,1
78573,89843,1,89843,1
78573,89843,1,89843,1
78573,89843,1,89843,1
78573,89843,1,89843,1
78573,89843,1,89843,1
78573,89843,1,89843,1
78573,89843,1,89843,1
78573,89843,1,89843,1
78573,89843,1,89843,1
78573,89843,1,89843,1
78573,89843,1,89843,1
78573,89843,1,89843,1
78573,89843,1,89843,1
78573,89843,1,89843,1
78573,89843,1,89843,1
78573,89843,1,89843,1
78573,89843,1,89843,1
78573,89843,1,89843,1
78573,89843,1,89843,1
78573,89843,1,89843,1
78573,89843,1,89843,1
78573,89843,1,89843,1
78573,89843,1,89843,1
78573,89843,1,89843,1
78573,89843,1,89843,1
78573,89843,1,89843,1
78573,89843,1,89843,1
78573,89843,1,89843,1
78573,89843,1,89843,1
78573,89843,1,89843,1
78573,89843,1,89843,1
78573,89843,1,89843,1
78573,89843,1,89843,1
78573,89843,1,89843,1
78573,89843,1,89843,1
78573,89843,1,89843,1
78573,89843,1,89843,1
78573,89843,1,89843,1
78573,89843,1,89843,1
78573,89843,1,89843,1
78573,89843,1,89843,1
78573,89843,1,89843,1
78573,89843,1,89843,1
78573,89843,1,89843,1
78573,89843,1,89843,1
78573,89843,1,89843,1
78573,89843,1,89843,1
78573,89843,1,89843,1
78573,89843,1,89843,1
78573,89843,1,89843,1
78573,89843,1,89843,1
78573,89843,1,89843,1
78573,89843,1,89843,1
78573,89843,1,89843,1
78573,89843,1,89843,1
78573,89843,1,89843,1
78573,89843,1,91665,1
78573,91665,1,91665,1
78573,91665,1,91665,1
78573,91665,1,91665,1
78573,91665,1,91665,1
78573,91665,1,91665,1
78573,91665,1,91665,1
78573,91665,1,91665,1
78573,91665,1,91665,1
78573,91665,1,91665,1
78573,91665,1,91665,1
78573,91665,1,91665,1
78573,91665,1,91665,1
78573,91665,1,91665,1
78573,91665,1,91665,1
78573,91665,1,91665,1
78573,91665,1,91665,1
78573,91665,1,91665,1
78573,91665,1,91665,1
78573,91665,1,91665,1
78573,91665,1,91665,1
78573,91665,1,91665,1
78573,91665,1,91665,1
78573,91665,1,91665,1
78573,91665,1,91665,1
78573,91665,1,91665,1
78573,91665,1,91665,1
78573,91665,1,91665,1
78573,91665,1,91665,1
78573,91665,1,91665,1
78573,91665,1,91665,1
78573,91665,1,91665,1
78573,91665,1,91665,1
78573,91665,1,91665,1
78573,91665,1,91665,1
78573,91665,1,91665,1
78573,91665,1,91665,1
78573,91665,1,91665,1
78573,91665,1,91665,1
78573,91665,1,91665,1
78573,91665,1,91665,1
78573,91665,1,91665,1
78573,91665,1,91665,1
78573,91665,1,91665,1
78573,91665,1,91665,1
78573,91665,1,91665,1
78573,91665,1,91665,1
78573,91665,1,91665,1
78573,91665,1,91665,1
78573,91665,1,91665,1
78573,91665,1,91665,1
78573,91665,1,91665,1
78573,91665,1,91665,1
78573,91665,1,91665,1
78573,91665,1,91665,1
78573,91665,1,91665,1
78573,91665,1,91665,1
78573,91665,1,91665,1
78573,91665,1,91665,1
78573,91665,1,91665,1
78573,91665,1,91665,1
78573,91665,1,91665,1
78573,91665,1,91661,1
78573,91661,1,91661,1
78573,91661,1,91661,1
78573,91661,1,91661,1
78573,91661,1,91661,1
78573,91661,1,91661,1
78573,91661,1,91661,1
78573,91661,1,91661,1
78573,91661,1,91661,1
78573,91661,1,91661,1
78573,91661,1,91661,1
78573,91661,1,91661,1
78573,91661,1,91661,1
78573,91661,1,91661,1
78573,91661,1,91661,1
78573,91661,1,91661,1
78573,91661,1,91661,1
78573,91661,1,91661,1
78573,91661,1,91661,1
78573,91661,1,91661,1
78573,91661,1,91661,1
78573,91661,1,91661,1
78573,91661,1,91661,1
78573,91661,1,91661,1
78573,91661,1,91661,1
78573,91661,1,91661,1
78573,91661,1,91661,1
78573,91661,1,91661,1
78573,91661,1,91661,1
78573,91661,1,91661,1
78573,91661,1,91661,1
78573,91661,1,91661,1
78573,91661,1,91661,1
78573,91661,1,91661,1
78573,91661,1,91661,1
78573,91661,1,91661,1
78573,91661,1,91661,1
78573,91661,1,91661,1
78573,91661,1,91661,1
78573,91661,1,91661,1
78573,91661,1,91661,1
78573,91661,1,91661,1
78573,91661,1,91661,1
78573,91661,1,91661,1
78573,91661,1,91661,1
78573,91661,1,91661,1
78573,91661,1,91661,1
78573,91661,1,91661,1
78573,91661,1,91661,1
78573,91661,1,91661,1
78573,91661,1,91661,1
78573,91661,1,91661,1
78573,91661,1,91661,1
78573,91661,1,91661,1
78573,91661,1,91661,1
78573,91661,1,91661,1
78573,91661,1,91661,1
78573,91661,1,91661,1
78573,91661,1,91661,1
78573,91661,1,91661,1
78573,91661,1,91661,1
78573,91661,1,91661,1
78573,91661,1,174091,0
78573,174091,0,174073,0
78573,174073,0,174029,0
78573,174029,0,174057,1
78573,174057,1,174055,0
78573,174055,0,174089,0
78573,174089,0,174079,1
78573,174079,1,174097,1
78573,174097,1,174088,1
78574,93238,1,93238,1
78574,93238,1,93238,1
78574,93238,1,93238,1
78574,93238,1,93238,1
78574,93238,1,93238,1
78574,93238,1,93238,1
78574,93238,1,93238,1
78574,93238,1,93238,1
78574,93238,1,93238,1
78574,93238,1,93238,1
78574,93238,1,93238,1
78574,93238,1,93238,1
78574,93238,1,93238,1
78574,93238,1,93238,1
78574,93238,1,93238,1
78574,93238,1,93238,1
78574,93238,1,93238,1
78574,93238,1,93238,1
78574,93238,1,93238,1
78574,93238,1,93238,1
78574,93238,1,93238,1
78574,93238,1,93238,1
78574,93238,1,93238,1
78574,93238,1,93238,1
78574,93238,1,93238,1
78574,93238,1,93152,0
78574,93152,0,93152,0
78574,93152,0,93152,0
78574,93152,0,93152,0
78574,93152,0,93152,0
78574,93152,0,93152,0
78574,93152,0,93152,0
78574,93152,0,93152,0
78574,93152,0,93152,0
78574,93152,0,93152,0
78574,93152,0,93152,0
78574,93152,0,93152,0
78574,93152,0,93152,0
78574,93152,0,93152,0
78574,93152,0,93152,0
78574,93152,0,93152,0
78574,93152,0,93152,0
78574,93152,0,93152,0
78574,93152,0,93152,0
78574,93152,0,93152,0
78574,93152,0,93152,0
78574,93152,0,93152,0
78574,93152,0,93152,0
78574,93152,0,93152,0
78574,93152,0,93152,0
78574,93152,0,93152,0
78574,93152,0,93244,1
78574,93244,1,93244,1
78574,93244,1,93244,1
78574,93244,1,93244,1
78574,93244,1,93244,1
78574,93244,1,93244,1
78574,93244,1,93244,1
78574,93244,1,93244,1
78574,93244,1,93244,1
78574,93244,1,93244,1
78574,93244,1,93244,1
78574,93244,1,93244,1
78574,93244,1,93244,1
78574,93244,1,93244,1
78574,93244,1,93244,1
78574,93244,1,93244,1
78574,93244,1,93244,1
78574,93244,1,93244,1
78574,93244,1,93244,1
78574,93244,1,93244,1
78574,93244,1,93244,1
78574,93244,1,93244,1
78574,93244,1,93244,1
78574,93244,1,93244,1
78574,93244,1,93244,1
78574,93244,1,93244,1
78574,93244,1,93189,0
78574,93189,0,93189,0
78574,93189,0,93189,0
78574,93189,0,93189,0
78574,93189,0,93189,0
78574,93189,0,93189,0
78574,93189,0,93189,0
78574,93189,0,93189,0
78574,93189,0,93189,0
78574,93189,0,93189,0
78574,93189,0,93189,0
78574,93189,0,93189,0
78574,93189,0,93189,0
78574,93189,0,93189,0
78574,93189,0,93189,0
78574,93189,0,93189,0
78574,93189,0,93189,0
78574,93189,0,93189,0
78574,93189,0,93189,0
78574,93189,0,93189,0
78574,93189,0,93189,0
78574,93189,0,93189,0
78574,93189,0,93189,0
78574,93189,0,93189,0
78574,93189,0,93189,0
78574,93189,0,93189,0
78574,93189,0,93228,1
78574,93228,1,93228,1
78574,93228,1,93228,1
78574,93228,1,93228,1
78574,93228,1,93228,1
78574,93228,1,93228,1
78574,93228,1,93228,1
78574,93228,1,93228,1
78574,93228,1,93228,1
78574,93228,1,93228,1
78574,93228,1,93228,1
78574,93228,1,93228,1
78574,93228,1,93228,1
78574,93228,1,93228,1
78574,93228,1,93228,1
78574,93228,1,93228,1
78574,93228,1,93228,1
78574,93228,1,93228,1
78574,93228,1,93228,1
78574,93228,1,93228,1
78574,93228,1,93228,1
78574,93228,1,93228,1
78574,93228,1,93228,1
78574,93228,1,93228,1
78574,93228,1,93228,1
78574,93228,1,93228,1
78574,93228,1,93156,1
78574,93156,1,93156,1
78574,93156,1,93156,1
78574,93156,1,93156,1
78574,93156,1,93156,1
78574,93156,1,93156,1
78574,93156,1,93156,1
78574,93156,1,93156,1
78574,93156,1,93156,1
78574,93156,1,93156,1
78574,93156,1,93156,1
78574,93156,1,93156,1
78574,93156,1,93156,1
78574,93156,1,93156,1
78574,93156,1,93156,1
78574,93156,1,93156,1
78574,93156,1,93156,1
78574,93156,1,93156,1
78574,93156,1,93156,1
78574,93156,1,93156,1
78574,93156,1,93156,1
78574,93156,1,93156,1
78574,93156,1,93156,1
78574,93156,1,93156,1
78574,93156,1,93156,1
78574,93156,1,93156,1
78574,93156,1,93188,1
78574,93188,1,93188,1
78574,93188,1,93188,1
78574,93188,1,93188,1
78574,93188,1,93188,1
78574,93188,1,93188,1
78574,93188,1,93188,1
78574,93188,1,93188,1
78574,93188,1,93188,1
78574,93188,1,93188,1
78574,93188,1,93188,1
78574,93188,1,93188,1
78574,93188,1,93188,1
78574,93188,1,93188,1
78574,93188,1,93188,1
78574,93188,1,93188,1
78574,93188,1,93188,1
78574,93188,1,93188,1
78574,93188,1,93188,1
78574,93188,1,93188,1
78574,93188,1,93188,1
78574,93188,1,93188,1
78574,93188,1,93188,1
78574,93188,1,93188,1
78574,93188,1,93188,1
78574,93188,1,93188,1
78574,93188,1,93206,1
78574,93206,1,93206,1
78574,93206,1,93206,1
78574,93206,1,93206,1
78574,93206,1,93206,1
78574,93206,1,93206,1
78574,93206,1,93206,1
78574,93206,1,93206,1
78574,93206,1,93206,1
78574,93206,1,93206,1
78574,93206,1,93206,1
78574,93206,1,93206,1
78574,93206,1,84624,1
78574,84624,1,84624,1
78574,84624,1,84624,1
78574,84624,1,84624,1
78574,84624,1,84624,1
78574,84624,1,84624,1
78574,84624,1,84624,1
78574,84624,1,84624,1
78574,84624,1,84624,1
78574,84624,1,84624,1
78574,84624,1,84624,1
78574,84624,1,84624,1
78574,84624,1,84624,1
78574,84624,1,84624,1
78574,84624,1,84624,1
78574,84624,1,84624,1
78574,84624,1,84624,1
78574,84624,1,84624,1
78574,84624,1,84624,1
78574,84624,1,84624,1
78574,84624,1,85091,0
78574,85091,0,85091,0
78574,85091,0,85091,0
78574,85091,0,85091,0
78574,85091,0,85091,0
78574,85091,0,85091,0
78574,85091,0,85091,0
78574,85091,0,85091,0
78574,85091,0,85091,0
78574,85091,0,85091,0
78574,85091,0,85091,0
78574,85091,0,85091,0
78574,85091,0,85091,0
78574,85091,0,85091,0
78574,85091,0,85091,0
78574,85091,0,85091,0
78574,85091,0,85091,0
78574,85091,0,85091,0
78574,85091,0,85091,0
78574,85091,0,85091,0
78574,85091,0,85675,0
78574,85675,0,85675,0
78574,85675,0,85675,0
78574,85675,0,85675,0
78574,85675,0,85675,0
78574,85675,0,85675,0
78574,85675,0,85675,0
78574,85675,0,85675,0
78574,85675,0,85675,0
78574,85675,0,85675,0
78574,85675,0,85675,0
78574,85675,0,85675,0
78574,85675,0,85675,0
78574,85675,0,85675,0
78574,85675,0,85675,0
78574,85675,0,85675,0
78574,85675,0,85675,0
78574,85675,0,85675,0
78574,85675,0,85675,0
78574,85675,0,85675,0
78574,85675,0,84621,1
78574,84621,1,84621,1
78574,84621,1,84621,1
78574,84621,1,84621,1
78574,84621,1,84621,1
78574,84621,1,84621,1
78574,84621,1,84621,1
78574,84621,1,84621,1
78574,84621,1,84621,1
78574,84621,1,84621,1
78574,84621,1,84621,1
78574,84621,1,84621,1
78574,84621,1,84621,1
78574,84621,1,84621,1
78574,84621,1,84621,1
78574,84621,1,84621,1
78574,84621,1,84621,1
78574,84621,1,84621,1
78574,84621,1,84621,1
78574,84621,1,84621,1
78574,84621,1,86099,0
78574,86099,0,86099,0
78574,86099,0,86099,0
78574,86099,0,86099,0
78574,86099,0,86099,0
78574,86099,0,86099,0
78574,86099,0,86099,0
78574,86099,0,86099,0
78574,86099,0,86099,0
78574,86099,0,86099,0
78574,86099,0,86099,0
78574,86099,0,86099,0
78574,86099,0,86099,0
78574,86099,0,86099,0
78574,86099,0,86099,0
78574,86099,0,86099,0
78574,86099,0,86099,0
78574,86099,0,86099,0
78574,86099,0,86099,0
78574,86099,0,86099,0
78574,86099,0,91352,1
78574,91352,1,91352,1
78574,91352,1,91352,1
78574,91352,1,91352,1
78574,91352,1,91352,1
78574,91352,1,91352,1
78574,91352,1,91352,1
78574,91352,1,91352,1
78574,91352,1,91352,1
78574,91352,1,91352,1
78574,91352,1,91352,1
78574,91352,1,91352,1
78574,91352,1,91352,1
78574,91352,1,91352,1
78574,91352,1,91352,1
78574,91352,1,91352,1
78574,91352,1,91352,1
78574,91352,1,91352,1
78574,91352,1,91352,1
78574,91352,1,91352,1
78574,91352,1,91352,1
78574,91352,1,91352,1
78574,91352,1,91352,1
78574,91352,1,91352,1
78574,91352,1,91352,1
78574,91352,1,91352,1
78574,91352,1,91352,1
78574,91352,1,91352,1
78574,91352,1,91352,1
78574,91352,1,91352,1
78574,91352,1,91352,1
78574,91352,1,91352,1
78574,91352,1,91352,1
78574,91352,1,91352,1
78574,91352,1,91352,1
78574,91352,1,91352,1
78574,91352,1,91352,1
78574,91352,1,91352,1
78574,91352,1,91352,1
78574,91352,1,91352,1
78574,91352,1,91352,1
78574,91352,1,91352,1
78574,91352,1,91352,1
78574,91352,1,91352,1
78574,91352,1,91352,1
78574,91352,1,91352,1
78574,91352,1,91352,1
78574,91352,1,91352,1
78574,91352,1,91352,1
78574,91352,1,91352,1
78574,91352,1,91352,1
78574,91352,1,91352,1
78574,91352,1,91352,1
78574,91352,1,91352,1
78574,91352,1,91352,1
78574,91352,1,91352,1
78574,91352,1,91352,1
78574,91352,1,91352,1
78574,91352,1,91352,1
78574,91352,1,91352,1
78574,91352,1,89240,1
78574,89240,1,89240,1
78574,89240,1,89240,1
78574,89240,1,89240,1
78574,89240,1,89240,1
78574,89240,1,89240,1
78574,89240,1,89240,1
78574,89240,1,89240,1
78574,89240,1,89240,1
78574,89240,1,89240,1
78574,89240,1,89240,1
78574,89240,1,89240,1
78574,89240,1,89240,1
78574,89240,1,89240,1
78574,89240,1,89240,1
78574,89240,1,89240,1
78574,89240,1,89240,1
78574,89240,1,89240,1
78574,89240,1,89240,1
78574,89240,1,89240,1
78574,89240,1,89240,1
78574,89240,1,91353,1
78574,91353,1,91353,1
78574,91353,1,91353,1
78574,91353,1,91353,1
78574,91353,1,91353,1
78574,91353,1,91353,1
78574,91353,1,91353,1
78574,91353,1,91353,1
78574,91353,1,91353,1
78574,91353,1,91353,1
78574,91353,1,91353,1
78574,91353,1,91353,1
78574,91353,1,91353,1
78574,91353,1,91353,1
78574,91353,1,91353,1
78574,91353,1,91353,1
78574,91353,1,91353,1
78574,91353,1,91353,1
78574,91353,1,91353,1
78574,91353,1,91353,1
78574,91353,1,91353,1
78574,91353,1,91357,1
78574,91357,1,91357,1
78574,91357,1,91357,1
78574,91357,1,91357,1
78574,91357,1,91357,1
78574,91357,1,91357,1
78574,91357,1,91357,1
78574,91357,1,91357,1
78574,91357,1,91357,1
78574,91357,1,91357,1
78574,91357,1,91357,1
78574,91357,1,91357,1
78574,91357,1,91357,1
78574,91357,1,91357,1
78574,91357,1,91357,1
78574,91357,1,91357,1
78574,91357,1,91357,1
78574,91357,1,91357,1
78574,91357,1,89290,0
78574,89290,0,89290,0
78574,89290,0,89290,0
78574,89290,0,89290,0
78574,89290,0,89290,0
78574,89290,0,89290,0
78574,89290,0,89290,0
78574,89290,0,89290,0
78574,89290,0,89290,0
78574,89290,0,89290,0
78574,89290,0,89290,0
78574,89290,0,89290,0
78574,89290,0,89290,0
78574,89290,0,89290,0
78574,89290,0,89290,0
78574,89290,0,89290,0
78574,89290,0,89290,0
78574,89290,0,89290,0
78574,89290,0,89290,0
78574,89290,0,89290,0
78574,89290,0,89290,0
78574,89290,0,89290,0
78574,89290,0,89290,0
78574,89290,0,89290,0
78574,89290,0,89290,0
78574,89290,0,89290,0
78574,89290,0,89290,0
78574,89290,0,89290,0
78574,89290,0,89290,0
78574,89290,0,89290,0
78574,89290,0,89290,0
78574,89290,0,89290,0
78574,89290,0,89290,0
78574,89290,0,89290,0
78574,89290,0,89290,0
78574,89290,0,89290,0
78574,89290,0,89290,0
78574,89290,0,89290,0
78574,89290,0,89290,0
78574,89290,0,89290,0
78574,89290,0,89290,0
78574,89290,0,89290,0
78574,89290,0,89290,0
78574,89290,0,89290,0
78574,89290,0,89290,0
78574,89290,0,89290,0
78574,89290,0,89290,0
78574,89290,0,89290,0
78574,89290,0,89290,0
78574,89290,0,89290,0
78574,89290,0,89290,0
78574,89290,0,89290,0
78574,89290,0,89290,0
78574,89290,0,89290,0
78574,89290,0,89290,0
78574,89290,0,89290,0
78574,89290,0,89290,0
78574,89290,0,89290,0
78574,89290,0,89290,0
78574,89290,0,89290,0
78574,89290,0,89287,1
78574,89287,1,89287,1
78574,89287,1,89287,1
78574,89287,1,89287,1
78574,89287,1,89287,1
78574,89287,1,89287,1
78574,89287,1,89287,1
78574,89287,1,89287,1
78574,89287,1,89287,1
78574,89287,1,89287,1
78574,89287,1,89287,1
78574,89287,1,89287,1
78574,89287,1,89287,1
78574,89287,1,89287,1
78574,89287,1,89287,1
78574,89287,1,89287,1
78574,89287,1,89287,1
78574,89287,1,89287,1
78574,89287,1,89287,1
78574,89287,1,89287,1
78574,89287,1,89287,1
78574,89287,1,89287,1
78574,89287,1,89287,1
78574,89287,1,89287,1
78574,89287,1,89287,1
78574,89287,1,89287,1
78574,89287,1,89287,1
78574,89287,1,89287,1
78574,89287,1,89287,1
78574,89287,1,89287,1
78574,89287,1,89287,1
78574,89287,1,89287,1
78574,89287,1,89287,1
78574,89287,1,89287,1
78574,89287,1,89287,1
78574,89287,1,89287,1
78574,89287,1,89287,1
78574,89287,1,89287,1
78574,89287,1,89287,1
78574,89287,1,89287,1
78574,89287,1,89287,1
78574,89287,1,89287,1
78574,89287,1,89287,1
78574,89287,1,89287,1
78574,89287,1,89287,1
78574,89287,1,89287,1
78574,89287,1,89287,1
78574,89287,1,89287,1
78574,89287,1,89287,1
78574,89287,1,89287,1
78574,89287,1,89287,1
78574,89287,1,89287,1
78574,89287,1,89287,1
78574,89287,1,89287,1
78574,89287,1,89287,1
78574,89287,1,89287,1
78574,89287,1,89287,1
78574,89287,1,89287,1
78574,89287,1,89287,1
78574,89287,1,89287,1
78574,89287,1,89284,0
78574,89284,0,89284,0
78574,89284,0,89284,0
78574,89284,0,89284,0
78574,89284,0,89284,0
78574,89284,0,89284,0
78574,89284,0,89284,0
78574,89284,0,89284,0
78574,89284,0,89284,0
78574,89284,0,89284,0
78574,89284,0,89284,0
78574,89284,0,89284,0
78574,89284,0,89284,0
78574,89284,0,89284,0
78574,89284,0,89284,0
78574,89284,0,89284,0
78574,89284,0,89284,0
78574,89284,0,89284,0
78574,89284,0,89284,0
78574,89284,0,89284,0
78574,89284,0,89284,0
78574,89284,0,89272,1
78574,89272,1,89272,1
78574,89272,1,89272,1
78574,89272,1,89272,1
78574,89272,1,89272,1
78574,89272,1,89272,1
78574,89272,1,89272,1
78574,89272,1,89272,1
78574,89272,1,89272,1
78574,89272,1,89272,1
78574,89272,1,89272,1
78574,89272,1,89272,1
78574,89272,1,89272,1
78574,89272,1,89272,1
78574,89272,1,89272,1
78574,89272,1,89272,1
78574,89272,1,89272,1
78574,89272,1,89272,1
78574,89272,1,89272,1
78574,89272,1,89272,1
78574,89272,1,89272,1
78574,89272,1,89272,1
78574,89272,1,89272,1
78574,89272,1,89272,1
78574,89272,1,89272,1
78574,89272,1,89272,1
78574,89272,1,89272,1
78574,89272,1,89272,1
78574,89272,1,89272,1
78574,89272,1,89272,1
78574,89272,1,89272,1
78574,89272,1,89272,1
78574,89272,1,89272,1
78574,89272,1,89272,1
78574,89272,1,89272,1
78574,89272,1,89272,1
78574,89272,1,89272,1
78574,89272,1,89272,1
78574,89272,1,89272,1
78574,89272,1,89272,1
78574,89272,1,89272,1
78574,89272,1,89272,1
78574,89272,1,89272,1
78574,89272,1,89272,1
78574,89272,1,89272,1
78574,89272,1,89272,1
78574,89272,1,89272,1
78574,89272,1,89272,1
78574,89272,1,89272,1
78574,89272,1,89272,1
78574,89272,1,89272,1
78574,89272,1,89272,1
78574,89272,1,89272,1
78574,89272,1,89272,1
78574,89272,1,89272,1
78574,89272,1,89272,1
78574,89272,1,89272,1
78574,89272,1,89272,1
78574,89272,1,89272,1
78574,89272,1,89272,1
78574,89272,1,91382,1
78574,91382,1,91382,1
78574,91382,1,91382,1
78574,91382,1,91382,1
78574,91382,1,91382,1
78574,91382,1,91382,1
78574,91382,1,91382,1
78574,91382,1,91382,1
78574,91382,1,91382,1
78574,91382,1,91382,1
78574,91382,1,91382,1
78574,91382,1,91382,1
78574,91382,1,91382,1
78574,91382,1,91382,1
78574,91382,1,91382,1
78574,91382,1,91382,1
78574,91382,1,91382,1
78574,91382,1,91382,1
78574,91382,1,91382,1
78574,91382,1,91382,1
78574,91382,1,91382,1
78574,91382,1,89788,0
78574,89788,0,89788,0
78574,89788,0,89788,0
78574,89788,0,89788,0
78574,89788,0,89788,0
78574,89788,0,89788,0
78574,89788,0,89788,0
78574,89788,0,89788,0
78574,89788,0,89788,0
78574,89788,0,89788,0
78574,89788,0,89788,0
78574,89788,0,89788,0
78574,89788,0,89788,0
78574,89788,0,89788,0
78574,89788,0,89788,0
78574,89788,0,89788,0
78574,89788,0,89788,0
78574,89788,0,89788,0
78574,89788,0,89788,0
78574,89788,0,89788,0
78574,89788,0,89788,0
78574,89788,0,89788,0
78574,89788,0,89788,0
78574,89788,0,89788,0
78574,89788,0,89788,0
78574,89788,0,89788,0
78574,89788,0,89788,0
78574,89788,0,89788,0
78574,89788,0,89788,0
78574,89788,0,89788,0
78574,89788,0,89788,0
78574,89788,0,89788,0
78574,89788,0,89788,0
78574,89788,0,89788,0
78574,89788,0,89788,0
78574,89788,0,89788,0
78574,89788,0,89788,0
78574,89788,0,89788,0
78574,89788,0,89788,0
78574,89788,0,89788,0
78574,89788,0,89788,0
78574,89788,0,89788,0
78574,89788,0,89788,0
78574,89788,0,89788,0
78574,89788,0,89788,0
78574,89788,0,89788,0
78574,89788,0,89788,0
78574,89788,0,89788,0
78574,89788,0,89788,0
78574,89788,0,89788,0
78574,89788,0,89788,0
78574,89788,0,89788,0
78574,89788,0,89788,0
78574,89788,0,89788,0
78574,89788,0,89788,0
78574,89788,0,89788,0
78574,89788,0,89788,0
78574,89788,0,89788,0
78574,89788,0,89788,0
78574,89788,0,89788,0
78574,89788,0,89788,0
78574,89788,0,89788,0
78574,89788,0,89782,0
78574,89782,0,89782,0
78574,89782,0,89782,0
78574,89782,0,89782,0
78574,89782,0,89782,0
78574,89782,0,89782,0
78574,89782,0,89782,0
78574,89782,0,89782,0
78574,89782,0,89782,0
78574,89782,0,89782,0
78574,89782,0,89782,0
78574,89782,0,89782,0
78574,89782,0,89782,0
78574,89782,0,89782,0
78574,89782,0,89782,0
78574,89782,0,89782,0
78574,89782,0,89782,0
78574,89782,0,89782,0
78574,89782,0,89782,0
78574,89782,0,89782,0
78574,89782,0,89782,0
78574,89782,0,89782,0
78574,89782,0,89782,0
78574,89782,0,89782,0
78574,89782,0,89782,0
78574,89782,0,89782,0
78574,89782,0,89782,0
78574,89782,0,89782,0
78574,89782,0,89782,0
78574,89782,0,89782,0
78574,89782,0,89782,0
78574,89782,0,89782,0
78574,89782,0,89782,0
78574,89782,0,89782,0
78574,89782,0,89782,0
78574,89782,0,89782,0
78574,89782,0,89782,0
78574,89782,0,89782,0
78574,89782,0,89782,0
78574,89782,0,89782,0
78574,89782,0,89782,0
78574,89782,0,89782,0
78574,89782,0,89782,0
78574,89782,0,89782,0
78574,89782,0,89782,0
78574,89782,0,89782,0
78574,89782,0,89782,0
78574,89782,0,89782,0
78574,89782,0,89782,0
78574,89782,0,89782,0
78574,89782,0,89782,0
78574,89782,0,89782,0
78574,89782,0,89782,0
78574,89782,0,89782,0
78574,89782,0,89782,0
78574,89782,0,89782,0
78574,89782,0,89782,0
78574,89782,0,89782,0
78574,89782,0,89782,0
78574,89782,0,89782,0
78574,89782,0,89782,0
78574,89782,0,89782,0
78574,89782,0,89761,0
78574,89761,0,89761,0
78574,89761,0,89761,0
78574,89761,0,89761,0
78574,89761,0,89761,0
78574,89761,0,89761,0
78574,89761,0,89761,0
78574,89761,0,89761,0
78574,89761,0,89761,0
78574,89761,0,89761,0
78574,89761,0,89761,0
78574,89761,0,89761,0
78574,89761,0,89761,0
78574,89761,0,89761,0
78574,89761,0,89761,0
78574,89761,0,89761,0
78574,89761,0,89761,0
78574,89761,0,89761,0
78574,89761,0,89761,0
78574,89761,0,91639,1
78574,91639,1,91639,1
78574,91639,1,91639,1
78574,91639,1,91639,1
78574,91639,1,91639,1
78574,91639,1,91639,1
78574,91639,1,91639,1
78574,91639,1,91639,1
78574,91639,1,91639,1
78574,91639,1,91639,1
78574,91639,1,91639,1
78574,91639,1,91639,1
78574,91639,1,91639,1
78574,91639,1,91639,1
78574,91639,1,91639,1
78574,91639,1,91639,1
78574,91639,1,91639,1
78574,91639,1,91639,1
78574,91639,1,91639,1
78574,91639,1,91647,1
78574,91647,1,91647,1
78574,91647,1,91647,1
78574,91647,1,91647,1
78574,91647,1,91647,1
78574,91647,1,91647,1
78574,91647,1,91647,1
78574,91647,1,91647,1
78574,91647,1,91647,1
78574,91647,1,91647,1
78574,91647,1,91647,1
78574,91647,1,91647,1
78574,91647,1,91647,1
78574,91647,1,91647,1
78574,91647,1,91647,1
78574,91647,1,91647,1
78574,91647,1,91647,1
78574,91647,1,91647,1
78574,91647,1,91647,1
78574,91647,1,91642,1
78574,91642,1,91642,1
78574,91642,1,91642,1
78574,91642,1,91642,1
78574,91642,1,91642,1
78574,91642,1,91642,1
78574,91642,1,91642,1
78574,91642,1,91642,1
78574,91642,1,91642,1
78574,91642,1,91642,1
78574,91642,1,91642,1
78574,91642,1,91642,1
78574,91642,1,91642,1
78574,91642,1,91642,1
78574,91642,1,91642,1
78574,91642,1,91642,1
78574,91642,1,91642,1
78574,91642,1,91642,1
78574,91642,1,91642,1
78574,91642,1,89880,0
78574,89880,0,89880,0
78574,89880,0,89880,0
78574,89880,0,89880,0
78574,89880,0,89880,0
78574,89880,0,89880,0
78574,89880,0,89880,0
78574,89880,0,89880,0
78574,89880,0,89880,0
78574,89880,0,89880,0
78574,89880,0,89880,0
78574,89880,0,89880,0
78574,89880,0,89880,0
78574,89880,0,89880,0
78574,89880,0,89880,0
78574,89880,0,89880,0
78574,89880,0,89880,0
78574,89880,0,89880,0
78574,89880,0,89880,0
78574,89880,0,89880,0
78574,89880,0,89880,0
78574,89880,0,89880,0
78574,89880,0,89880,0
78574,89880,0,89880,0
78574,89880,0,89880,0
78574,89880,0,89880,0
78574,89880,0,89880,0
78574,89880,0,89880,0
78574,89880,0,89880,0
78574,89880,0,89880,0
78574,89880,0,89880,0
78574,89880,0,89880,0
78574,89880,0,89880,0
78574,89880,0,89880,0
78574,89880,0,89880,0
78574,89880,0,89880,0
78574,89880,0,89880,0
78574,89880,0,89880,0
78574,89880,0,89880,0
78574,89880,0,89880,0
78574,89880,0,89880,0
78574,89880,0,89880,0
78574,89880,0,89880,0
78574,89880,0,89880,0
78574,89880,0,89880,0
78574,89880,0,89880,0
78574,89880,0,89880,0
78574,89880,0,89880,0
78574,89880,0,89880,0
78574,89880,0,89880,0
78574,89880,0,89880,0
78574,89880,0,89880,0
78574,89880,0,89880,0
78574,89880,0,89880,0
78574,89880,0,89880,0
78574,89880,0,89880,0
78574,89880,0,89880,0
78574,89880,0,89880,0
78574,89880,0,89880,0
78574,89880,0,89880,0
78574,89880,0,89880,0
78574,89880,0,89880,0
78574,89880,0,89809,1
78574,89809,1,89809,1
78574,89809,1,89809,1
78574,89809,1,89809,1
78574,89809,1,89809,1
78574,89809,1,89809,1
78574,89809,1,89809,1
78574,89809,1,89809,1
78574,89809,1,89809,1
78574,89809,1,89809,1
78574,89809,1,89809,1
78574,89809,1,89809,1
78574,89809,1,89809,1
78574,89809,1,89809,1
78574,89809,1,89809,1
78574,89809,1,89809,1
78574,89809,1,89809,1
78574,89809,1,89809,1
78574,89809,1,89809,1
78574,89809,1,89809,1
78574,89809,1,89809,1
78574,89809,1,89809,1
78574,89809,1,89809,1
78574,89809,1,89809,1
78574,89809,1,89809,1
78574,89809,1,89809,1
78574,89809,1,89809,1
78574,89809,1,89809,1
78574,89809,1,89809,1
78574,89809,1,89809,1
78574,89809,1,89809,1
78574,89809,1,89809,1
78574,89809,1,89809,1
78574,89809,1,89809,1
78574,89809,1,89809,1
78574,89809,1,89809,1
78574,89809,1,89809,1
78574,89809,1,89809,1
78574,89809,1,89809,1
78574,89809,1,89809,1
78574,89809,1,89809,1
78574,89809,1,89809,1
78574,89809,1,89809,1
78574,89809,1,89809,1
78574,89809,1,89809,1
78574,89809,1,89809,1
78574,89809,1,89809,1
78574,89809,1,89809,1
78574,89809,1,89809,1
78574,89809,1,89809,1
78574,89809,1,89809,1
78574,89809,1,89809,1
78574,89809,1,89809,1
78574,89809,1,89809,1
78574,89809,1,89809,1
78574,89809,1,89809,1
78574,89809,1,89809,1
78574,89809,1,89809,1
78574,89809,1,89809,1
78574,89809,1,89809,1
78574,89809,1,89809,1
78574,89809,1,89809,1
78574,89809,1,89872,0
78574,89872,0,89872,0
78574,89872,0,89872,0
78574,89872,0,89872,0
78574,89872,0,89872,0
78574,89872,0,89872,0
78574,89872,0,89872,0
78574,89872,0,89872,0
78574,89872,0,89872,0
78574,89872,0,89872,0
78574,89872,0,89872,0
78574,89872,0,89872,0
78574,89872,0,89872,0
78574,89872,0,89872,0
78574,89872,0,89872,0
78574,89872,0,89872,0
78574,89872,0,89872,0
78574,89872,0,89872,0
78574,89872,0,89872,0
78574,89872,0,89872,0
78574,89872,0,89872,0
78574,89872,0,89872,0
78574,89872,0,89872,0
78574,89872,0,89872,0
78574,89872,0,89872,0
78574,89872,0,89872,0
78574,89872,0,89872,0
78574,89872,0,89872,0
78574,89872,0,89872,0
78574,89872,0,89872,0
78574,89872,0,89872,0
78574,89872,0,89872,0
78574,89872,0,89872,0
78574,89872,0,89872,0
78574,89872,0,89872,0
78574,89872,0,89872,0
78574,89872,0,89872,0
78574,89872,0,89872,0
78574,89872,0,89872,0
78574,89872,0,89872,0
78574,89872,0,89872,0
78574,89872,0,89872,0
78574,89872,0,89872,0
78574,89872,0,89872,0
78574,89872,0,89872,0
78574,89872,0,89872,0
78574,89872,0,89872,0
78574,89872,0,89872,0
78574,89872,0,89872,0
78574,89872,0,89872,0
78574,89872,0,89872,0
78574,89872,0,89872,0
78574,89872,0,89872,0
78574,89872,0,89872,0
78574,89872,0,89872,0
78574,89872,0,89872,0
78574,89872,0,89872,0
78574,89872,0,89872,0
78574,89872,0,89872,0
78574,89872,0,89872,0
78574,89872,0,89872,0
78574,89872,0,89872,0
78574,89872,0,89879,1
78574,89879,1,89879,1
78574,89879,1,89879,1
78574,89879,1,89879,1
78574,89879,1,89879,1
78574,89879,1,89879,1
78574,89879,1,89879,1
78574,89879,1,89879,1
78574,89879,1,89879,1
78574,89879,1,89879,1
78574,89879,1,89879,1
78574,89879,1,89879,1
78574,89879,1,89879,1
78574,89879,1,89879,1
78574,89879,1,89879,1
78574,89879,1,89879,1
78574,89879,1,89879,1
78574,89879,1,89879,1
78574,89879,1,89879,1
78574,89879,1,89879,1
78574,89879,1,89879,1
78574,89879,1,89879,1
78574,89879,1,89879,1
78574,89879,1,89879,1
78574,89879,1,89879,1
78574,89879,1,89879,1
78574,89879,1,89879,1
78574,89879,1,89879,1
78574,89879,1,89879,1
78574,89879,1,89879,1
78574,89879,1,89879,1
78574,89879,1,89879,1
78574,89879,1,89879,1
78574,89879,1,89879,1
78574,89879,1,89879,1
78574,89879,1,89879,1
78574,89879,1,89879,1
78574,89879,1,89879,1
78574,89879,1,89879,1
78574,89879,1,89879,1
78574,89879,1,89879,1
78574,89879,1,89879,1
78574,89879,1,89879,1
78574,89879,1,89879,1
78574,89879,1,89879,1
78574,89879,1,89879,1
78574,89879,1,89879,1
78574,89879,1,89879,1
78574,89879,1,89879,1
78574,89879,1,89879,1
78574,89879,1,89879,1
78574,89879,1,89879,1
78574,89879,1,89879,1
78574,89879,1,89879,1
78574,89879,1,89879,1
78574,89879,1,89879,1
78574,89879,1,89879,1
78574,89879,1,89879,1
78574,89879,1,89879,1
78574,89879,1,89879,1
78574,89879,1,89879,1
78574,89879,1,89879,1
78574,89879,1,89817,1
78574,89817,1,89817,1
78574,89817,1,89817,1
78574,89817,1,89817,1
78574,89817,1,89817,1
78574,89817,1,89817,1
78574,89817,1,89817,1
78574,89817,1,89817,1
78574,89817,1,89817,1
78574,89817,1,89817,1
78574,89817,1,89817,1
78574,89817,1,89817,1
78574,89817,1,89817,1
78574,89817,1,89817,1
78574,89817,1,89817,1
78574,89817,1,89817,1
78574,89817,1,89817,1
78574,89817,1,89817,1
78574,89817,1,89817,1
78574,89817,1,89817,1
78574,89817,1,89817,1
78574,89817,1,89817,1
78574,89817,1,89817,1
78574,89817,1,89817,1
78574,89817,1,89817,1
78574,89817,1,89817,1
78574,89817,1,89817,1
78574,89817,1,89817,1
78574,89817,1,89817,1
78574,89817,1,89817,1
78574,89817,1,89817,1
78574,89817,1,89817,1
78574,89817,1,89817,1
78574,89817,1,89817,1
78574,89817,1,89817,1
78574,89817,1,89817,1
78574,89817,1,89817,1
78574,89817,1,89817,1
78574,89817,1,89817,1
78574,89817,1,89817,1
78574,89817,1,89817,1
78574,89817,1,89817,1
78574,89817,1,89817,1
78574,89817,1,89817,1
78574,89817,1,89817,1
78574,89817,1,89817,1
78574,89817,1,89817,1
78574,89817,1,89817,1
78574,89817,1,89817,1
78574,89817,1,89817,1
78574,89817,1,89817,1
78574,89817,1,89817,1
78574,89817,1,89817,1
78574,89817,1,89817,1
78574,89817,1,89817,1
78574,89817,1,89817,1
78574,89817,1,89817,1
78574,89817,1,89817,1
78574,89817,1,89817,1
78574,89817,1,89817,1
78574,89817,1,89817,1
78574,89817,1,89817,1
78574,89817,1,89820,1
78574,89820,1,89820,1
78574,89820,1,89820,1
78574,89820,1,89820,1
78574,89820,1,89820,1
78574,89820,1,89820,1
78574,89820,1,89820,1
78574,89820,1,89820,1
78574,89820,1,89820,1
78574,89820,1,89820,1
78574,89820,1,89820,1
78574,89820,1,89820,1
78574,89820,1,89820,1
78574,89820,1,89820,1
78574,89820,1,89820,1
78574,89820,1,89820,1
78574,89820,1,89820,1
78574,89820,1,89820,1
78574,89820,1,89820,1
78574,89820,1,89820,1
78574,89820,1,91662,1
78574,91662,1,91662,1
78574,91662,1,91662,1
78574,91662,1,91662,1
78574,91662,1,91662,1
78574,91662,1,91662,1
78574,91662,1,91662,1
78574,91662,1,91662,1
78574,91662,1,91662,1
78574,91662,1,91662,1
78574,91662,1,91662,1
78574,91662,1,91662,1
78574,91662,1,91662,1
78574,91662,1,91662,1
78574,91662,1,91662,1
78574,91662,1,91662,1
78574,91662,1,91662,1
78574,91662,1,91662,1
78574,91662,1,91662,1
78574,91662,1,91662,1
78574,91662,1,91662,1
78574,91662,1,91662,1
78574,91662,1,91662,1
78574,91662,1,91662,1
78574,91662,1,91662,1
78574,91662,1,91662,1
78574,91662,1,91662,1
78574,91662,1,91662,1
78574,91662,1,91662,1
78574,91662,1,91662,1
78574,91662,1,91662,1
78574,91662,1,91662,1
78574,91662,1,91662,1
78574,91662,1,91662,1
78574,91662,1,91662,1
78574,91662,1,91662,1
78574,91662,1,91662,1
78574,91662,1,91662,1
78574,91662,1,91662,1
78574,91662,1,91662,1
78574,91662,1,91662,1
78574,91662,1,91662,1
78574,91662,1,91662,1
78574,91662,1,91662,1
78574,91662,1,91662,1
78574,91662,1,91662,1
78574,91662,1,91662,1
78574,91662,1,91662,1
78574,91662,1,91662,1
78574,91662,1,91662,1
78574,91662,1,91662,1
78574,91662,1,91662,1
78574,91662,1,91662,1
78574,91662,1,91662,1
78574,91662,1,91662,1
78574,91662,1,91662,1
78574,91662,1,91662,1
78574,91662,1,91662,1
78574,91662,1,91662,1
78574,91662,1,91662,1
78574,91662,1,91662,1
78574,91662,1,91662,1
78574,91662,1,91658,1
78574,91658,1,91658,1
78574,91658,1,91658,1
78574,91658,1,91658,1
78574,91658,1,91658,1
78574,91658,1,91658,1
78574,91658,1,91658,1
78574,91658,1,91658,1
78574,91658,1,91658,1
78574,91658,1,91658,1
78574,91658,1,91658,1
78574,91658,1,91658,1
78574,91658,1,91658,1
78574,91658,1,91658,1
78574,91658,1,91658,1
78574,91658,1,91658,1
78574,91658,1,91658,1
78574,91658,1,91658,1
78574,91658,1,91658,1
78574,91658,1,91658,1
78574,91658,1,91658,1
78574,91658,1,91658,1
78574,91658,1,91658,1
78574,91658,1,91658,1
78574,91658,1,91658,1
78574,91658,1,91658,1
78574,91658,1,91658,1
78574,91658,1,91658,1
78574,91658,1,91658,1
78574,91658,1,91658,1
78574,91658,1,91658,1
78574,91658,1,91658,1
78574,91658,1,91658,1
78574,91658,1,91658,1
78574,91658,1,91658,1
78574,91658,1,91658,1
78574,91658,1,91658,1
78574,91658,1,91658,1
78574,91658,1,91658,1
78574,91658,1,91658,1
78574,91658,1,91658,1
78574,91658,1,91658,1
78574,91658,1,91658,1
78574,91658,1,91658,1
78574,91658,1,91658,1
78574,91658,1,91658,1
78574,91658,1,91658,1
78574,91658,1,91658,1
78574,91658,1,91658,1
78574,91658,1,91658,1
78574,91658,1,91658,1
78574,91658,1,91658,1
78574,91658,1,91658,1
78574,91658,1,91658,1
78574,91658,1,91658,1
78574,91658,1,91658,1
78574,91658,1,91658,1
78574,91658,1,91658,1
78574,91658,1,91658,1
78574,91658,1,91658,1
78574,91658,1,91658,1
78574,91658,1,91658,1
78574,91658,1,174080,0
78574,174080,0,174054,1
78574,174054,1,174072,0
78574,174072,0,174092,1
78574,174092,1,174096,0
78574,174096,0,174055,1
78574,174055,1,174079,1
78574,174079,1,174053,1
78576,93171,1,93171,1
78576,93171,1,93171,1
78576,93171,1,93171,1
78576,93171,1,93171,1
78576,93171,1,93171,1
78576,93171,1,93171,1
78576,93171,1,93171,1
78576,93171,1,93171,1
78576,93171,1,93171,1
78576,93171,1,93171,1
78576,93171,1,93171,1
78576,93171,1,93171,1
78576,93171,1,93171,1
78576,93171,1,93171,1
78576,93171,1,93171,1
78576,93171,1,93171,1
78576,93171,1,93171,1
78576,93171,1,93171,1
78576,93171,1,93171,1
78576,93171,1,93171,1
78576,93171,1,93171,1
78576,93171,1,93171,1
78576,93171,1,93171,1
78576,93171,1,93171,1
78576,93171,1,93171,1
78576,93171,1,93156,0
78576,93156,0,93156,0
78576,93156,0,93156,0
78576,93156,0,93156,0
78576,93156,0,93156,0
78576,93156,0,93156,0
78576,93156,0,93156,0
78576,93156,0,93156,0
78576,93156,0,93156,0
78576,93156,0,93156,0
78576,93156,0,93156,0
78576,93156,0,93156,0
78576,93156,0,93156,0
78576,93156,0,93156,0
78576,93156,0,93156,0
78576,93156,0,93156,0
78576,93156,0,93156,0
78576,93156,0,93156,0
78576,93156,0,93156,0
78576,93156,0,93156,0
78576,93156,0,93156,0
78576,93156,0,93156,0
78576,93156,0,93156,0
78576,93156,0,93156,0
78576,93156,0,93156,0
78576,93156,0,93156,0
78576,93156,0,93194,1
78576,93194,1,93194,1
78576,93194,1,93194,1
78576,93194,1,93194,1
78576,93194,1,93194,1
78576,93194,1,93194,1
78576,93194,1,93194,1
78576,93194,1,93194,1
78576,93194,1,93194,1
78576,93194,1,93194,1
78576,93194,1,93194,1
78576,93194,1,93194,1
78576,93194,1,93194,1
78576,93194,1,93194,1
78576,93194,1,93194,1
78576,93194,1,93194,1
78576,93194,1,93194,1
78576,93194,1,93194,1
78576,93194,1,93194,1
78576,93194,1,93194,1
78576,93194,1,93194,1
78576,93194,1,93194,1
78576,93194,1,93194,1
78576,93194,1,93194,1
78576,93194,1,93194,1
78576,93194,1,93194,1
78576,93194,1,93169,1
78576,93169,1,93169,1
78576,93169,1,93169,1
78576,93169,1,93169,1
78576,93169,1,93169,1
78576,93169,1,93169,1
78576,93169,1,93169,1
78576,93169,1,93169,1
78576,93169,1,93169,1
78576,93169,1,93169,1
78576,93169,1,93169,1
78576,93169,1,93169,1
78576,93169,1,93169,1
78576,93169,1,93169,1
78576,93169,1,93169,1
78576,93169,1,93169,1
78576,93169,1,93169,1
78576,93169,1,93169,1
78576,93169,1,93169,1
78576,93169,1,93169,1
78576,93169,1,93169,1
78576,93169,1,93169,1
78576,93169,1,93169,1
78576,93169,1,93169,1
78576,93169,1,93169,1
78576,93169,1,93169,1
78576,93169,1,93222,0
78576,93222,0,93222,0
78576,93222,0,93222,0
78576,93222,0,93222,0
78576,93222,0,93222,0
78576,93222,0,93222,0
78576,93222,0,93222,0
78576,93222,0,93222,0
78576,93222,0,93222,0
78576,93222,0,93222,0
78576,93222,0,93222,0
78576,93222,0,93222,0
78576,93222,0,93222,0
78576,93222,0,93222,0
78576,93222,0,93222,0
78576,93222,0,93222,0
78576,93222,0,93222,0
78576,93222,0,93222,0
78576,93222,0,93222,0
78576,93222,0,93222,0
78576,93222,0,93222,0
78576,93222,0,93222,0
78576,93222,0,93222,0
78576,93222,0,93222,0
78576,93222,0,93222,0
78576,93222,0,93222,0
78576,93222,0,93158,1
78576,93158,1,93158,1
78576,93158,1,93158,1
78576,93158,1,93158,1
78576,93158,1,93158,1
78576,93158,1,93158,1
78576,93158,1,93158,1
78576,93158,1,93158,1
78576,93158,1,93158,1
78576,93158,1,93158,1
78576,93158,1,93158,1
78576,93158,1,93158,1
78576,93158,1,93158,1
78576,93158,1,93158,1
78576,93158,1,93158,1
78576,93158,1,93158,1
78576,93158,1,93158,1
78576,93158,1,93158,1
78576,93158,1,93158,1
78576,93158,1,93158,1
78576,93158,1,93158,1
78576,93158,1,93158,1
78576,93158,1,93158,1
78576,93158,1,93158,1
78576,93158,1,93158,1
78576,93158,1,93158,1
78576,93158,1,93237,1
78576,93237,1,93237,1
78576,93237,1,93237,1
78576,93237,1,93237,1
78576,93237,1,93237,1
78576,93237,1,93237,1
78576,93237,1,93237,1
78576,93237,1,93237,1
78576,93237,1,93237,1
78576,93237,1,93237,1
78576,93237,1,93237,1
78576,93237,1,93237,1
78576,93237,1,93237,1
78576,93237,1,93237,1
78576,93237,1,93237,1
78576,93237,1,93237,1
78576,93237,1,93237,1
78576,93237,1,93237,1
78576,93237,1,93237,1
78576,93237,1,93237,1
78576,93237,1,93237,1
78576,93237,1,93237,1
78576,93237,1,93237,1
78576,93237,1,93237,1
78576,93237,1,93237,1
78576,93237,1,93237,1
78576,93237,1,85684,1
78576,85684,1,85684,1
78576,85684,1,85684,1
78576,85684,1,85684,1
78576,85684,1,85684,1
78576,85684,1,85684,1
78576,85684,1,85684,1
78576,85684,1,85684,1
78576,85684,1,85684,1
78576,85684,1,85684,1
78576,85684,1,85684,1
78576,85684,1,85684,1
78576,85684,1,85684,1
78576,85684,1,85684,1
78576,85684,1,85684,1
78576,85684,1,85684,1
78576,85684,1,85684,1
78576,85684,1,85684,1
78576,85684,1,85684,1
78576,85684,1,85684,1
78576,85684,1,85657,0
78576,85657,0,85657,0
78576,85657,0,85657,0
78576,85657,0,85657,0
78576,85657,0,85657,0
78576,85657,0,85657,0
78576,85657,0,85657,0
78576,85657,0,85657,0
78576,85657,0,85657,0
78576,85657,0,85657,0
78576,85657,0,85657,0
78576,85657,0,85657,0
78576,85657,0,85657,0
78576,85657,0,85657,0
78576,85657,0,85657,0
78576,85657,0,85657,0
78576,85657,0,85657,0
78576,85657,0,85657,0
78576,85657,0,85657,0
78576,85657,0,85657,0
78576,85657,0,86116,1
78576,86116,1,86116,1
78576,86116,1,86116,1
78576,86116,1,86116,1
78576,86116,1,86116,1
78576,86116,1,86116,1
78576,86116,1,86116,1
78576,86116,1,86116,1
78576,86116,1,86116,1
78576,86116,1,86116,1
78576,86116,1,86116,1
78576,86116,1,86116,1
78576,86116,1,86116,1
78576,86116,1,86116,1
78576,86116,1,86116,1
78576,86116,1,86116,1
78576,86116,1,86116,1
78576,86116,1,86116,1
78576,86116,1,86116,1
78576,86116,1,86116,1
78576,86116,1,85094,1
78576,85094,1,85094,1
78576,85094,1,85094,1
78576,85094,1,85094,1
78576,85094,1,85094,1
78576,85094,1,85094,1
78576,85094,1,85094,1
78576,85094,1,85094,1
78576,85094,1,85094,1
78576,85094,1,85094,1
78576,85094,1,85094,1
78576,85094,1,85094,1
78576,85094,1,85094,1
78576,85094,1,85094,1
78576,85094,1,85094,1
78576,85094,1,85094,1
78576,85094,1,85094,1
78576,85094,1,85094,1
78576,85094,1,85094,1
78576,85094,1,85094,1
78576,85094,1,85652,1
78576,85652,1,85652,1
78576,85652,1,85652,1
78576,85652,1,85652,1
78576,85652,1,85652,1
78576,85652,1,85652,1
78576,85652,1,85652,1
78576,85652,1,85652,1
78576,85652,1,85652,1
78576,85652,1,85652,1
78576,85652,1,85652,1
78576,85652,1,85652,1
78576,85652,1,85652,1
78576,85652,1,85652,1
78576,85652,1,85652,1
78576,85652,1,85652,1
78576,85652,1,85652,1
78576,85652,1,85652,1
78576,85652,1,85652,1
78576,85652,1,85652,1
78576,85652,1,85666,0
78576,85666,0,85666,0
78576,85666,0,85666,0
78576,85666,0,85666,0
78576,85666,0,85666,0
78576,85666,0,85666,0
78576,85666,0,85666,0
78576,85666,0,85666,0
78576,85666,0,85666,0
78576,85666,0,85666,0
78576,85666,0,85669,1
78576,85669,1,85669,1
78576,85669,1,85669,1
78576,85669,1,85669,1
78576,85669,1,85669,1
78576,85669,1,85669,1
78576,85669,1,85669,1
78576,85669,1,85669,1
78576,85669,1,85669,1
78576,85669,1,85669,1
78576,85669,1,85094,0
78576,85094,0,85094,0
78576,85094,0,85094,0
78576,85094,0,85094,0
78576,85094,0,85094,0
78576,85094,0,85094,0
78576,85094,0,85094,0
78576,85094,0,85094,0
78576,85094,0,85094,0
78576,85094,0,85094,0
78576,85094,0,84702,1
78576,84702,1,84702,1
78576,84702,1,84702,1
78576,84702,1,84702,1
78576,84702,1,84702,1
78576,84702,1,84702,1
78576,84702,1,84702,1
78576,84702,1,84702,1
78576,84702,1,84702,1
78576,84702,1,84702,1
78576,84702,1,85670,1
78576,85670,1,85670,1
78576,85670,1,85670,1
78576,85670,1,85670,1
78576,85670,1,85670,1
78576,85670,1,85670,1
78576,85670,1,85670,1
78576,85670,1,85670,1
78576,85670,1,85670,1
78576,85670,1,85670,1
78576,85670,1,85649,0
78576,85649,0,85649,0
78576,85649,0,85649,0
78576,85649,0,85649,0
78576,85649,0,85649,0
78576,85649,0,85649,0
78576,85649,0,85649,0
78576,85649,0,85649,0
78576,85649,0,85649,0
78576,85649,0,85649,0
78576,85649,0,85667,1
78576,85667,1,85667,1
78576,85667,1,85667,1
78576,85667,1,85667,1
78576,85667,1,85667,1
78576,85667,1,85667,1
78576,85667,1,85667,1
78576,85667,1,85667,1
78576,85667,1,85667,1
78576,85667,1,85667,1
78576,85667,1,89241,1
78576,89241,1,89241,1
78576,89241,1,89241,1
78576,89241,1,89241,1
78576,89241,1,89241,1
78576,89241,1,89241,1
78576,89241,1,89241,1
78576,89241,1,89241,1
78576,89241,1,89241,1
78576,89241,1,89241,1
78576,89241,1,89241,1
78576,89241,1,89241,1
78576,89241,1,89241,1
78576,89241,1,89241,1
78576,89241,1,89241,1
78576,89241,1,89241,1
78576,89241,1,89241,1
78576,89241,1,89241,1
78576,89241,1,89241,1
78576,89241,1,89241,1
78576,89241,1,89241,1
78576,89241,1,89241,1
78576,89241,1,89241,1
78576,89241,1,89241,1
78576,89241,1,89241,1
78576,89241,1,89241,1
78576,89241,1,89241,1
78576,89241,1,89241,1
78576,89241,1,89241,1
78576,89241,1,89241,1
78576,89241,1,89241,1
78576,89241,1,89241,1
78576,89241,1,89241,1
78576,89241,1,89241,1
78576,89241,1,89241,1
78576,89241,1,89241,1
78576,89241,1,89241,1
78576,89241,1,89241,1
78576,89241,1,89241,1
78576,89241,1,89241,1
78576,89241,1,89241,1
78576,89241,1,89241,1
78576,89241,1,89241,1
78576,89241,1,89241,1
78576,89241,1,89241,1
78576,89241,1,89241,1
78576,89241,1,89241,1
78576,89241,1,89241,1
78576,89241,1,89241,1
78576,89241,1,89241,1
78576,89241,1,89241,1
78576,89241,1,89241,1
78576,89241,1,89241,1
78576,89241,1,89241,1
78576,89241,1,89241,1
78576,89241,1,89241,1
78576,89241,1,89241,1
78576,89241,1,89241,1
78576,89241,1,89241,1
78576,89241,1,89241,1
78576,89241,1,89265,1
78576,89265,1,89265,1
78576,89265,1,89265,1
78576,89265,1,89265,1
78576,89265,1,89265,1
78576,89265,1,89265,1
78576,89265,1,89265,1
78576,89265,1,89265,1
78576,89265,1,89265,1
78576,89265,1,89265,1
78576,89265,1,89265,1
78576,89265,1,89265,1
78576,89265,1,89265,1
78576,89265,1,89265,1
78576,89265,1,89265,1
78576,89265,1,89265,1
78576,89265,1,89265,1
78576,89265,1,89265,1
78576,89265,1,89265,1
78576,89265,1,89265,1
78576,89265,1,89265,1
78576,89265,1,89265,1
78576,89265,1,89265,1
78576,89265,1,89265,1
78576,89265,1,89265,1
78576,89265,1,89265,1
78576,89265,1,89265,1
78576,89265,1,89265,1
78576,89265,1,89265,1
78576,89265,1,89265,1
78576,89265,1,89265,1
78576,89265,1,89265,1
78576,89265,1,89265,1
78576,89265,1,89265,1
78576,89265,1,89265,1
78576,89265,1,89265,1
78576,89265,1,89265,1
78576,89265,1,89265,1
78576,89265,1,89265,1
78576,89265,1,89265,1
78576,89265,1,89265,1
78576,89265,1,89265,1
78576,89265,1,89265,1
78576,89265,1,89265,1
78576,89265,1,89265,1
78576,89265,1,89265,1
78576,89265,1,89265,1
78576,89265,1,89265,1
78576,89265,1,89265,1
78576,89265,1,89265,1
78576,89265,1,89265,1
78576,89265,1,89265,1
78576,89265,1,89265,1
78576,89265,1,89265,1
78576,89265,1,89265,1
78576,89265,1,89265,1
78576,89265,1,89265,1
78576,89265,1,89265,1
78576,89265,1,89265,1
78576,89265,1,89265,1
78576,89265,1,91355,0
78576,91355,0,91355,0
78576,91355,0,91355,0
78576,91355,0,91355,0
78576,91355,0,91355,0
78576,91355,0,91355,0
78576,91355,0,91355,0
78576,91355,0,91355,0
78576,91355,0,91355,0
78576,91355,0,91355,0
78576,91355,0,91355,0
78576,91355,0,91355,0
78576,91355,0,91355,0
78576,91355,0,91355,0
78576,91355,0,91355,0
78576,91355,0,91355,0
78576,91355,0,91355,0
78576,91355,0,91355,0
78576,91355,0,91355,0
78576,91355,0,91355,0
78576,91355,0,91355,0
78576,91355,0,89270,1
78576,89270,1,89270,1
78576,89270,1,89270,1
78576,89270,1,89270,1
78576,89270,1,89270,1
78576,89270,1,89270,1
78576,89270,1,89270,1
78576,89270,1,89270,1
78576,89270,1,89270,1
78576,89270,1,89270,1
78576,89270,1,89270,1
78576,89270,1,89270,1
78576,89270,1,89270,1
78576,89270,1,89270,1
78576,89270,1,89270,1
78576,89270,1,89270,1
78576,89270,1,89270,1
78576,89270,1,89270,1
78576,89270,1,89270,1
78576,89270,1,89270,1
78576,89270,1,89270,1
78576,89270,1,91354,1
78576,91354,1,91354,1
78576,91354,1,91354,1
78576,91354,1,91354,1
78576,91354,1,91354,1
78576,91354,1,91354,1
78576,91354,1,91354,1
78576,91354,1,91354,1
78576,91354,1,91354,1
78576,91354,1,91354,1
78576,91354,1,91354,1
78576,91354,1,91354,1
78576,91354,1,91354,1
78576,91354,1,91354,1
78576,91354,1,91354,1
78576,91354,1,91354,1
78576,91354,1,91354,1
78576,91354,1,91354,1
78576,91354,1,91354,1
78576,91354,1,91354,1
78576,91354,1,91354,1
78576,91354,1,89268,1
78576,89268,1,89268,1
78576,89268,1,89268,1
78576,89268,1,89268,1
78576,89268,1,89268,1
78576,89268,1,89268,1
78576,89268,1,89268,1
78576,89268,1,89268,1
78576,89268,1,89268,1
78576,89268,1,89268,1
78576,89268,1,89268,1
78576,89268,1,89268,1
78576,89268,1,89268,1
78576,89268,1,89268,1
78576,89268,1,89268,1
78576,89268,1,89268,1
78576,89268,1,89268,1
78576,89268,1,89268,1
78576,89268,1,89268,1
78576,89268,1,89268,1
78576,89268,1,89268,1
78576,89268,1,91354,1
78576,91354,1,91354,1
78576,91354,1,91354,1
78576,91354,1,91354,1
78576,91354,1,91354,1
78576,91354,1,91354,1
78576,91354,1,91354,1
78576,91354,1,91354,1
78576,91354,1,91354,1
78576,91354,1,91354,1
78576,91354,1,91354,1
78576,91354,1,91354,1
78576,91354,1,91354,1
78576,91354,1,91354,1
78576,91354,1,91354,1
78576,91354,1,91354,1
78576,91354,1,91354,1
78576,91354,1,91354,1
78576,91354,1,89286,0
78576,89286,0,89286,0
78576,89286,0,89286,0
78576,89286,0,89286,0
78576,89286,0,89286,0
78576,89286,0,89286,0
78576,89286,0,89286,0
78576,89286,0,89286,0
78576,89286,0,89286,0
78576,89286,0,89286,0
78576,89286,0,89286,0
78576,89286,0,89286,0
78576,89286,0,89286,0
78576,89286,0,89286,0
78576,89286,0,89286,0
78576,89286,0,89286,0
78576,89286,0,89286,0
78576,89286,0,89286,0
78576,89286,0,89286,0
78576,89286,0,89286,0
78576,89286,0,89286,0
78576,89286,0,91642,1
78576,91642,1,91642,1
78576,91642,1,91642,1
78576,91642,1,91642,1
78576,91642,1,91642,1
78576,91642,1,91642,1
78576,91642,1,91642,1
78576,91642,1,91642,1
78576,91642,1,91642,1
78576,91642,1,91642,1
78576,91642,1,91642,1
78576,91642,1,91642,1
78576,91642,1,91642,1
78576,91642,1,91642,1
78576,91642,1,91642,1
78576,91642,1,91642,1
78576,91642,1,91642,1
78576,91642,1,91642,1
78576,91642,1,91642,1
78576,91642,1,91642,1
78576,91642,1,91642,1
78576,91642,1,91642,1
78576,91642,1,91642,1
78576,91642,1,91642,1
78576,91642,1,91642,1
78576,91642,1,91642,1
78576,91642,1,91642,1
78576,91642,1,91642,1
78576,91642,1,91642,1
78576,91642,1,91642,1
78576,91642,1,91642,1
78576,91642,1,91642,1
78576,91642,1,91642,1
78576,91642,1,91642,1
78576,91642,1,91642,1
78576,91642,1,91642,1
78576,91642,1,91642,1
78576,91642,1,91642,1
78576,91642,1,91642,1
78576,91642,1,91642,1
78576,91642,1,91642,1
78576,91642,1,91642,1
78576,91642,1,91642,1
78576,91642,1,91642,1
78576,91642,1,91642,1
78576,91642,1,91642,1
78576,91642,1,91642,1
78576,91642,1,91642,1
78576,91642,1,91642,1
78576,91642,1,91642,1
78576,91642,1,91642,1
78576,91642,1,91642,1
78576,91642,1,91642,1
78576,91642,1,91642,1
78576,91642,1,91642,1
78576,91642,1,91642,1
78576,91642,1,91642,1
78576,91642,1,91642,1
78576,91642,1,91642,1
78576,91642,1,91642,1
78576,91642,1,91642,1
78576,91642,1,91642,1
78576,91642,1,89768,1
78576,89768,1,89768,1
78576,89768,1,89768,1
78576,89768,1,89768,1
78576,89768,1,89768,1
78576,89768,1,89768,1
78576,89768,1,89768,1
78576,89768,1,89768,1
78576,89768,1,89768,1
78576,89768,1,89768,1
78576,89768,1,89768,1
78576,89768,1,89768,1
78576,89768,1,89768,1
78576,89768,1,89768,1
78576,89768,1,89768,1
78576,89768,1,89768,1
78576,89768,1,89768,1
78576,89768,1,89768,1
78576,89768,1,89768,1
78576,89768,1,89768,1
78576,89768,1,91644,1
78576,91644,1,91644,1
78576,91644,1,91644,1
78576,91644,1,91644,1
78576,91644,1,91644,1
78576,91644,1,91644,1
78576,91644,1,91644,1
78576,91644,1,91644,1
78576,91644,1,91644,1
78576,91644,1,91644,1
78576,91644,1,91644,1
78576,91644,1,91644,1
78576,91644,1,91644,1
78576,91644,1,91644,1
78576,91644,1,91644,1
78576,91644,1,91644,1
78576,91644,1,91644,1
78576,91644,1,91644,1
78576,91644,1,91644,1
78576,91644,1,89798,1
78576,89798,1,89798,1
78576,89798,1,89798,1
78576,89798,1,89798,1
78576,89798,1,89798,1
78576,89798,1,89798,1
78576,89798,1,89798,1
78576,89798,1,89798,1
78576,89798,1,89798,1
78576,89798,1,89798,1
78576,89798,1,89798,1
78576,89798,1,89798,1
78576,89798,1,89798,1
78576,89798,1,89798,1
78576,89798,1,89798,1
78576,89798,1,89798,1
78576,89798,1,89798,1
78576,89798,1,89798,1
78576,89798,1,89798,1
78576,89798,1,89798,1
78576,89798,1,89798,1
78576,89798,1,89798,1
78576,89798,1,89798,1
78576,89798,1,89798,1
78576,89798,1,89798,1
78576,89798,1,89798,1
78576,89798,1,89798,1
78576,89798,1,89798,1
78576,89798,1,89798,1
78576,89798,1,89798,1
78576,89798,1,89798,1
78576,89798,1,89798,1
78576,89798,1,89798,1
78576,89798,1,89798,1
78576,89798,1,89798,1
78576,89798,1,89798,1
78576,89798,1,89798,1
78576,89798,1,89798,1
78576,89798,1,89798,1
78576,89798,1,89798,1
78576,89798,1,89798,1
78576,89798,1,89798,1
78576,89798,1,89798,1
78576,89798,1,89798,1
78576,89798,1,89798,1
78576,89798,1,89798,1
78576,89798,1,89798,1
78576,89798,1,89798,1
78576,89798,1,89798,1
78576,89798,1,89798,1
78576,89798,1,89798,1
78576,89798,1,89798,1
78576,89798,1,89798,1
78576,89798,1,89798,1
78576,89798,1,89798,1
78576,89798,1,89798,1
78576,89798,1,89798,1
78576,89798,1,89798,1
78576,89798,1,89798,1
78576,89798,1,89798,1
78576,89798,1,89798,1
78576,89798,1,89798,1
78577,93156,1,93156,1
78577,93156,1,93156,1
78577,93156,1,93156,1
78577,93156,1,93156,1
78577,93156,1,93156,1
78577,93156,1,93156,1
78577,93156,1,93156,1
78577,93156,1,93156,1
78577,93156,1,93156,1
78577,93156,1,93156,1
78577,93156,1,93156,1
78577,93156,1,93156,1
78577,93156,1,93156,1
78577,93156,1,93156,1
78577,93156,1,93156,1
78577,93156,1,93156,1
78577,93156,1,93156,1
78577,93156,1,93156,1
78577,93156,1,93156,1
78577,93156,1,93156,1
78577,93156,1,93156,1
78577,93156,1,93156,1
78577,93156,1,93156,1
78577,93156,1,93156,1
78577,93156,1,93156,1
78577,93156,1,93157,1
78577,93157,1,93157,1
78577,93157,1,93157,1
78577,93157,1,93157,1
78577,93157,1,93157,1
78577,93157,1,93157,1
78577,93157,1,93157,1
78577,93157,1,93157,1
78577,93157,1,93157,1
78577,93157,1,93157,1
78577,93157,1,93157,1
78577,93157,1,93157,1
78577,93157,1,93157,1
78577,93157,1,93157,1
78577,93157,1,93157,1
78577,93157,1,93157,1
78577,93157,1,93157,1
78577,93157,1,93157,1
78577,93157,1,93157,1
78577,93157,1,93157,1
78577,93157,1,93157,1
78577,93157,1,93157,1
78577,93157,1,93157,1
78577,93157,1,93157,1
78577,93157,1,93157,1
78577,93157,1,93157,1
78577,93157,1,93195,1
78577,93195,1,93195,1
78577,93195,1,93195,1
78577,93195,1,93195,1
78577,93195,1,93195,1
78577,93195,1,93195,1
78577,93195,1,93195,1
78577,93195,1,93195,1
78577,93195,1,93195,1
78577,93195,1,93195,1
78577,93195,1,93195,1
78577,93195,1,93195,1
78577,93195,1,85665,0
78577,85665,0,85665,0
78577,85665,0,85665,0
78577,85665,0,85665,0
78577,85665,0,85665,0
78577,85665,0,85665,0
78577,85665,0,85665,0
78577,85665,0,85665,0
78577,85665,0,85665,0
78577,85665,0,85665,0
78577,85665,0,85665,0
78577,85665,0,85665,0
78577,85665,0,85665,0
78577,85665,0,85665,0
78577,85665,0,85665,0
78577,85665,0,85665,0
78577,85665,0,85665,0
78577,85665,0,85665,0
78577,85665,0,85665,0
78577,85665,0,85665,0
78577,85665,0,86121,1
78577,86121,1,86121,1
78577,86121,1,86121,1
78577,86121,1,86121,1
78577,86121,1,86121,1
78577,86121,1,86121,1
78577,86121,1,86121,1
78577,86121,1,86121,1
78577,86121,1,86121,1
78577,86121,1,86121,1
78577,86121,1,86121,1
78577,86121,1,86121,1
78577,86121,1,86121,1
78577,86121,1,86121,1
78577,86121,1,86121,1
78577,86121,1,86121,1
78577,86121,1,86121,1
78577,86121,1,86121,1
78577,86121,1,86121,1
78577,86121,1,86121,1
78577,86121,1,84623,1
78577,84623,1,84623,1
78577,84623,1,84623,1
78577,84623,1,84623,1
78577,84623,1,84623,1
78577,84623,1,84623,1
78577,84623,1,84623,1
78577,84623,1,84623,1
78577,84623,1,84623,1
78577,84623,1,84623,1
78577,84623,1,84623,1
78577,84623,1,84623,1
78577,84623,1,84623,1
78577,84623,1,84623,1
78577,84623,1,84623,1
78577,84623,1,84623,1
78577,84623,1,84623,1
78577,84623,1,84623,1
78577,84623,1,84623,1
78577,84623,1,84623,1
78577,84623,1,85103,1
78577,85103,1,85103,1
78577,85103,1,85103,1
78577,85103,1,85103,1
78577,85103,1,85103,1
78577,85103,1,85103,1
78577,85103,1,85103,1
78577,85103,1,85103,1
78577,85103,1,85103,1
78577,85103,1,85103,1
78577,85103,1,85103,1
78577,85103,1,85103,1
78577,85103,1,85103,1
78577,85103,1,85103,1
78577,85103,1,85103,1
78577,85103,1,85103,1
78577,85103,1,85103,1
78577,85103,1,85103,1
78577,85103,1,85103,1
78577,85103,1,85103,1
78577,85103,1,89269,1
78577,89269,1,89269,1
78577,89269,1,89269,1
78577,89269,1,89269,1
78577,89269,1,89269,1
78577,89269,1,89269,1
78577,89269,1,89269,1
78577,89269,1,89269,1
78577,89269,1,89269,1
78577,89269,1,89269,1
78577,89269,1,89269,1
78577,89269,1,89269,1
78577,89269,1,89269,1
78577,89269,1,89269,1
78577,89269,1,89269,1
78577,89269,1,89269,1
78577,89269,1,89269,1
78577,89269,1,89269,1
78577,89269,1,89269,1
78577,89269,1,89269,1
78577,89269,1,89269,1
78577,89269,1,89269,1
78577,89269,1,89269,1
78577,89269,1,89269,1
78577,89269,1,89269,1
78577,89269,1,89269,1
78577,89269,1,89269,1
78577,89269,1,89269,1
78577,89269,1,89269,1
78577,89269,1,89269,1
78577,89269,1,89269,1
78577,89269,1,89269,1
78577,89269,1,89269,1
78577,89269,1,89269,1
78577,89269,1,89269,1
78577,89269,1,89269,1
78577,89269,1,89269,1
78577,89269,1,89269,1
78577,89269,1,89269,1
78577,89269,1,89269,1
78577,89269,1,89269,1
78577,89269,1,89269,1
78577,89269,1,89269,1
78577,89269,1,89269,1
78577,89269,1,89269,1
78577,89269,1,89269,1
78577,89269,1,89269,1
78577,89269,1,89269,1
78577,89269,1,89269,1
78577,89269,1,89269,1
78577,89269,1,89269,1
78577,89269,1,89269,1
78577,89269,1,89269,1
78577,89269,1,89269,1
78577,89269,1,89269,1
78577,89269,1,89269,1
78577,89269,1,89269,1
78577,89269,1,89269,1
78577,89269,1,89269,1
78577,89269,1,89269,1
78577,89269,1,91350,1
78577,91350,1,91350,1
78577,91350,1,91350,1
78577,91350,1,91350,1
78577,91350,1,91350,1
78577,91350,1,91350,1
78577,91350,1,91350,1
78577,91350,1,91350,1
78577,91350,1,91350,1
78577,91350,1,91350,1
78577,91350,1,91350,1
78577,91350,1,91350,1
78577,91350,1,91350,1
78577,91350,1,91350,1
78577,91350,1,91350,1
78577,91350,1,91350,1
78577,91350,1,91350,1
78577,91350,1,91350,1
78577,91350,1,91350,1
78577,91350,1,91350,1
78577,91350,1,91350,1
78577,91350,1,91403,1
78577,91403,1,91403,1
78577,91403,1,91403,1
78577,91403,1,91403,1
78577,91403,1,91403,1
78577,91403,1,91403,1
78577,91403,1,91403,1
78577,91403,1,91403,1
78577,91403,1,91403,1
78577,91403,1,91403,1
78577,91403,1,91403,1
78577,91403,1,91403,1
78577,91403,1,91403,1
78577,91403,1,91403,1
78577,91403,1,91403,1
78577,91403,1,91403,1
78577,91403,1,91403,1
78577,91403,1,91403,1
78577,91403,1,91383,1
78577,91383,1,91383,1
78577,91383,1,91383,1
78577,91383,1,91383,1
78577,91383,1,91383,1
78577,91383,1,91383,1
78577,91383,1,91383,1
78577,91383,1,91383,1
78577,91383,1,91383,1
78577,91383,1,91383,1
78577,91383,1,91383,1
78577,91383,1,91383,1
78577,91383,1,91383,1
78577,91383,1,91383,1
78577,91383,1,91383,1
78577,91383,1,91383,1
78577,91383,1,91383,1
78577,91383,1,91383,1
78577,91383,1,91383,1
78577,91383,1,91383,1
78577,91383,1,91383,1
78577,91383,1,91383,1
78577,91383,1,91383,1
78577,91383,1,91383,1
78577,91383,1,91383,1
78577,91383,1,91383,1
78577,91383,1,91383,1
78577,91383,1,91383,1
78577,91383,1,91383,1
78577,91383,1,91383,1
78577,91383,1,91383,1
78577,91383,1,91383,1
78577,91383,1,91383,1
78577,91383,1,91383,1
78577,91383,1,91383,1
78577,91383,1,91383,1
78577,91383,1,91383,1
78577,91383,1,91383,1
78577,91383,1,91383,1
78577,91383,1,91383,1
78577,91383,1,91383,1
78577,91383,1,91383,1
78577,91383,1,91383,1
78577,91383,1,91383,1
78577,91383,1,91383,1
78577,91383,1,91383,1
78577,91383,1,91383,1
78577,91383,1,91383,1
78577,91383,1,91383,1
78577,91383,1,91383,1
78577,91383,1,91383,1
78577,91383,1,91383,1
78577,91383,1,91383,1
78577,91383,1,91383,1
78577,91383,1,91383,1
78577,91383,1,91383,1
78577,91383,1,91383,1
78577,91383,1,91383,1
78577,91383,1,91383,1
78577,91383,1,91383,1
78577,91383,1,89768,1
78577,89768,1,89768,1
78577,89768,1,89768,1
78577,89768,1,89768,1
78577,89768,1,89768,1
78577,89768,1,89768,1
78577,89768,1,89768,1
78577,89768,1,89768,1
78577,89768,1,89768,1
78577,89768,1,89768,1
78577,89768,1,89768,1
78577,89768,1,89768,1
78577,89768,1,89768,1
78577,89768,1,89768,1
78577,89768,1,89768,1
78577,89768,1,89768,1
78577,89768,1,89768,1
78577,89768,1,89768,1
78577,89768,1,89768,1
78577,89768,1,89768,1
78577,89768,1,89768,1
78577,89768,1,89768,1
78577,89768,1,89768,1
78577,89768,1,89768,1
78577,89768,1,89768,1
78577,89768,1,89768,1
78577,89768,1,89768,1
78577,89768,1,89768,1
78577,89768,1,89768,1
78577,89768,1,89768,1
78577,89768,1,89768,1
78577,89768,1,89768,1
78577,89768,1,89768,1
78577,89768,1,89768,1
78577,89768,1,89768,1
78577,89768,1,89768,1
78577,89768,1,89768,1
78577,89768,1,89768,1
78577,89768,1,89768,1
78577,89768,1,89768,1
78577,89768,1,89768,1
78577,89768,1,89768,1
78577,89768,1,89768,1
78577,89768,1,89768,1
78577,89768,1,89768,1
78577,89768,1,89768,1
78577,89768,1,89768,1
78577,89768,1,89768,1
78577,89768,1,89768,1
78577,89768,1,89768,1
78577,89768,1,89768,1
78577,89768,1,89768,1
78577,89768,1,89768,1
78577,89768,1,89768,1
78577,89768,1,89768,1
78577,89768,1,89768,1
78577,89768,1,89768,1
78577,89768,1,89768,1
78577,89768,1,89768,1
78577,89768,1,89768,1
78577,89768,1,89768,1
78577,89768,1,89768,1
78577,89768,1,89788,0
78577,89788,0,89788,0
78577,89788,0,89788,0
78577,89788,0,89788,0
78577,89788,0,89788,0
78577,89788,0,89788,0
78577,89788,0,89788,0
78577,89788,0,89788,0
78577,89788,0,89788,0
78577,89788,0,89788,0
78577,89788,0,89788,0
78577,89788,0,89788,0
78577,89788,0,89788,0
78577,89788,0,89788,0
78577,89788,0,89788,0
78577,89788,0,89788,0
78577,89788,0,89788,0
78577,89788,0,89788,0
78577,89788,0,89788,0
78577,89788,0,89788,0
78577,89788,0,91638,1
78577,91638,1,91638,1
78577,91638,1,91638,1
78577,91638,1,91638,1
78577,91638,1,91638,1
78577,91638,1,91638,1
78577,91638,1,91638,1
78577,91638,1,91638,1
78577,91638,1,91638,1
78577,91638,1,91638,1
78577,91638,1,91638,1
78577,91638,1,91638,1
78577,91638,1,91638,1
78577,91638,1,91638,1
78577,91638,1,91638,1
78577,91638,1,91638,1
78577,91638,1,91638,1
78577,91638,1,91638,1
78577,91638,1,91638,1
78577,91638,1,91638,1
78577,91638,1,91642,1
78577,91642,1,91642,1
78577,91642,1,91642,1
78577,91642,1,91642,1
78577,91642,1,91642,1
78577,91642,1,91642,1
78577,91642,1,91642,1
78577,91642,1,91642,1
78577,91642,1,91642,1
78577,91642,1,91642,1
78577,91642,1,91642,1
78577,91642,1,91642,1
78577,91642,1,91642,1
78577,91642,1,91642,1
78577,91642,1,91642,1
78577,91642,1,91642,1
78577,91642,1,91642,1
78577,91642,1,91642,1
78577,91642,1,91642,1
78577,91642,1,91642,1
78577,91642,1,89817,1
78577,89817,1,89817,1
78577,89817,1,89817,1
78577,89817,1,89817,1
78577,89817,1,89817,1
78577,89817,1,89817,1
78577,89817,1,89817,1
78577,89817,1,89817,1
78577,89817,1,89817,1
78577,89817,1,89817,1
78577,89817,1,89817,1
78577,89817,1,89817,1
78577,89817,1,89817,1
78577,89817,1,89817,1
78577,89817,1,89817,1
78577,89817,1,89817,1
78577,89817,1,89817,1
78577,89817,1,89817,1
78577,89817,1,89817,1
78577,89817,1,89817,1
78577,89817,1,89817,1
78577,89817,1,89817,1
78577,89817,1,89817,1
78577,89817,1,89817,1
78577,89817,1,89817,1
78577,89817,1,89817,1
78577,89817,1,89817,1
78577,89817,1,89817,1
78577,89817,1,89817,1
78577,89817,1,89817,1
78577,89817,1,89817,1
78577,89817,1,89817,1
78577,89817,1,89817,1
78577,89817,1,89817,1
78577,89817,1,89817,1
78577,89817,1,89817,1
78577,89817,1,89817,1
78577,89817,1,89817,1
78577,89817,1,89817,1
78577,89817,1,89817,1
78577,89817,1,89817,1
78577,89817,1,89817,1
78577,89817,1,89817,1
78577,89817,1,89817,1
78577,89817,1,89817,1
78577,89817,1,89817,1
78577,89817,1,89817,1
78577,89817,1,89817,1
78577,89817,1,89817,1
78577,89817,1,89817,1
78577,89817,1,89817,1
78577,89817,1,89817,1
78577,89817,1,89817,1
78577,89817,1,89817,1
78577,89817,1,89817,1
78577,89817,1,89817,1
78577,89817,1,89817,1
78577,89817,1,89817,1
78577,89817,1,89817,1
78577,89817,1,89817,1
78577,89817,1,89817,1
78577,89817,1,89817,1
78577,89817,1,89812,1
78577,89812,1,89812,1
78577,89812,1,89812,1
78577,89812,1,89812,1
78577,89812,1,89812,1
78577,89812,1,89812,1
78577,89812,1,89812,1
78577,89812,1,89812,1
78577,89812,1,89812,1
78577,89812,1,89812,1
78577,89812,1,89812,1
78577,89812,1,89812,1
78577,89812,1,89812,1
78577,89812,1,89812,1
78577,89812,1,89812,1
78577,89812,1,89812,1
78577,89812,1,89812,1
78577,89812,1,89812,1
78577,89812,1,89812,1
78577,89812,1,89812,1
78577,89812,1,89835,1
78577,89835,1,89835,1
78577,89835,1,89835,1
78577,89835,1,89835,1
78577,89835,1,89835,1
78577,89835,1,89835,1
78577,89835,1,89835,1
78577,89835,1,89835,1
78577,89835,1,89835,1
78577,89835,1,89835,1
78577,89835,1,89835,1
78577,89835,1,89835,1
78577,89835,1,89835,1
78577,89835,1,89835,1
78577,89835,1,89835,1
78577,89835,1,89835,1
78577,89835,1,89835,1
78577,89835,1,89835,1
78577,89835,1,89835,1
78577,89835,1,89835,1
78577,89835,1,89813,1
78577,89813,1,89813,1
78577,89813,1,89813,1
78577,89813,1,89813,1
78577,89813,1,89813,1
78577,89813,1,89813,1
78577,89813,1,89813,1
78577,89813,1,89813,1
78577,89813,1,89813,1
78577,89813,1,89813,1
78577,89813,1,89813,1
78577,89813,1,89813,1
78577,89813,1,89813,1
78577,89813,1,89813,1
78577,89813,1,89813,1
78577,89813,1,89813,1
78577,89813,1,89813,1
78577,89813,1,89813,1
78577,89813,1,89813,1
78577,89813,1,91648,0
78577,91648,0,91648,0
78577,91648,0,91648,0
78577,91648,0,91648,0
78577,91648,0,91648,0
78577,91648,0,91648,0
78577,91648,0,91648,0
78577,91648,0,91648,0
78577,91648,0,91648,0
78577,91648,0,91648,0
78577,91648,0,91648,0
78577,91648,0,91648,0
78577,91648,0,91648,0
78577,91648,0,91648,0
78577,91648,0,91648,0
78577,91648,0,91648,0
78577,91648,0,91648,0
78577,91648,0,91648,0
78577,91648,0,91648,0
78577,91648,0,91648,0
78577,91648,0,91667,0
78577,91667,0,91667,0
78577,91667,0,91667,0
78577,91667,0,91667,0
78577,91667,0,91667,0
78577,91667,0,91667,0
78577,91667,0,91667,0
78577,91667,0,91667,0
78577,91667,0,91667,0
78577,91667,0,91667,0
78577,91667,0,91667,0
78577,91667,0,91667,0
78577,91667,0,91667,0
78577,91667,0,91667,0
78577,91667,0,91667,0
78577,91667,0,91667,0
78577,91667,0,91667,0
78577,91667,0,91667,0
78577,91667,0,91667,0
78577,91667,0,91667,0
78577,91667,0,174026,1
78577,174026,1,174079,0
78577,174079,0,174053,1
78577,174053,1,174062,0
78577,174062,0,174063,0
78577,174063,0,174035,1
78577,174035,1,174072,0
78577,174072,0,174078,1
78577,174078,1,174068,1
78581,93197,1,93197,1
78581,93197,1,93197,1
78581,93197,1,93197,1
78581,93197,1,93197,1
78581,93197,1,93197,1
78581,93197,1,93197,1
78581,93197,1,93197,1
78581,93197,1,93197,1
78581,93197,1,93197,1
78581,93197,1,93197,1
78581,93197,1,93197,1
78581,93197,1,93197,1
78581,93197,1,93197,1
78581,93197,1,93197,1
78581,93197,1,93197,1
78581,93197,1,93197,1
78581,93197,1,93197,1
78581,93197,1,93197,1
78581,93197,1,93197,1
78581,93197,1,93197,1
78581,93197,1,93197,1
78581,93197,1,93197,1
78581,93197,1,93197,1
78581,93197,1,93197,1
78581,93197,1,93197,1
78581,93197,1,93154,1
78581,93154,1,93154,1
78581,93154,1,93154,1
78581,93154,1,93154,1
78581,93154,1,93154,1
78581,93154,1,93154,1
78581,93154,1,93154,1
78581,93154,1,93154,1
78581,93154,1,93154,1
78581,93154,1,93154,1
78581,93154,1,93154,1
78581,93154,1,93154,1
78581,93154,1,93154,1
78581,93154,1,93154,1
78581,93154,1,93154,1
78581,93154,1,93154,1
78581,93154,1,93154,1
78581,93154,1,93154,1
78581,93154,1,93154,1
78581,93154,1,93154,1
78581,93154,1,93154,1
78581,93154,1,93154,1
78581,93154,1,93154,1
78581,93154,1,93154,1
78581,93154,1,93154,1
78581,93154,1,93154,1
78581,93154,1,93148,1
78581,93148,1,93148,1
78581,93148,1,93148,1
78581,93148,1,93148,1
78581,93148,1,93148,1
78581,93148,1,93148,1
78581,93148,1,93148,1
78581,93148,1,93148,1
78581,93148,1,93148,1
78581,93148,1,93148,1
78581,93148,1,93148,1
78581,93148,1,93148,1
78581,93148,1,85651,0
78581,85651,0,85651,0
78581,85651,0,85651,0
78581,85651,0,85651,0
78581,85651,0,85651,0
78581,85651,0,85651,0
78581,85651,0,85651,0
78581,85651,0,85651,0
78581,85651,0,85651,0
78581,85651,0,85651,0
78581,85651,0,85651,0
78581,85651,0,85651,0
78581,85651,0,85651,0
78581,85651,0,85651,0
78581,85651,0,85651,0
78581,85651,0,85651,0
78581,85651,0,85651,0
78581,85651,0,85651,0
78581,85651,0,85651,0
78581,85651,0,85651,0
78581,85651,0,86096,0
78581,86096,0,86096,0
78581,86096,0,86096,0
78581,86096,0,86096,0
78581,86096,0,86096,0
78581,86096,0,86096,0
78581,86096,0,86096,0
78581,86096,0,86096,0
78581,86096,0,86096,0
78581,86096,0,86096,0
78581,86096,0,86096,0
78581,86096,0,86096,0
78581,86096,0,86096,0
78581,86096,0,86096,0
78581,86096,0,86096,0
78581,86096,0,86096,0
78581,86096,0,86096,0
78581,86096,0,86096,0
78581,86096,0,86096,0
78581,86096,0,86096,0
78581,86096,0,84627,1
78581,84627,1,84627,1
78581,84627,1,84627,1
78581,84627,1,84627,1
78581,84627,1,84627,1
78581,84627,1,84627,1
78581,84627,1,84627,1
78581,84627,1,84627,1
78581,84627,1,84627,1
78581,84627,1,84627,1
78581,84627,1,84627,1
78581,84627,1,84627,1
78581,84627,1,84627,1
78581,84627,1,84627,1
78581,84627,1,84627,1
78581,84627,1,84627,1
78581,84627,1,84627,1
78581,84627,1,84627,1
78581,84627,1,84627,1
78581,84627,1,84627,1
78581,84627,1,86122,1
78581,86122,1,86122,1
78581,86122,1,86122,1
78581,86122,1,86122,1
78581,86122,1,86122,1
78581,86122,1,86122,1
78581,86122,1,86122,1
78581,86122,1,86122,1
78581,86122,1,86122,1
78581,86122,1,86122,1
78581,86122,1,86122,1
78581,86122,1,86122,1
78581,86122,1,86122,1
78581,86122,1,86122,1
78581,86122,1,86122,1
78581,86122,1,86122,1
78581,86122,1,86122,1
78581,86122,1,86122,1
78581,86122,1,86122,1
78581,86122,1,86122,1
78581,86122,1,85663,1
78581,85663,1,85663,1
78581,85663,1,85663,1
78581,85663,1,85663,1
78581,85663,1,85663,1
78581,85663,1,85663,1
78581,85663,1,85663,1
78581,85663,1,85663,1
78581,85663,1,85663,1
78581,85663,1,85663,1
78581,85663,1,85663,1
78581,85663,1,85663,1
78581,85663,1,85663,1
78581,85663,1,85663,1
78581,85663,1,85663,1
78581,85663,1,85663,1
78581,85663,1,85663,1
78581,85663,1,85663,1
78581,85663,1,85663,1
78581,85663,1,85663,1
78581,85663,1,85108,1
78581,85108,1,85108,1
78581,85108,1,85108,1
78581,85108,1,85108,1
78581,85108,1,85108,1
78581,85108,1,85108,1
78581,85108,1,85108,1
78581,85108,1,85108,1
78581,85108,1,85108,1
78581,85108,1,85108,1
78581,85108,1,89270,1
78581,89270,1,89270,1
78581,89270,1,89270,1
78581,89270,1,89270,1
78581,89270,1,89270,1
78581,89270,1,89270,1
78581,89270,1,89270,1
78581,89270,1,89270,1
78581,89270,1,89270,1
78581,89270,1,89270,1
78581,89270,1,89270,1
78581,89270,1,89270,1
78581,89270,1,89270,1
78581,89270,1,89270,1
78581,89270,1,89270,1
78581,89270,1,89270,1
78581,89270,1,89270,1
78581,89270,1,89270,1
78581,89270,1,89270,1
78581,89270,1,89270,1
78581,89270,1,89270,1
78581,89270,1,89270,1
78581,89270,1,89270,1
78581,89270,1,89270,1
78581,89270,1,89270,1
78581,89270,1,89270,1
78581,89270,1,89270,1
78581,89270,1,89270,1
78581,89270,1,89270,1
78581,89270,1,89270,1
78581,89270,1,89270,1
78581,89270,1,89270,1
78581,89270,1,89270,1
78581,89270,1,89270,1
78581,89270,1,89270,1
78581,89270,1,89270,1
78581,89270,1,89270,1
78581,89270,1,89270,1
78581,89270,1,89270,1
78581,89270,1,89270,1
78581,89270,1,89270,1
78581,89270,1,89270,1
78581,89270,1,89270,1
78581,89270,1,89270,1
78581,89270,1,89270,1
78581,89270,1,89270,1
78581,89270,1,89270,1
78581,89270,1,89270,1
78581,89270,1,89270,1
78581,89270,1,89270,1
78581,89270,1,89270,1
78581,89270,1,89270,1
78581,89270,1,89270,1
78581,89270,1,89270,1
78581,89270,1,89270,1
78581,89270,1,89270,1
78581,89270,1,89270,1
78581,89270,1,89270,1
78581,89270,1,89270,1
78581,89270,1,89270,1
78581,89270,1,91346,1
78581,91346,1,91346,1
78581,91346,1,91346,1
78581,91346,1,91346,1
78581,91346,1,91346,1
78581,91346,1,91346,1
78581,91346,1,91346,1
78581,91346,1,91346,1
78581,91346,1,91346,1
78581,91346,1,91346,1
78581,91346,1,91346,1
78581,91346,1,91346,1
78581,91346,1,91346,1
78581,91346,1,91346,1
78581,91346,1,91346,1
78581,91346,1,91346,1
78581,91346,1,91346,1
78581,91346,1,91346,1
78581,91346,1,91387,1
78581,91387,1,91387,1
78581,91387,1,91387,1
78581,91387,1,91387,1
78581,91387,1,91387,1
78581,91387,1,91387,1
78581,91387,1,91387,1
78581,91387,1,91387,1
78581,91387,1,91387,1
78581,91387,1,91387,1
78581,91387,1,91387,1
78581,91387,1,91387,1
78581,91387,1,91387,1
78581,91387,1,91387,1
78581,91387,1,91387,1
78581,91387,1,91387,1
78581,91387,1,91387,1
78581,91387,1,91387,1
78581,91387,1,91387,1
78581,91387,1,91387,1
78581,91387,1,91387,1
78581,91387,1,91387,1
78581,91387,1,91387,1
78581,91387,1,91387,1
78581,91387,1,91387,1
78581,91387,1,91387,1
78581,91387,1,91387,1
78581,91387,1,91387,1
78581,91387,1,91387,1
78581,91387,1,91387,1
78581,91387,1,91387,1
78581,91387,1,91387,1
78581,91387,1,91387,1
78581,91387,1,91387,1
78581,91387,1,91387,1
78581,91387,1,91387,1
78581,91387,1,91387,1
78581,91387,1,91387,1
78581,91387,1,91387,1
78581,91387,1,91387,1
78581,91387,1,91387,1
78581,91387,1,91387,1
78581,91387,1,91387,1
78581,91387,1,91387,1
78581,91387,1,91387,1
78581,91387,1,91387,1
78581,91387,1,91387,1
78581,91387,1,91387,1
78581,91387,1,91387,1
78581,91387,1,91387,1
78581,91387,1,91387,1
78581,91387,1,91387,1
78581,91387,1,91387,1
78581,91387,1,91387,1
78581,91387,1,91387,1
78581,91387,1,91387,1
78581,91387,1,91387,1
78581,91387,1,91387,1
78581,91387,1,91387,1
78581,91387,1,91387,1
78581,91387,1,89765,1
78581,89765,1,89765,1
78581,89765,1,89765,1
78581,89765,1,89765,1
78581,89765,1,89765,1
78581,89765,1,89765,1
78581,89765,1,89765,1
78581,89765,1,89765,1
78581,89765,1,89765,1
78581,89765,1,89765,1
78581,89765,1,89765,1
78581,89765,1,89765,1
78581,89765,1,89765,1
78581,89765,1,89765,1
78581,89765,1,89765,1
78581,89765,1,89765,1
78581,89765,1,89765,1
78581,89765,1,89765,1
78581,89765,1,89765,1
78581,89765,1,89765,1
78581,89765,1,89765,1
78581,89765,1,89765,1
78581,89765,1,89765,1
78581,89765,1,89765,1
78581,89765,1,89765,1
78581,89765,1,89765,1
78581,89765,1,89765,1
78581,89765,1,89765,1
78581,89765,1,89765,1
78581,89765,1,89765,1
78581,89765,1,89765,1
78581,89765,1,89765,1
78581,89765,1,89765,1
78581,89765,1,89765,1
78581,89765,1,89765,1
78581,89765,1,89765,1
78581,89765,1,89765,1
78581,89765,1,89765,1
78581,89765,1,89765,1
78581,89765,1,89765,1
78581,89765,1,89765,1
78581,89765,1,89765,1
78581,89765,1,89765,1
78581,89765,1,89765,1
78581,89765,1,89765,1
78581,89765,1,89765,1
78581,89765,1,89765,1
78581,89765,1,89765,1
78581,89765,1,89765,1
78581,89765,1,89765,1
78581,89765,1,89765,1
78581,89765,1,89765,1
78581,89765,1,89765,1
78581,89765,1,89765,1
78581,89765,1,89765,1
78581,89765,1,89765,1
78581,89765,1,89765,1
78581,89765,1,89765,1
78581,89765,1,89765,1
78581,89765,1,89765,1
78581,89765,1,89765,1
78581,89765,1,89765,1
78581,89765,1,89769,1
78581,89769,1,89769,1
78581,89769,1,89769,1
78581,89769,1,89769,1
78581,89769,1,89769,1
78581,89769,1,89769,1
78581,89769,1,89769,1
78581,89769,1,89769,1
78581,89769,1,89769,1
78581,89769,1,89769,1
78581,89769,1,89769,1
78581,89769,1,89769,1
78581,89769,1,89769,1
78581,89769,1,89769,1
78581,89769,1,89769,1
78581,89769,1,89769,1
78581,89769,1,89769,1
78581,89769,1,89769,1
78581,89769,1,89769,1
78581,89769,1,89815,1
78581,89815,1,89815,1
78581,89815,1,89815,1
78581,89815,1,89815,1
78581,89815,1,89815,1
78581,89815,1,89815,1
78581,89815,1,89815,1
78581,89815,1,89815,1
78581,89815,1,89815,1
78581,89815,1,89815,1
78581,89815,1,89815,1
78581,89815,1,89815,1
78581,89815,1,89815,1
78581,89815,1,89815,1
78581,89815,1,89815,1
78581,89815,1,89815,1
78581,89815,1,89815,1
78581,89815,1,89815,1
78581,89815,1,89815,1
78581,89815,1,89815,1
78581,89815,1,89815,1
78581,89815,1,89815,1
78581,89815,1,89815,1
78581,89815,1,89815,1
78581,89815,1,89815,1
78581,89815,1,89815,1
78581,89815,1,89815,1
78581,89815,1,89815,1
78581,89815,1,89815,1
78581,89815,1,89815,1
78581,89815,1,89815,1
78581,89815,1,89815,1
78581,89815,1,89815,1
78581,89815,1,89815,1
78581,89815,1,89815,1
78581,89815,1,89815,1
78581,89815,1,89815,1
78581,89815,1,89815,1
78581,89815,1,89815,1
78581,89815,1,89815,1
78581,89815,1,89815,1
78581,89815,1,89815,1
78581,89815,1,89815,1
78581,89815,1,89815,1
78581,89815,1,89815,1
78581,89815,1,89815,1
78581,89815,1,89815,1
78581,89815,1,89815,1
78581,89815,1,89815,1
78581,89815,1,89815,1
78581,89815,1,89815,1
78581,89815,1,89815,1
78581,89815,1,89815,1
78581,89815,1,89815,1
78581,89815,1,89815,1
78581,89815,1,89815,1
78581,89815,1,89815,1
78581,89815,1,89815,1
78581,89815,1,89815,1
78581,89815,1,89815,1
78581,89815,1,89815,1
78581,89815,1,89815,1
78581,89815,1,174101,0
78581,174101,0,174086,1
78581,174086,1,174035,0
78581,174035,0,174031,1
78581,174031,1,174080,1
78581,174080,1,174090,1
78583,93147,1,93147,1
78583,93147,1,93147,1
78583,93147,1,93147,1
78583,93147,1,93147,1
78583,93147,1,93147,1
78583,93147,1,93147,1
78583,93147,1,93147,1
78583,93147,1,93147,1
78583,93147,1,93147,1
78583,93147,1,93147,1
78583,93147,1,93147,1
78583,93147,1,93147,1
78583,93147,1,93147,1
78583,93147,1,93147,1
78583,93147,1,93147,1
78583,93147,1,93147,1
78583,93147,1,93147,1
78583,93147,1,93147,1
78583,93147,1,93147,1
78583,93147,1,93147,1
78583,93147,1,93147,1
78583,93147,1,93147,1
78583,93147,1,93147,1
78583,93147,1,93147,1
78583,93147,1,93147,1
78583,93147,1,93170,1
78583,93170,1,93170,1
78583,93170,1,93170,1
78583,93170,1,93170,1
78583,93170,1,93170,1
78583,93170,1,93170,1
78583,93170,1,93170,1
78583,93170,1,93170,1
78583,93170,1,93170,1
78583,93170,1,93170,1
78583,93170,1,93170,1
78583,93170,1,93170,1
78583,93170,1,93170,1
78583,93170,1,93170,1
78583,93170,1,93170,1
78583,93170,1,93170,1
78583,93170,1,93170,1
78583,93170,1,93170,1
78583,93170,1,93170,1
78583,93170,1,93170,1
78583,93170,1,93170,1
78583,93170,1,93170,1
78583,93170,1,93170,1
78583,93170,1,93170,1
78583,93170,1,93170,1
78583,93170,1,93170,1
78583,93170,1,93156,0
78583,93156,0,93156,0
78583,93156,0,93156,0
78583,93156,0,93156,0
78583,93156,0,93156,0
78583,93156,0,93156,0
78583,93156,0,93156,0
78583,93156,0,93156,0
78583,93156,0,93156,0
78583,93156,0,93156,0
78583,93156,0,93156,0
78583,93156,0,93156,0
78583,93156,0,93172,1
78583,93172,1,93172,1
78583,93172,1,93172,1
78583,93172,1,93172,1
78583,93172,1,93172,1
78583,93172,1,93172,1
78583,93172,1,93172,1
78583,93172,1,93172,1
78583,93172,1,93172,1
78583,93172,1,93172,1
78583,93172,1,93172,1
78583,93172,1,93172,1
78583,93172,1,93160,1
78583,93160,1,93160,1
78583,93160,1,93160,1
78583,93160,1,93160,1
78583,93160,1,93160,1
78583,93160,1,93160,1
78583,93160,1,93160,1
78583,93160,1,93160,1
78583,93160,1,93160,1
78583,93160,1,93160,1
78583,93160,1,93160,1
78583,93160,1,93160,1
78583,93160,1,93158,1
78583,93158,1,93158,1
78583,93158,1,93158,1
78583,93158,1,93158,1
78583,93158,1,93158,1
78583,93158,1,93158,1
78583,93158,1,93158,1
78583,93158,1,93158,1
78583,93158,1,93158,1
78583,93158,1,93158,1
78583,93158,1,93158,1
78583,93158,1,93158,1
78583,93158,1,85103,1
78583,85103,1,85103,1
78583,85103,1,85103,1
78583,85103,1,85103,1
78583,85103,1,85103,1
78583,85103,1,85103,1
78583,85103,1,85103,1
78583,85103,1,85103,1
78583,85103,1,85103,1
78583,85103,1,85103,1
78583,85103,1,85103,1
78583,85103,1,85103,1
78583,85103,1,85103,1
78583,85103,1,85103,1
78583,85103,1,85103,1
78583,85103,1,85103,1
78583,85103,1,85103,1
78583,85103,1,85103,1
78583,85103,1,85103,1
78583,85103,1,85103,1
78583,85103,1,85658,1
78583,85658,1,85658,1
78583,85658,1,85658,1
78583,85658,1,85658,1
78583,85658,1,85658,1
78583,85658,1,85658,1
78583,85658,1,85658,1
78583,85658,1,85658,1
78583,85658,1,85658,1
78583,85658,1,85658,1
78583,85658,1,85658,1
78583,85658,1,85658,1
78583,85658,1,85658,1
78583,85658,1,85658,1
78583,85658,1,85658,1
78583,85658,1,85658,1
78583,85658,1,85658,1
78583,85658,1,85658,1
78583,85658,1,85658,1
78583,85658,1,85658,1
78583,85658,1,85089,0
78583,85089,0,85089,0
78583,85089,0,85089,0
78583,85089,0,85089,0
78583,85089,0,85089,0
78583,85089,0,85089,0
78583,85089,0,85089,0
78583,85089,0,85089,0
78583,85089,0,85089,0
78583,85089,0,85089,0
78583,85089,0,85653,1
78583,85653,1,85653,1
78583,85653,1,85653,1
78583,85653,1,85653,1
78583,85653,1,85653,1
78583,85653,1,85653,1
78583,85653,1,85653,1
78583,85653,1,85653,1
78583,85653,1,85653,1
78583,85653,1,85653,1
78583,85653,1,86123,0
78583,86123,0,86123,0
78583,86123,0,86123,0
78583,86123,0,86123,0
78583,86123,0,86123,0
78583,86123,0,86123,0
78583,86123,0,86123,0
78583,86123,0,86123,0
78583,86123,0,86123,0
78583,86123,0,86123,0
78583,86123,0,91350,1
78583,91350,1,91350,1
78583,91350,1,91350,1
78583,91350,1,91350,1
78583,91350,1,91350,1
78583,91350,1,91350,1
78583,91350,1,91350,1
78583,91350,1,91350,1
78583,91350,1,91350,1
78583,91350,1,91350,1
78583,91350,1,91350,1
78583,91350,1,91350,1
78583,91350,1,91350,1
78583,91350,1,91350,1
78583,91350,1,91350,1
78583,91350,1,91350,1
78583,91350,1,91350,1
78583,91350,1,91350,1
78583,91350,1,91350,1
78583,91350,1,91350,1
78583,91350,1,91350,1
78583,91350,1,89266,1
78583,89266,1,89266,1
78583,89266,1,89266,1
78583,89266,1,89266,1
78583,89266,1,89266,1
78583,89266,1,89266,1
78583,89266,1,89266,1
78583,89266,1,89266,1
78583,89266,1,89266,1
78583,89266,1,89266,1
78583,89266,1,89266,1
78583,89266,1,89266,1
78583,89266,1,89266,1
78583,89266,1,89266,1
78583,89266,1,89266,1
78583,89266,1,89266,1
78583,89266,1,89266,1
78583,89266,1,89266,1
78583,89266,1,91396,1
78583,91396,1,91396,1
78583,91396,1,91396,1
78583,91396,1,91396,1
78583,91396,1,91396,1
78583,91396,1,91396,1
78583,91396,1,91396,1
78583,91396,1,91396,1
78583,91396,1,91396,1
78583,91396,1,91396,1
78583,91396,1,91396,1
78583,91396,1,91396,1
78583,91396,1,91396,1
78583,91396,1,91396,1
78583,91396,1,91396,1
78583,91396,1,91396,1
78583,91396,1,91396,1
78583,91396,1,91396,1
78583,91396,1,91396,1
78583,91396,1,91396,1
78583,91396,1,91396,1
78583,91396,1,91396,1
78583,91396,1,91396,1
78583,91396,1,91396,1
78583,91396,1,91396,1
78583,91396,1,91396,1
78583,91396,1,91396,1
78583,91396,1,91396,1
78583,91396,1,91396,1
78583,91396,1,91396,1
78583,91396,1,91396,1
78583,91396,1,91396,1
78583,91396,1,91396,1
78583,91396,1,91396,1
78583,91396,1,91396,1
78583,91396,1,91396,1
78583,91396,1,91396,1
78583,91396,1,91396,1
78583,91396,1,91396,1
78583,91396,1,91396,1
78583,91396,1,91396,1
78583,91396,1,91396,1
78583,91396,1,91396,1
78583,91396,1,91396,1
78583,91396,1,91396,1
78583,91396,1,91396,1
78583,91396,1,91396,1
78583,91396,1,91396,1
78583,91396,1,91396,1
78583,91396,1,91396,1
78583,91396,1,91396,1
78583,91396,1,91396,1
78583,91396,1,91396,1
78583,91396,1,91396,1
78583,91396,1,91396,1
78583,91396,1,91396,1
78583,91396,1,91396,1
78583,91396,1,91396,1
78583,91396,1,91396,1
78583,91396,1,91396,1
78583,91396,1,89273,1
78583,89273,1,89273,1
78583,89273,1,89273,1
78583,89273,1,89273,1
78583,89273,1,89273,1
78583,89273,1,89273,1
78583,89273,1,89273,1
78583,89273,1,89273,1
78583,89273,1,89273,1
78583,89273,1,89273,1
78583,89273,1,89273,1
78583,89273,1,89273,1
78583,89273,1,89273,1
78583,89273,1,89273,1
78583,89273,1,89273,1
78583,89273,1,89273,1
78583,89273,1,89273,1
78583,89273,1,89273,1
78583,89273,1,89273,1
78583,89273,1,89273,1
78583,89273,1,89273,1
78583,89273,1,89273,1
78583,89273,1,89273,1
78583,89273,1,89273,1
78583,89273,1,89273,1
78583,89273,1,89273,1
78583,89273,1,89273,1
78583,89273,1,89273,1
78583,89273,1,89273,1
78583,89273,1,89273,1
78583,89273,1,89273,1
78583,89273,1,89273,1
78583,89273,1,89273,1
78583,89273,1,89273,1
78583,89273,1,89273,1
78583,89273,1,89273,1
78583,89273,1,89273,1
78583,89273,1,89273,1
78583,89273,1,89273,1
78583,89273,1,89273,1
78583,89273,1,89273,1
78583,89273,1,89273,1
78583,89273,1,89273,1
78583,89273,1,89273,1
78583,89273,1,89273,1
78583,89273,1,89273,1
78583,89273,1,89273,1
78583,89273,1,89273,1
78583,89273,1,89273,1
78583,89273,1,89273,1
78583,89273,1,89273,1
78583,89273,1,89273,1
78583,89273,1,89273,1
78583,89273,1,89273,1
78583,89273,1,89273,1
78583,89273,1,89273,1
78583,89273,1,89273,1
78583,89273,1,89273,1
78583,89273,1,89273,1
78583,89273,1,89273,1
78583,89273,1,89834,1
78583,89834,1,89834,1
78583,89834,1,89834,1
78583,89834,1,89834,1
78583,89834,1,89834,1
78583,89834,1,89834,1
78583,89834,1,89834,1
78583,89834,1,89834,1
78583,89834,1,89834,1
78583,89834,1,89834,1
78583,89834,1,89834,1
78583,89834,1,89834,1
78583,89834,1,89834,1
78583,89834,1,89834,1
78583,89834,1,89834,1
78583,89834,1,89834,1
78583,89834,1,89834,1
78583,89834,1,89834,1
78583,89834,1,89834,1
78583,89834,1,89834,1
78583,89834,1,89834,1
78583,89834,1,89834,1
78583,89834,1,89834,1
78583,89834,1,89834,1
78583,89834,1,89834,1
78583,89834,1,89834,1
78583,89834,1,89834,1
78583,89834,1,89834,1
78583,89834,1,89834,1
78583,89834,1,89834,1
78583,89834,1,89834,1
78583,89834,1,89834,1
78583,89834,1,89834,1
78583,89834,1,89834,1
78583,89834,1,89834,1
78583,89834,1,89834,1
78583,89834,1,89834,1
78583,89834,1,89834,1
78583,89834,1,89834,1
78583,89834,1,89834,1
78583,89834,1,89834,1
78583,89834,1,89834,1
78583,89834,1,89834,1
78583,89834,1,89834,1
78583,89834,1,89834,1
78583,89834,1,89834,1
78583,89834,1,89834,1
78583,89834,1,89834,1
78583,89834,1,89834,1
78583,89834,1,89834,1
78583,89834,1,89834,1
78583,89834,1,89834,1
78583,89834,1,89834,1
78583,89834,1,89834,1
78583,89834,1,89834,1
78583,89834,1,89834,1
78583,89834,1,89834,1
78583,89834,1,89834,1
78583,89834,1,89834,1
78583,89834,1,89834,1
78583,89834,1,89834,1
78583,89834,1,89834,1
78583,89834,1,89818,1
78583,89818,1,89818,1
78583,89818,1,89818,1
78583,89818,1,89818,1
78583,89818,1,89818,1
78583,89818,1,89818,1
78583,89818,1,89818,1
78583,89818,1,89818,1
78583,89818,1,89818,1
78583,89818,1,89818,1
78583,89818,1,89818,1
78583,89818,1,89818,1
78583,89818,1,89818,1
78583,89818,1,89818,1
78583,89818,1,89818,1
78583,89818,1,89818,1
78583,89818,1,89818,1
78583,89818,1,89818,1
78583,89818,1,89818,1
78583,89818,1,89818,1
78583,89818,1,89818,1
78583,89818,1,89818,1
78583,89818,1,89818,1
78583,89818,1,89818,1
78583,89818,1,89818,1
78583,89818,1,89818,1
78583,89818,1,89818,1
78583,89818,1,89818,1
78583,89818,1,89818,1
78583,89818,1,89818,1
78583,89818,1,89818,1
78583,89818,1,89818,1
78583,89818,1,89818,1
78583,89818,1,89818,1
78583,89818,1,89818,1
78583,89818,1,89818,1
78583,89818,1,89818,1
78583,89818,1,89818,1
78583,89818,1,89818,1
78583,89818,1,89818,1
78583,89818,1,89818,1
78583,89818,1,89818,1
78583,89818,1,89818,1
78583,89818,1,89818,1
78583,89818,1,89818,1
78583,89818,1,89818,1
78583,89818,1,89818,1
78583,89818,1,89818,1
78583,89818,1,89818,1
78583,89818,1,89818,1
78583,89818,1,89818,1
78583,89818,1,89818,1
78583,89818,1,89818,1
78583,89818,1,89818,1
78583,89818,1,89818,1
78583,89818,1,89818,1
78583,89818,1,89818,1
78583,89818,1,89818,1
78583,89818,1,89818,1
78583,89818,1,89818,1
78583,89818,1,89818,1
78583,89818,1,89818,1
78583,89818,1,89820,1
78583,89820,1,89820,1
78583,89820,1,89820,1
78583,89820,1,89820,1
78583,89820,1,89820,1
78583,89820,1,89820,1
78583,89820,1,89820,1
78583,89820,1,89820,1
78583,89820,1,89820,1
78583,89820,1,89820,1
78583,89820,1,89820,1
78583,89820,1,89820,1
78583,89820,1,89820,1
78583,89820,1,89820,1
78583,89820,1,89820,1
78583,89820,1,89820,1
78583,89820,1,89820,1
78583,89820,1,89820,1
78583,89820,1,89820,1
78583,89820,1,89834,1
78583,89834,1,89834,1
78583,89834,1,89834,1
78583,89834,1,89834,1
78583,89834,1,89834,1
78583,89834,1,89834,1
78583,89834,1,89834,1
78583,89834,1,89834,1
78583,89834,1,89834,1
78583,89834,1,89834,1
78583,89834,1,89834,1
78583,89834,1,89834,1
78583,89834,1,89834,1
78583,89834,1,89834,1
78583,89834,1,89834,1
78583,89834,1,89834,1
78583,89834,1,89834,1
78583,89834,1,89834,1
78583,89834,1,89834,1
78583,89834,1,91653,1
78583,91653,1,91653,1
78583,91653,1,91653,1
78583,91653,1,91653,1
78583,91653,1,91653,1
78583,91653,1,91653,1
78583,91653,1,91653,1
78583,91653,1,91653,1
78583,91653,1,91653,1
78583,91653,1,91653,1
78583,91653,1,91653,1
78583,91653,1,91653,1
78583,91653,1,91653,1
78583,91653,1,91653,1
78583,91653,1,91653,1
78583,91653,1,91653,1
78583,91653,1,91653,1
78583,91653,1,91653,1
78583,91653,1,91653,1
78583,91653,1,91653,1
78583,91653,1,91667,0
78583,91667,0,91667,0
78583,91667,0,91667,0
78583,91667,0,91667,0
78583,91667,0,91667,0
78583,91667,0,91667,0
78583,91667,0,91667,0
78583,91667,0,91667,0
78583,91667,0,91667,0
78583,91667,0,91667,0
78583,91667,0,91667,0
78583,91667,0,91667,0
78583,91667,0,91667,0
78583,91667,0,91667,0
78583,91667,0,91667,0
78583,91667,0,91667,0
78583,91667,0,91667,0
78583,91667,0,91667,0
78583,91667,0,91667,0
78583,91667,0,91663,1
78583,91663,1,91663,1
78583,91663,1,91663,1
78583,91663,1,91663,1
78583,91663,1,91663,1
78583,91663,1,91663,1
78583,91663,1,91663,1
78583,91663,1,91663,1
78583,91663,1,91663,1
78583,91663,1,91663,1
78583,91663,1,91663,1
78583,91663,1,91663,1
78583,91663,1,91663,1
78583,91663,1,91663,1
78583,91663,1,91663,1
78583,91663,1,91663,1
78583,91663,1,91663,1
78583,91663,1,91663,1
78583,91663,1,91663,1
78587,93232,1,93232,1
78587,93232,1,93232,1
78587,93232,1,93232,1
78587,93232,1,93232,1
78587,93232,1,93232,1
78587,93232,1,93232,1
78587,93232,1,93232,1
78587,93232,1,93232,1
78587,93232,1,93232,1
78587,93232,1,93232,1
78587,93232,1,93232,1
78587,93232,1,93232,1
78587,93232,1,93232,1
78587,93232,1,93232,1
78587,93232,1,93232,1
78587,93232,1,93232,1
78587,93232,1,93232,1
78587,93232,1,93232,1
78587,93232,1,93232,1
78587,93232,1,93232,1
78587,93232,1,93232,1
78587,93232,1,93232,1
78587,93232,1,93232,1
78587,93232,1,93232,1
78587,93232,1,93232,1
78587,93232,1,93244,1
78587,93244,1,93244,1
78587,93244,1,93244,1
78587,93244,1,93244,1
78587,93244,1,93244,1
78587,93244,1,93244,1
78587,93244,1,93244,1
78587,93244,1,93244,1
78587,93244,1,93244,1
78587,93244,1,93244,1
78587,93244,1,93244,1
78587,93244,1,93244,1
78587,93244,1,93244,1
78587,93244,1,93244,1
78587,93244,1,93244,1
78587,93244,1,93244,1
78587,93244,1,93244,1
78587,93244,1,93244,1
78587,93244,1,93244,1
78587,93244,1,93244,1
78587,93244,1,93244,1
78587,93244,1,93244,1
78587,93244,1,93244,1
78587,93244,1,93244,1
78587,93244,1,93244,1
78587,93244,1,93244,1
78587,93244,1,93147,0
78587,93147,0,93147,0
78587,93147,0,93147,0
78587,93147,0,93147,0
78587,93147,0,93147,0
78587,93147,0,93147,0
78587,93147,0,93147,0
78587,93147,0,93147,0
78587,93147,0,93147,0
78587,93147,0,93147,0
78587,93147,0,93147,0
78587,93147,0,93147,0
78587,93147,0,93186,1
78587,93186,1,93186,1
78587,93186,1,93186,1
78587,93186,1,93186,1
78587,93186,1,93186,1
78587,93186,1,93186,1
78587,93186,1,93186,1
78587,93186,1,93186,1
78587,93186,1,93186,1
78587,93186,1,93186,1
78587,93186,1,93186,1
78587,93186,1,93186,1
78587,93186,1,93208,1
78587,93208,1,93208,1
78587,93208,1,93208,1
78587,93208,1,93208,1
78587,93208,1,93208,1
78587,93208,1,93208,1
78587,93208,1,93208,1
78587,93208,1,93208,1
78587,93208,1,93208,1
78587,93208,1,93208,1
78587,93208,1,93208,1
78587,93208,1,93208,1
78587,93208,1,93176,1
78587,93176,1,93176,1
78587,93176,1,93176,1
78587,93176,1,93176,1
78587,93176,1,93176,1
78587,93176,1,93176,1
78587,93176,1,93176,1
78587,93176,1,93176,1
78587,93176,1,93176,1
78587,93176,1,93176,1
78587,93176,1,93176,1
78587,93176,1,93176,1
78587,93176,1,93189,1
78587,93189,1,93189,1
78587,93189,1,93189,1
78587,93189,1,93189,1
78587,93189,1,93189,1
78587,93189,1,93189,1
78587,93189,1,93189,1
78587,93189,1,93189,1
78587,93189,1,93189,1
78587,93189,1,93189,1
78587,93189,1,93189,1
78587,93189,1,93189,1
78587,93189,1,85671,1
78587,85671,1,85671,1
78587,85671,1,85671,1
78587,85671,1,85671,1
78587,85671,1,85671,1
78587,85671,1,85671,1
78587,85671,1,85671,1
78587,85671,1,85671,1
78587,85671,1,85671,1
78587,85671,1,85671,1
78587,85671,1,85671,1
78587,85671,1,85671,1
78587,85671,1,85671,1
78587,85671,1,85671,1
78587,85671,1,85671,1
78587,85671,1,85671,1
78587,85671,1,85671,1
78587,85671,1,85671,1
78587,85671,1,85671,1
78587,85671,1,85671,1
78587,85671,1,85095,1
78587,85095,1,85095,1
78587,85095,1,85095,1
78587,85095,1,85095,1
78587,85095,1,85095,1
78587,85095,1,85095,1
78587,85095,1,85095,1
78587,85095,1,85095,1
78587,85095,1,85095,1
78587,85095,1,85095,1
78587,85095,1,85095,1
78587,85095,1,85095,1
78587,85095,1,85095,1
78587,85095,1,85095,1
78587,85095,1,85095,1
78587,85095,1,85095,1
78587,85095,1,85095,1
78587,85095,1,85095,1
78587,85095,1,85095,1
78587,85095,1,85095,1
78587,85095,1,84628,0
78587,84628,0,84628,0
78587,84628,0,84628,0
78587,84628,0,84628,0
78587,84628,0,84628,0
78587,84628,0,84628,0
78587,84628,0,84628,0
78587,84628,0,84628,0
78587,84628,0,84628,0
78587,84628,0,84628,0
78587,84628,0,86098,1
78587,86098,1,86098,1
78587,86098,1,86098,1
78587,86098,1,86098,1
78587,86098,1,86098,1
78587,86098,1,86098,1
78587,86098,1,86098,1
78587,86098,1,86098,1
78587,86098,1,86098,1
78587,86098,1,86098,1
78587,86098,1,86122,1
78587,86122,1,86122,1
78587,86122,1,86122,1
78587,86122,1,86122,1
78587,86122,1,86122,1
78587,86122,1,86122,1
78587,86122,1,86122,1
78587,86122,1,86122,1
78587,86122,1,86122,1
78587,86122,1,86122,1
78587,86122,1,84701,1
78587,84701,1,84701,1
78587,84701,1,84701,1
78587,84701,1,84701,1
78587,84701,1,84701,1
78587,84701,1,84701,1
78587,84701,1,84701,1
78587,84701,1,84701,1
78587,84701,1,84701,1
78587,84701,1,84701,1
78587,84701,1,91365,1
78587,91365,1,91365,1
78587,91365,1,91365,1
78587,91365,1,91365,1
78587,91365,1,91365,1
78587,91365,1,91365,1
78587,91365,1,91365,1
78587,91365,1,91365,1
78587,91365,1,91365,1
78587,91365,1,91365,1
78587,91365,1,91365,1
78587,91365,1,91365,1
78587,91365,1,91365,1
78587,91365,1,91365,1
78587,91365,1,91365,1
78587,91365,1,91365,1
78587,91365,1,91365,1
78587,91365,1,91365,1
78587,91365,1,91365,1
78587,91365,1,91365,1
78587,91365,1,91365,1
78587,91365,1,91365,1
78587,91365,1,91365,1
78587,91365,1,91365,1
78587,91365,1,91365,1
78587,91365,1,91365,1
78587,91365,1,91365,1
78587,91365,1,91365,1
78587,91365,1,91365,1
78587,91365,1,91365,1
78587,91365,1,91365,1
78587,91365,1,91365,1
78587,91365,1,91365,1
78587,91365,1,91365,1
78587,91365,1,91365,1
78587,91365,1,91365,1
78587,91365,1,91365,1
78587,91365,1,91365,1
78587,91365,1,91365,1
78587,91365,1,91365,1
78587,91365,1,91365,1
78587,91365,1,91365,1
78587,91365,1,91365,1
78587,91365,1,91365,1
78587,91365,1,91365,1
78587,91365,1,91365,1
78587,91365,1,91365,1
78587,91365,1,91365,1
78587,91365,1,91365,1
78587,91365,1,91365,1
78587,91365,1,91365,1
78587,91365,1,91365,1
78587,91365,1,91365,1
78587,91365,1,91365,1
78587,91365,1,91365,1
78587,91365,1,91365,1
78587,91365,1,91365,1
78587,91365,1,91365,1
78587,91365,1,91365,1
78587,91365,1,91365,1
78587,91365,1,91347,1
78587,91347,1,91347,1
78587,91347,1,91347,1
78587,91347,1,91347,1
78587,91347,1,91347,1
78587,91347,1,91347,1
78587,91347,1,91347,1
78587,91347,1,91347,1
78587,91347,1,91347,1
78587,91347,1,91347,1
78587,91347,1,91347,1
78587,91347,1,91347,1
78587,91347,1,91347,1
78587,91347,1,91347,1
78587,91347,1,91347,1
78587,91347,1,91347,1
78587,91347,1,91347,1
78587,91347,1,91347,1
78587,91347,1,91347,1
78587,91347,1,91347,1
78587,91347,1,91347,1
78587,91347,1,91347,1
78587,91347,1,91347,1
78587,91347,1,91347,1
78587,91347,1,91347,1
78587,91347,1,91347,1
78587,91347,1,91347,1
78587,91347,1,91347,1
78587,91347,1,91347,1
78587,91347,1,91347,1
78587,91347,1,91347,1
78587,91347,1,91347,1
78587,91347,1,91347,1
78587,91347,1,91347,1
78587,91347,1,91347,1
78587,91347,1,91347,1
78587,91347,1,91347,1
78587,91347,1,91347,1
78587,91347,1,91347,1
78587,91347,1,91347,1
78587,91347,1,91347,1
78587,91347,1,91347,1
78587,91347,1,91347,1
78587,91347,1,91347,1
78587,91347,1,91347,1
78587,91347,1,91347,1
78587,91347,1,91347,1
78587,91347,1,91347,1
78587,91347,1,91347,1
78587,91347,1,91347,1
78587,91347,1,91347,1
78587,91347,1,91347,1
78587,91347,1,91347,1
78587,91347,1,91347,1
78587,91347,1,91347,1
78587,91347,1,91347,1
78587,91347,1,91347,1
78587,91347,1,91347,1
78587,91347,1,91347,1
78587,91347,1,91347,1
78587,91347,1,91357,1
78587,91357,1,91357,1
78587,91357,1,91357,1
78587,91357,1,91357,1
78587,91357,1,91357,1
78587,91357,1,91357,1
78587,91357,1,91357,1
78587,91357,1,91357,1
78587,91357,1,91357,1
78587,91357,1,91357,1
78587,91357,1,91357,1
78587,91357,1,91357,1
78587,91357,1,91357,1
78587,91357,1,91357,1
78587,91357,1,91357,1
78587,91357,1,91357,1
78587,91357,1,91357,1
78587,91357,1,91357,1
78587,91357,1,91357,1
78587,91357,1,91357,1
78587,91357,1,91357,1
78587,91357,1,91357,1
78587,91357,1,91357,1
78587,91357,1,91357,1
78587,91357,1,91357,1
78587,91357,1,91357,1
78587,91357,1,91357,1
78587,91357,1,91357,1
78587,91357,1,91357,1
78587,91357,1,91357,1
78587,91357,1,91357,1
78587,91357,1,91357,1
78587,91357,1,91357,1
78587,91357,1,91357,1
78587,91357,1,91357,1
78587,91357,1,91357,1
78587,91357,1,91357,1
78587,91357,1,91357,1
78587,91357,1,91357,1
78587,91357,1,91357,1
78587,91357,1,91357,1
78587,91357,1,91357,1
78587,91357,1,91357,1
78587,91357,1,91357,1
78587,91357,1,91357,1
78587,91357,1,91357,1
78587,91357,1,91357,1
78587,91357,1,91357,1
78587,91357,1,91357,1
78587,91357,1,91357,1
78587,91357,1,91357,1
78587,91357,1,91357,1
78587,91357,1,91357,1
78587,91357,1,91357,1
78587,91357,1,91357,1
78587,91357,1,91357,1
78587,91357,1,91357,1
78587,91357,1,91357,1
78587,91357,1,91357,1
78587,91357,1,91357,1
78587,91357,1,91349,1
78587,91349,1,91349,1
78587,91349,1,91349,1
78587,91349,1,91349,1
78587,91349,1,91349,1
78587,91349,1,91349,1
78587,91349,1,91349,1
78587,91349,1,91349,1
78587,91349,1,91349,1
78587,91349,1,91349,1
78587,91349,1,91349,1
78587,91349,1,91349,1
78587,91349,1,91349,1
78587,91349,1,91349,1
78587,91349,1,91349,1
78587,91349,1,91349,1
78587,91349,1,91349,1
78587,91349,1,91349,1
78587,91349,1,91349,1
78587,91349,1,91349,1
78587,91349,1,91349,1
78587,91349,1,91349,1
78587,91349,1,91349,1
78587,91349,1,91349,1
78587,91349,1,91349,1
78587,91349,1,91349,1
78587,91349,1,91349,1
78587,91349,1,91349,1
78587,91349,1,91349,1
78587,91349,1,91349,1
78587,91349,1,91349,1
78587,91349,1,91349,1
78587,91349,1,91349,1
78587,91349,1,91349,1
78587,91349,1,91349,1
78587,91349,1,91349,1
78587,91349,1,91349,1
78587,91349,1,91349,1
78587,91349,1,91349,1
78587,91349,1,91349,1
78587,91349,1,91349,1
78587,91349,1,91349,1
78587,91349,1,91349,1
78587,91349,1,91349,1
78587,91349,1,91349,1
78587,91349,1,91349,1
78587,91349,1,91349,1
78587,91349,1,91349,1
78587,91349,1,91349,1
78587,91349,1,91349,1
78587,91349,1,91349,1
78587,91349,1,91349,1
78587,91349,1,91349,1
78587,91349,1,91349,1
78587,91349,1,91349,1
78587,91349,1,91349,1
78587,91349,1,91349,1
78587,91349,1,91349,1
78587,91349,1,91349,1
78587,91349,1,91349,1
78587,91349,1,89291,0
78587,89291,0,89291,0
78587,89291,0,89291,0
78587,89291,0,89291,0
78587,89291,0,89291,0
78587,89291,0,89291,0
78587,89291,0,89291,0
78587,89291,0,89291,0
78587,89291,0,89291,0
78587,89291,0,89291,0
78587,89291,0,89291,0
78587,89291,0,89291,0
78587,89291,0,89291,0
78587,89291,0,89291,0
78587,89291,0,89291,0
78587,89291,0,89291,0
78587,89291,0,89291,0
78587,89291,0,89291,0
78587,89291,0,89291,0
78587,89291,0,89291,0
78587,89291,0,89291,0
78587,89291,0,89291,0
78587,89291,0,89291,0
78587,89291,0,89291,0
78587,89291,0,89291,0
78587,89291,0,89291,0
78587,89291,0,89291,0
78587,89291,0,89291,0
78587,89291,0,89291,0
78587,89291,0,89291,0
78587,89291,0,89291,0
78587,89291,0,89291,0
78587,89291,0,89291,0
78587,89291,0,89291,0
78587,89291,0,89291,0
78587,89291,0,89291,0
78587,89291,0,89291,0
78587,89291,0,89291,0
78587,89291,0,89291,0
78587,89291,0,89291,0
78587,89291,0,89291,0
78587,89291,0,89291,0
78587,89291,0,89291,0
78587,89291,0,89291,0
78587,89291,0,89291,0
78587,89291,0,89291,0
78587,89291,0,89291,0
78587,89291,0,89291,0
78587,89291,0,89291,0
78587,89291,0,89291,0
78587,89291,0,89291,0
78587,89291,0,89291,0
78587,89291,0,89291,0
78587,89291,0,89291,0
78587,89291,0,89291,0
78587,89291,0,89291,0
78587,89291,0,89291,0
78587,89291,0,89291,0
78587,89291,0,89291,0
78587,89291,0,89291,0
78587,89291,0,89276,0
78587,89276,0,89276,0
78587,89276,0,89276,0
78587,89276,0,89276,0
78587,89276,0,89276,0
78587,89276,0,89276,0
78587,89276,0,89276,0
78587,89276,0,89276,0
78587,89276,0,89276,0
78587,89276,0,89276,0
78587,89276,0,89276,0
78587,89276,0,89276,0
78587,89276,0,89276,0
78587,89276,0,89276,0
78587,89276,0,89276,0
78587,89276,0,89276,0
78587,89276,0,89276,0
78587,89276,0,89276,0
78587,89276,0,89276,0
78587,89276,0,89276,0
78587,89276,0,89276,0
78587,89276,0,89276,0
78587,89276,0,89276,0
78587,89276,0,89276,0
78587,89276,0,89276,0
78587,89276,0,89276,0
78587,89276,0,89276,0
78587,89276,0,89276,0
78587,89276,0,89276,0
78587,89276,0,89276,0
78587,89276,0,89276,0
78587,89276,0,89276,0
78587,89276,0,89276,0
78587,89276,0,89276,0
78587,89276,0,89276,0
78587,89276,0,89276,0
78587,89276,0,89276,0
78587,89276,0,89276,0
78587,89276,0,89276,0
78587,89276,0,89276,0
78587,89276,0,89276,0
78587,89276,0,89276,0
78587,89276,0,89276,0
78587,89276,0,89276,0
78587,89276,0,89276,0
78587,89276,0,89276,0
78587,89276,0,89276,0
78587,89276,0,89276,0
78587,89276,0,89276,0
78587,89276,0,89276,0
78587,89276,0,89276,0
78587,89276,0,89276,0
78587,89276,0,89276,0
78587,89276,0,89276,0
78587,89276,0,89276,0
78587,89276,0,89276,0
78587,89276,0,89276,0
78587,89276,0,89276,0
78587,89276,0,89276,0
78587,89276,0,89276,0
78587,89276,0,91388,1
78587,91388,1,91388,1
78587,91388,1,91388,1
78587,91388,1,91388,1
78587,91388,1,91388,1
78587,91388,1,91388,1
78587,91388,1,91388,1
78587,91388,1,91388,1
78587,91388,1,91388,1
78587,91388,1,91388,1
78587,91388,1,91388,1
78587,91388,1,91388,1
78587,91388,1,91388,1
78587,91388,1,91388,1
78587,91388,1,91388,1
78587,91388,1,91388,1
78587,91388,1,91388,1
78587,91388,1,91388,1
78587,91388,1,91388,1
78587,91388,1,91388,1
78587,91388,1,91388,1
78587,91388,1,91388,1
78587,91388,1,91388,1
78587,91388,1,91388,1
78587,91388,1,91388,1
78587,91388,1,91388,1
78587,91388,1,91388,1
78587,91388,1,91388,1
78587,91388,1,91388,1
78587,91388,1,91388,1
78587,91388,1,91388,1
78587,91388,1,91388,1
78587,91388,1,91388,1
78587,91388,1,91388,1
78587,91388,1,91388,1
78587,91388,1,91388,1
78587,91388,1,91388,1
78587,91388,1,91388,1
78587,91388,1,91388,1
78587,91388,1,91388,1
78587,91388,1,91388,1
78587,91388,1,91388,1
78587,91388,1,91388,1
78587,91388,1,91388,1
78587,91388,1,91388,1
78587,91388,1,91388,1
78587,91388,1,91388,1
78587,91388,1,91388,1
78587,91388,1,91388,1
78587,91388,1,91388,1
78587,91388,1,91388,1
78587,91388,1,91388,1
78587,91388,1,91388,1
78587,91388,1,91388,1
78587,91388,1,91388,1
78587,91388,1,91388,1
78587,91388,1,91388,1
78587,91388,1,91388,1
78587,91388,1,91388,1
78587,91388,1,91388,1
78587,91388,1,89279,1
78587,89279,1,89279,1
78587,89279,1,89279,1
78587,89279,1,89279,1
78587,89279,1,89279,1
78587,89279,1,89279,1
78587,89279,1,89279,1
78587,89279,1,89279,1
78587,89279,1,89279,1
78587,89279,1,89279,1
78587,89279,1,89279,1
78587,89279,1,89279,1
78587,89279,1,89279,1
78587,89279,1,89279,1
78587,89279,1,89279,1
78587,89279,1,89279,1
78587,89279,1,89279,1
78587,89279,1,89279,1
78587,89279,1,89279,1
78587,89279,1,89279,1
78587,89279,1,89279,1
78587,89279,1,89276,1
78587,89276,1,89276,1
78587,89276,1,89276,1
78587,89276,1,89276,1
78587,89276,1,89276,1
78587,89276,1,89276,1
78587,89276,1,89276,1
78587,89276,1,89276,1
78587,89276,1,89276,1
78587,89276,1,89276,1
78587,89276,1,89276,1
78587,89276,1,89276,1
78587,89276,1,89276,1
78587,89276,1,89276,1
78587,89276,1,89276,1
78587,89276,1,89276,1
78587,89276,1,89276,1
78587,89276,1,89276,1
78587,89276,1,89835,1
78587,89835,1,89835,1
78587,89835,1,89835,1
78587,89835,1,89835,1
78587,89835,1,89835,1
78587,89835,1,89835,1
78587,89835,1,89835,1
78587,89835,1,89835,1
78587,89835,1,89835,1
78587,89835,1,89835,1
78587,89835,1,89835,1
78587,89835,1,89835,1
78587,89835,1,89835,1
78587,89835,1,89835,1
78587,89835,1,89835,1
78587,89835,1,89835,1
78587,89835,1,89835,1
78587,89835,1,89835,1
78587,89835,1,89835,1
78587,89835,1,89835,1
78587,89835,1,89835,1
78587,89835,1,89835,1
78587,89835,1,89835,1
78587,89835,1,89835,1
78587,89835,1,89835,1
78587,89835,1,89835,1
78587,89835,1,89835,1
78587,89835,1,89835,1
78587,89835,1,89835,1
78587,89835,1,89835,1
78587,89835,1,89835,1
78587,89835,1,89835,1
78587,89835,1,89835,1
78587,89835,1,89835,1
78587,89835,1,89835,1
78587,89835,1,89835,1
78587,89835,1,89835,1
78587,89835,1,89835,1
78587,89835,1,89835,1
78587,89835,1,89835,1
78587,89835,1,89835,1
78587,89835,1,89835,1
78587,89835,1,89835,1
78587,89835,1,89835,1
78587,89835,1,89835,1
78587,89835,1,89835,1
78587,89835,1,89835,1
78587,89835,1,89835,1
78587,89835,1,89835,1
78587,89835,1,89835,1
78587,89835,1,89835,1
78587,89835,1,89835,1
78587,89835,1,89835,1
78587,89835,1,89835,1
78587,89835,1,89835,1
78587,89835,1,89835,1
78587,89835,1,89835,1
78587,89835,1,89835,1
78587,89835,1,89835,1
78587,89835,1,89835,1
78587,89835,1,89835,1
78587,89835,1,89835,1
78587,89835,1,89793,1
78587,89793,1,89793,1
78587,89793,1,89793,1
78587,89793,1,89793,1
78587,89793,1,89793,1
78587,89793,1,89793,1
78587,89793,1,89793,1
78587,89793,1,89793,1
78587,89793,1,89793,1
78587,89793,1,89793,1
78587,89793,1,89793,1
78587,89793,1,89793,1
78587,89793,1,89793,1
78587,89793,1,89793,1
78587,89793,1,89793,1
78587,89793,1,89793,1
78587,89793,1,89793,1
78587,89793,1,89793,1
78587,89793,1,89793,1
78587,89793,1,89793,1
78587,89793,1,89793,1
78587,89793,1,89793,1
78587,89793,1,89793,1
78587,89793,1,89793,1
78587,89793,1,89793,1
78587,89793,1,89793,1
78587,89793,1,89793,1
78587,89793,1,89793,1
78587,89793,1,89793,1
78587,89793,1,89793,1
78587,89793,1,89793,1
78587,89793,1,89793,1
78587,89793,1,89793,1
78587,89793,1,89793,1
78587,89793,1,89793,1
78587,89793,1,89793,1
78587,89793,1,89793,1
78587,89793,1,89793,1
78587,89793,1,89793,1
78587,89793,1,89793,1
78587,89793,1,89793,1
78587,89793,1,89793,1
78587,89793,1,89793,1
78587,89793,1,89793,1
78587,89793,1,89793,1
78587,89793,1,89793,1
78587,89793,1,89793,1
78587,89793,1,89793,1
78587,89793,1,89793,1
78587,89793,1,89793,1
78587,89793,1,89793,1
78587,89793,1,89793,1
78587,89793,1,89793,1
78587,89793,1,89793,1
78587,89793,1,89793,1
78587,89793,1,89793,1
78587,89793,1,89793,1
78587,89793,1,89793,1
78587,89793,1,89793,1
78587,89793,1,89793,1
78587,89793,1,89793,1
78587,89793,1,89793,1
78587,89793,1,89817,1
78587,89817,1,89817,1
78587,89817,1,89817,1
78587,89817,1,89817,1
78587,89817,1,89817,1
78587,89817,1,89817,1
78587,89817,1,89817,1
78587,89817,1,89817,1
78587,89817,1,89817,1
78587,89817,1,89817,1
78587,89817,1,89817,1
78587,89817,1,89817,1
78587,89817,1,89817,1
78587,89817,1,89817,1
78587,89817,1,89817,1
78587,89817,1,89817,1
78587,89817,1,89817,1
78587,89817,1,89817,1
78587,89817,1,89817,1
78587,89817,1,89817,1
78587,89817,1,89817,1
78587,89817,1,89817,1
78587,89817,1,89817,1
78587,89817,1,89817,1
78587,89817,1,89817,1
78587,89817,1,89817,1
78587,89817,1,89817,1
78587,89817,1,89817,1
78587,89817,1,89817,1
78587,89817,1,89817,1
78587,89817,1,89817,1
78587,89817,1,89817,1
78587,89817,1,89817,1
78587,89817,1,89817,1
78587,89817,1,89817,1
78587,89817,1,89817,1
78587,89817,1,89817,1
78587,89817,1,89817,1
78587,89817,1,89817,1
78587,89817,1,89817,1
78587,89817,1,89817,1
78587,89817,1,89817,1
78587,89817,1,89817,1
78587,89817,1,89817,1
78587,89817,1,89817,1
78587,89817,1,89817,1
78587,89817,1,89817,1
78587,89817,1,89817,1
78587,89817,1,89817,1
78587,89817,1,89817,1
78587,89817,1,89817,1
78587,89817,1,89817,1
78587,89817,1,89817,1
78587,89817,1,89817,1
78587,89817,1,89817,1
78587,89817,1,89817,1
78587,89817,1,89817,1
78587,89817,1,89817,1
78587,89817,1,89817,1
78587,89817,1,89817,1
78587,89817,1,89817,1
78587,89817,1,89817,1
78587,89817,1,89876,1
78587,89876,1,89876,1
78587,89876,1,89876,1
78587,89876,1,89876,1
78587,89876,1,89876,1
78587,89876,1,89876,1
78587,89876,1,89876,1
78587,89876,1,89876,1
78587,89876,1,89876,1
78587,89876,1,89876,1
78587,89876,1,89876,1
78587,89876,1,89876,1
78587,89876,1,89876,1
78587,89876,1,89876,1
78587,89876,1,89876,1
78587,89876,1,89876,1
78587,89876,1,89876,1
78587,89876,1,89876,1
78587,89876,1,89876,1
78587,89876,1,89876,1
78587,89876,1,89876,1
78587,89876,1,89876,1
78587,89876,1,89876,1
78587,89876,1,89876,1
78587,89876,1,89876,1
78587,89876,1,89876,1
78587,89876,1,89876,1
78587,89876,1,89876,1
78587,89876,1,89876,1
78587,89876,1,89876,1
78587,89876,1,89876,1
78587,89876,1,89876,1
78587,89876,1,89876,1
78587,89876,1,89876,1
78587,89876,1,89876,1
78587,89876,1,89876,1
78587,89876,1,89876,1
78587,89876,1,89876,1
78587,89876,1,89876,1
78587,89876,1,89876,1
78587,89876,1,89876,1
78587,89876,1,89876,1
78587,89876,1,89876,1
78587,89876,1,89876,1
78587,89876,1,89876,1
78587,89876,1,89876,1
78587,89876,1,89876,1
78587,89876,1,89876,1
78587,89876,1,89876,1
78587,89876,1,89876,1
78587,89876,1,89876,1
78587,89876,1,89876,1
78587,89876,1,89876,1
78587,89876,1,89876,1
78587,89876,1,89876,1
78587,89876,1,89876,1
78587,89876,1,89876,1
78587,89876,1,89876,1
78587,89876,1,89876,1
78587,89876,1,89876,1
78587,89876,1,89876,1
78587,89876,1,89876,1
78587,89876,1,89791,1
78587,89791,1,89791,1
78587,89791,1,89791,1
78587,89791,1,89791,1
78587,89791,1,89791,1
78587,89791,1,89791,1
78587,89791,1,89791,1
78587,89791,1,89791,1
78587,89791,1,89791,1
78587,89791,1,89791,1
78587,89791,1,89791,1
78587,89791,1,89791,1
78587,89791,1,89791,1
78587,89791,1,89791,1
78587,89791,1,89791,1
78587,89791,1,89791,1
78587,89791,1,89791,1
78587,89791,1,89791,1
78587,89791,1,89791,1
78587,89791,1,89791,1
78587,89791,1,89791,1
78587,89791,1,89791,1
78587,89791,1,89791,1
78587,89791,1,89791,1
78587,89791,1,89791,1
78587,89791,1,89791,1
78587,89791,1,89791,1
78587,89791,1,89791,1
78587,89791,1,89791,1
78587,89791,1,89791,1
78587,89791,1,89791,1
78587,89791,1,89791,1
78587,89791,1,89791,1
78587,89791,1,89791,1
78587,89791,1,89791,1
78587,89791,1,89791,1
78587,89791,1,89791,1
78587,89791,1,89791,1
78587,89791,1,89791,1
78587,89791,1,89791,1
78587,89791,1,89791,1
78587,89791,1,89791,1
78587,89791,1,89791,1
78587,89791,1,89791,1
78587,89791,1,89791,1
78587,89791,1,89791,1
78587,89791,1,89791,1
78587,89791,1,89791,1
78587,89791,1,89791,1
78587,89791,1,89791,1
78587,89791,1,89791,1
78587,89791,1,89791,1
78587,89791,1,89791,1
78587,89791,1,89791,1
78587,89791,1,89791,1
78587,89791,1,89791,1
78587,89791,1,89791,1
78587,89791,1,89791,1
78587,89791,1,89791,1
78587,89791,1,89791,1
78587,89791,1,89791,1
78587,89791,1,89791,1
78587,89791,1,89807,1
78587,89807,1,89807,1
78587,89807,1,89807,1
78587,89807,1,89807,1
78587,89807,1,89807,1
78587,89807,1,89807,1
78587,89807,1,89807,1
78587,89807,1,89807,1
78587,89807,1,89807,1
78587,89807,1,89807,1
78587,89807,1,89807,1
78587,89807,1,89807,1
78587,89807,1,89807,1
78587,89807,1,89807,1
78587,89807,1,89807,1
78587,89807,1,89807,1
78587,89807,1,89807,1
78587,89807,1,89807,1
78587,89807,1,89807,1
78587,89807,1,91653,1
78587,91653,1,91653,1
78587,91653,1,91653,1
78587,91653,1,91653,1
78587,91653,1,91653,1
78587,91653,1,91653,1
78587,91653,1,91653,1
78587,91653,1,91653,1
78587,91653,1,91653,1
78587,91653,1,91653,1
78587,91653,1,91653,1
78587,91653,1,91653,1
78587,91653,1,91653,1
78587,91653,1,91653,1
78587,91653,1,91653,1
78587,91653,1,91653,1
78587,91653,1,91653,1
78587,91653,1,91653,1
78587,91653,1,91653,1
78587,91653,1,91653,1
78589,93210,1,93210,1
78589,93210,1,93210,1
78589,93210,1,93210,1
78589,93210,1,93210,1
78589,93210,1,93210,1
78589,93210,1,93210,1
78589,93210,1,93210,1
78589,93210,1,93210,1
78589,93210,1,93210,1
78589,93210,1,93210,1
78589,93210,1,93210,1
78589,93210,1,93210,1
78589,93210,1,93210,1
78589,93210,1,93210,1
78589,93210,1,93210,1
78589,93210,1,93210,1
78589,93210,1,93210,1
78589,93210,1,93210,1
78589,93210,1,93210,1
78589,93210,1,93210,1
78589,93210,1,93210,1
78589,93210,1,93210,1
78589,93210,1,93210,1
78589,93210,1,93210,1
78589,93210,1,93210,1
78589,93210,1,93202,1
78589,93202,1,93202,1
78589,93202,1,93202,1
78589,93202,1,93202,1
78589,93202,1,93202,1
78589,93202,1,93202,1
78589,93202,1,93202,1
78589,93202,1,93202,1
78589,93202,1,93202,1
78589,93202,1,93202,1
78589,93202,1,93202,1
78589,93202,1,93202,1
78589,93202,1,93202,1
78589,93202,1,93202,1
78589,93202,1,93202,1
78589,93202,1,93202,1
78589,93202,1,93202,1
78589,93202,1,93202,1
78589,93202,1,93202,1
78589,93202,1,93202,1
78589,93202,1,93202,1
78589,93202,1,93202,1
78589,93202,1,93202,1
78589,93202,1,93202,1
78589,93202,1,93202,1
78589,93202,1,93202,1
78589,93202,1,93154,0
78589,93154,0,93154,0
78589,93154,0,93154,0
78589,93154,0,93154,0
78589,93154,0,93154,0
78589,93154,0,93154,0
78589,93154,0,93154,0
78589,93154,0,93154,0
78589,93154,0,93154,0
78589,93154,0,93154,0
78589,93154,0,93154,0
78589,93154,0,93154,0
78589,93154,0,93224,1
78589,93224,1,93224,1
78589,93224,1,93224,1
78589,93224,1,93224,1
78589,93224,1,93224,1
78589,93224,1,93224,1
78589,93224,1,93224,1
78589,93224,1,93224,1
78589,93224,1,93224,1
78589,93224,1,93224,1
78589,93224,1,93224,1
78589,93224,1,93224,1
78589,93224,1,93221,1
78589,93221,1,93221,1
78589,93221,1,93221,1
78589,93221,1,93221,1
78589,93221,1,93221,1
78589,93221,1,93221,1
78589,93221,1,93221,1
78589,93221,1,93221,1
78589,93221,1,93221,1
78589,93221,1,93221,1
78589,93221,1,93221,1
78589,93221,1,93221,1
78589,93221,1,93192,1
78589,93192,1,93192,1
78589,93192,1,93192,1
78589,93192,1,93192,1
78589,93192,1,93192,1
78589,93192,1,93192,1
78589,93192,1,93192,1
78589,93192,1,93192,1
78589,93192,1,93192,1
78589,93192,1,93192,1
78589,93192,1,93192,1
78589,93192,1,93192,1
78589,93192,1,85094,1
78589,85094,1,85094,1
78589,85094,1,85094,1
78589,85094,1,85094,1
78589,85094,1,85094,1
78589,85094,1,85094,1
78589,85094,1,85094,1
78589,85094,1,85094,1
78589,85094,1,85094,1
78589,85094,1,85094,1
78589,85094,1,85094,1
78589,85094,1,85094,1
78589,85094,1,85094,1
78589,85094,1,85094,1
78589,85094,1,85094,1
78589,85094,1,85094,1
78589,85094,1,85094,1
78589,85094,1,85094,1
78589,85094,1,85094,1
78589,85094,1,85094,1
78589,85094,1,86102,1
78589,86102,1,86102,1
78589,86102,1,86102,1
78589,86102,1,86102,1
78589,86102,1,86102,1
78589,86102,1,86102,1
78589,86102,1,86102,1
78589,86102,1,86102,1
78589,86102,1,86102,1
78589,86102,1,86102,1
78589,86102,1,86102,1
78589,86102,1,86102,1
78589,86102,1,86102,1
78589,86102,1,86102,1
78589,86102,1,86102,1
78589,86102,1,86102,1
78589,86102,1,86102,1
78589,86102,1,86102,1
78589,86102,1,86102,1
78589,86102,1,86102,1
78589,86102,1,86101,0
78589,86101,0,86101,0
78589,86101,0,86101,0
78589,86101,0,86101,0
78589,86101,0,86101,0
78589,86101,0,86101,0
78589,86101,0,86101,0
78589,86101,0,86101,0
78589,86101,0,86101,0
78589,86101,0,86101,0
78589,86101,0,84623,0
78589,84623,0,84623,0
78589,84623,0,84623,0
78589,84623,0,84623,0
78589,84623,0,84623,0
78589,84623,0,84623,0
78589,84623,0,84623,0
78589,84623,0,84623,0
78589,84623,0,84623,0
78589,84623,0,84623,0
78589,84623,0,85098,1
78589,85098,1,85098,1
78589,85098,1,85098,1
78589,85098,1,85098,1
78589,85098,1,85098,1
78589,85098,1,85098,1
78589,85098,1,85098,1
78589,85098,1,85098,1
78589,85098,1,85098,1
78589,85098,1,85098,1
78589,85098,1,84628,1
78589,84628,1,84628,1
78589,84628,1,84628,1
78589,84628,1,84628,1
78589,84628,1,84628,1
78589,84628,1,84628,1
78589,84628,1,84628,1
78589,84628,1,84628,1
78589,84628,1,84628,1
78589,84628,1,84628,1
78589,84628,1,86122,0
78589,86122,0,86122,0
78589,86122,0,86122,0
78589,86122,0,86122,0
78589,86122,0,86122,0
78589,86122,0,86122,0
78589,86122,0,86122,0
78589,86122,0,86122,0
78589,86122,0,86122,0
78589,86122,0,86122,0
78589,86122,0,86123,1
78589,86123,1,86123,1
78589,86123,1,86123,1
78589,86123,1,86123,1
78589,86123,1,86123,1
78589,86123,1,86123,1
78589,86123,1,86123,1
78589,86123,1,86123,1
78589,86123,1,86123,1
78589,86123,1,86123,1
78589,86123,1,84626,1
78589,84626,1,84626,1
78589,84626,1,84626,1
78589,84626,1,84626,1
78589,84626,1,84626,1
78589,84626,1,84626,1
78589,84626,1,84626,1
78589,84626,1,84626,1
78589,84626,1,84626,1
78589,84626,1,84626,1
78589,84626,1,89294,1
78589,89294,1,89294,1
78589,89294,1,89294,1
78589,89294,1,89294,1
78589,89294,1,89294,1
78589,89294,1,89294,1
78589,89294,1,89294,1
78589,89294,1,89294,1
78589,89294,1,89294,1
78589,89294,1,89294,1
78589,89294,1,89294,1
78589,89294,1,89294,1
78589,89294,1,89294,1
78589,89294,1,89294,1
78589,89294,1,89294,1
78589,89294,1,89294,1
78589,89294,1,89294,1
78589,89294,1,89294,1
78589,89294,1,91358,1
78589,91358,1,91358,1
78589,91358,1,91358,1
78589,91358,1,91358,1
78589,91358,1,91358,1
78589,91358,1,91358,1
78589,91358,1,91358,1
78589,91358,1,91358,1
78589,91358,1,91358,1
78589,91358,1,91358,1
78589,91358,1,91358,1
78589,91358,1,91358,1
78589,91358,1,91358,1
78589,91358,1,91358,1
78589,91358,1,91358,1
78589,91358,1,91358,1
78589,91358,1,91358,1
78589,91358,1,91358,1
78589,91358,1,91358,1
78589,91358,1,91358,1
78589,91358,1,91358,1
78589,91358,1,91360,0
78589,91360,0,91360,0
78589,91360,0,91360,0
78589,91360,0,91360,0
78589,91360,0,91360,0
78589,91360,0,91360,0
78589,91360,0,91360,0
78589,91360,0,91360,0
78589,91360,0,91360,0
78589,91360,0,91360,0
78589,91360,0,91360,0
78589,91360,0,91360,0
78589,91360,0,91360,0
78589,91360,0,91360,0
78589,91360,0,91360,0
78589,91360,0,91360,0
78589,91360,0,91360,0
78589,91360,0,91360,0
78589,91360,0,91400,1
78589,91400,1,91400,1
78589,91400,1,91400,1
78589,91400,1,91400,1
78589,91400,1,91400,1
78589,91400,1,91400,1
78589,91400,1,91400,1
78589,91400,1,91400,1
78589,91400,1,91400,1
78589,91400,1,91400,1
78589,91400,1,91400,1
78589,91400,1,91400,1
78589,91400,1,91400,1
78589,91400,1,91400,1
78589,91400,1,91400,1
78589,91400,1,91400,1
78589,91400,1,91400,1
78589,91400,1,91400,1
78589,91400,1,91400,1
78589,91400,1,91400,1
78589,91400,1,91400,1
78589,91400,1,91400,1
78589,91400,1,91400,1
78589,91400,1,91400,1
78589,91400,1,91400,1
78589,91400,1,91400,1
78589,91400,1,91400,1
78589,91400,1,91400,1
78589,91400,1,91400,1
78589,91400,1,91400,1
78589,91400,1,91400,1
78589,91400,1,91400,1
78589,91400,1,91400,1
78589,91400,1,91400,1
78589,91400,1,91400,1
78589,91400,1,91400,1
78589,91400,1,91400,1
78589,91400,1,91400,1
78589,91400,1,91400,1
78589,91400,1,91400,1
78589,91400,1,91400,1
78589,91400,1,91400,1
78589,91400,1,91400,1
78589,91400,1,91400,1
78589,91400,1,91400,1
78589,91400,1,91400,1
78589,91400,1,91400,1
78589,91400,1,91400,1
78589,91400,1,91400,1
78589,91400,1,91400,1
78589,91400,1,91400,1
78589,91400,1,91400,1
78589,91400,1,91400,1
78589,91400,1,91400,1
78589,91400,1,91400,1
78589,91400,1,91400,1
78589,91400,1,91400,1
78589,91400,1,91400,1
78589,91400,1,91400,1
78589,91400,1,91400,1
78589,91400,1,91404,1
78589,91404,1,91404,1
78589,91404,1,91404,1
78589,91404,1,91404,1
78589,91404,1,91404,1
78589,91404,1,91404,1
78589,91404,1,91404,1
78589,91404,1,91404,1
78589,91404,1,91404,1
78589,91404,1,91404,1
78589,91404,1,91404,1
78589,91404,1,91404,1
78589,91404,1,91404,1
78589,91404,1,91404,1
78589,91404,1,91404,1
78589,91404,1,91404,1
78589,91404,1,91404,1
78589,91404,1,91404,1
78589,91404,1,91404,1
78589,91404,1,91404,1
78589,91404,1,91404,1
78589,91404,1,91404,1
78589,91404,1,91404,1
78589,91404,1,91404,1
78589,91404,1,91404,1
78589,91404,1,91404,1
78589,91404,1,91404,1
78589,91404,1,91404,1
78589,91404,1,91404,1
78589,91404,1,91404,1
78589,91404,1,91404,1
78589,91404,1,91404,1
78589,91404,1,91404,1
78589,91404,1,91404,1
78589,91404,1,91404,1
78589,91404,1,91404,1
78589,91404,1,91404,1
78589,91404,1,91404,1
78589,91404,1,91404,1
78589,91404,1,91404,1
78589,91404,1,91404,1
78589,91404,1,91404,1
78589,91404,1,91404,1
78589,91404,1,91404,1
78589,91404,1,91404,1
78589,91404,1,91404,1
78589,91404,1,91404,1
78589,91404,1,91404,1
78589,91404,1,91404,1
78589,91404,1,91404,1
78589,91404,1,91404,1
78589,91404,1,91404,1
78589,91404,1,91404,1
78589,91404,1,91404,1
78589,91404,1,91404,1
78589,91404,1,91404,1
78589,91404,1,91404,1
78589,91404,1,91404,1
78589,91404,1,91404,1
78589,91404,1,91404,1
78589,91404,1,91380,1
78589,91380,1,91380,1
78589,91380,1,91380,1
78589,91380,1,91380,1
78589,91380,1,91380,1
78589,91380,1,91380,1
78589,91380,1,91380,1
78589,91380,1,91380,1
78589,91380,1,91380,1
78589,91380,1,91380,1
78589,91380,1,91380,1
78589,91380,1,91380,1
78589,91380,1,91380,1
78589,91380,1,91380,1
78589,91380,1,91380,1
78589,91380,1,91380,1
78589,91380,1,91380,1
78589,91380,1,91380,1
78589,91380,1,91382,1
78589,91382,1,91382,1
78589,91382,1,91382,1
78589,91382,1,91382,1
78589,91382,1,91382,1
78589,91382,1,91382,1
78589,91382,1,91382,1
78589,91382,1,91382,1
78589,91382,1,91382,1
78589,91382,1,91382,1
78589,91382,1,91382,1
78589,91382,1,91382,1
78589,91382,1,91382,1
78589,91382,1,91382,1
78589,91382,1,91382,1
78589,91382,1,91382,1
78589,91382,1,91382,1
78589,91382,1,91382,1
78589,91382,1,89763,1
78589,89763,1,89763,1
78589,89763,1,89763,1
78589,89763,1,89763,1
78589,89763,1,89763,1
78589,89763,1,89763,1
78589,89763,1,89763,1
78589,89763,1,89763,1
78589,89763,1,89763,1
78589,89763,1,89763,1
78589,89763,1,89763,1
78589,89763,1,89763,1
78589,89763,1,89763,1
78589,89763,1,89763,1
78589,89763,1,89763,1
78589,89763,1,89763,1
78589,89763,1,89763,1
78589,89763,1,89763,1
78589,89763,1,89763,1
78589,89763,1,89763,1
78589,89763,1,89763,1
78589,89763,1,89763,1
78589,89763,1,89763,1
78589,89763,1,89763,1
78589,89763,1,89763,1
78589,89763,1,89763,1
78589,89763,1,89763,1
78589,89763,1,89763,1
78589,89763,1,89763,1
78589,89763,1,89763,1
78589,89763,1,89763,1
78589,89763,1,89763,1
78589,89763,1,89763,1
78589,89763,1,89763,1
78589,89763,1,89763,1
78589,89763,1,89763,1
78589,89763,1,89763,1
78589,89763,1,89763,1
78589,89763,1,89763,1
78589,89763,1,89763,1
78589,89763,1,89763,1
78589,89763,1,89763,1
78589,89763,1,89763,1
78589,89763,1,89763,1
78589,89763,1,89763,1
78589,89763,1,89763,1
78589,89763,1,89763,1
78589,89763,1,89763,1
78589,89763,1,89763,1
78589,89763,1,89763,1
78589,89763,1,89763,1
78589,89763,1,89763,1
78589,89763,1,89763,1
78589,89763,1,89763,1
78589,89763,1,89763,1
78589,89763,1,89763,1
78589,89763,1,89763,1
78589,89763,1,89763,1
78589,89763,1,89763,1
78589,89763,1,89763,1
78589,89763,1,89763,1
78589,89763,1,89763,1
78589,89763,1,91643,1
78589,91643,1,91643,1
78589,91643,1,91643,1
78589,91643,1,91643,1
78589,91643,1,91643,1
78589,91643,1,91643,1
78589,91643,1,91643,1
78589,91643,1,91643,1
78589,91643,1,91643,1
78589,91643,1,91643,1
78589,91643,1,91643,1
78589,91643,1,91643,1
78589,91643,1,91643,1
78589,91643,1,91643,1
78589,91643,1,91643,1
78589,91643,1,91643,1
78589,91643,1,91643,1
78589,91643,1,91643,1
78589,91643,1,91643,1
78589,91643,1,91643,1
78589,91643,1,89831,1
78589,89831,1,89831,1
78589,89831,1,89831,1
78589,89831,1,89831,1
78589,89831,1,89831,1
78589,89831,1,89831,1
78589,89831,1,89831,1
78589,89831,1,89831,1
78589,89831,1,89831,1
78589,89831,1,89831,1
78589,89831,1,89831,1
78589,89831,1,89831,1
78589,89831,1,89831,1
78589,89831,1,89831,1
78589,89831,1,89831,1
78589,89831,1,89831,1
78589,89831,1,89831,1
78589,89831,1,89831,1
78589,89831,1,89831,1
78589,89831,1,89831,1
78589,89831,1,89831,1
78589,89831,1,89831,1
78589,89831,1,89831,1
78589,89831,1,89831,1
78589,89831,1,89831,1
78589,89831,1,89831,1
78589,89831,1,89831,1
78589,89831,1,89831,1
78589,89831,1,89831,1
78589,89831,1,89831,1
78589,89831,1,89831,1
78589,89831,1,89831,1
78589,89831,1,89831,1
78589,89831,1,89831,1
78589,89831,1,89831,1
78589,89831,1,89831,1
78589,89831,1,89831,1
78589,89831,1,89831,1
78589,89831,1,89831,1
78589,89831,1,89831,1
78589,89831,1,89831,1
78589,89831,1,89831,1
78589,89831,1,89831,1
78589,89831,1,89831,1
78589,89831,1,89831,1
78589,89831,1,89831,1
78589,89831,1,89831,1
78589,89831,1,89831,1
78589,89831,1,89831,1
78589,89831,1,89831,1
78589,89831,1,89831,1
78589,89831,1,89831,1
78589,89831,1,89831,1
78589,89831,1,89831,1
78589,89831,1,89831,1
78589,89831,1,89831,1
78589,89831,1,89831,1
78589,89831,1,89831,1
78589,89831,1,89831,1
78589,89831,1,89831,1
78589,89831,1,89831,1
78589,89831,1,89831,1
78589,89831,1,89796,0
78589,89796,0,89796,0
78589,89796,0,89796,0
78589,89796,0,89796,0
78589,89796,0,89796,0
78589,89796,0,89796,0
78589,89796,0,89796,0
78589,89796,0,89796,0
78589,89796,0,89796,0
78589,89796,0,89796,0
78589,89796,0,89796,0
78589,89796,0,89796,0
78589,89796,0,89796,0
78589,89796,0,89796,0
78589,89796,0,89796,0
78589,89796,0,89796,0
78589,89796,0,89796,0
78589,89796,0,89796,0
78589,89796,0,89796,0
78589,89796,0,89796,0
78589,89796,0,89796,0
78589,89796,0,89796,0
78589,89796,0,89796,0
78589,89796,0,89796,0
78589,89796,0,89796,0
78589,89796,0,89796,0
78589,89796,0,89796,0
78589,89796,0,89796,0
78589,89796,0,89796,0
78589,89796,0,89796,0
78589,89796,0,89796,0
78589,89796,0,89796,0
78589,89796,0,89796,0
78589,89796,0,89796,0
78589,89796,0,89796,0
78589,89796,0,89796,0
78589,89796,0,89796,0
78589,89796,0,89796,0
78589,89796,0,89796,0
78589,89796,0,89796,0
78589,89796,0,89796,0
78589,89796,0,89796,0
78589,89796,0,89796,0
78589,89796,0,89796,0
78589,89796,0,89796,0
78589,89796,0,89796,0
78589,89796,0,89796,0
78589,89796,0,89796,0
78589,89796,0,89796,0
78589,89796,0,89796,0
78589,89796,0,89796,0
78589,89796,0,89796,0
78589,89796,0,89796,0
78589,89796,0,89796,0
78589,89796,0,89796,0
78589,89796,0,89796,0
78589,89796,0,89796,0
78589,89796,0,89796,0
78589,89796,0,89796,0
78589,89796,0,89796,0
78589,89796,0,89796,0
78589,89796,0,89796,0
78589,89796,0,89803,1
78589,89803,1,89803,1
78589,89803,1,89803,1
78589,89803,1,89803,1
78589,89803,1,89803,1
78589,89803,1,89803,1
78589,89803,1,89803,1
78589,89803,1,89803,1
78589,89803,1,89803,1
78589,89803,1,89803,1
78589,89803,1,89803,1
78589,89803,1,89803,1
78589,89803,1,89803,1
78589,89803,1,89803,1
78589,89803,1,89803,1
78589,89803,1,89803,1
78589,89803,1,89803,1
78589,89803,1,89803,1
78589,89803,1,89803,1
78589,89803,1,89803,1
78589,89803,1,89803,1
78589,89803,1,89803,1
78589,89803,1,89803,1
78589,89803,1,89803,1
78589,89803,1,89803,1
78589,89803,1,89803,1
78589,89803,1,89803,1
78589,89803,1,89803,1
78589,89803,1,89803,1
78589,89803,1,89803,1
78589,89803,1,89803,1
78589,89803,1,89803,1
78589,89803,1,89803,1
78589,89803,1,89803,1
78589,89803,1,89803,1
78589,89803,1,89803,1
78589,89803,1,89803,1
78589,89803,1,89803,1
78589,89803,1,89803,1
78589,89803,1,89803,1
78589,89803,1,89803,1
78589,89803,1,89803,1
78589,89803,1,89803,1
78589,89803,1,89803,1
78589,89803,1,89803,1
78589,89803,1,89803,1
78589,89803,1,89803,1
78589,89803,1,89803,1
78589,89803,1,89803,1
78589,89803,1,89803,1
78589,89803,1,89803,1
78589,89803,1,89803,1
78589,89803,1,89803,1
78589,89803,1,89803,1
78589,89803,1,89803,1
78589,89803,1,89803,1
78589,89803,1,89803,1
78589,89803,1,89803,1
78589,89803,1,89803,1
78589,89803,1,89803,1
78589,89803,1,89803,1
78589,89803,1,89803,1
78589,89803,1,89841,1
78589,89841,1,89841,1
78589,89841,1,89841,1
78589,89841,1,89841,1
78589,89841,1,89841,1
78589,89841,1,89841,1
78589,89841,1,89841,1
78589,89841,1,89841,1
78589,89841,1,89841,1
78589,89841,1,89841,1
78589,89841,1,89841,1
78589,89841,1,89841,1
78589,89841,1,89841,1
78589,89841,1,89841,1
78589,89841,1,89841,1
78589,89841,1,89841,1
78589,89841,1,89841,1
78589,89841,1,89841,1
78589,89841,1,89841,1
78589,89841,1,89849,1
78589,89849,1,89849,1
78589,89849,1,89849,1
78589,89849,1,89849,1
78589,89849,1,89849,1
78589,89849,1,89849,1
78589,89849,1,89849,1
78589,89849,1,89849,1
78589,89849,1,89849,1
78589,89849,1,89849,1
78589,89849,1,89849,1
78589,89849,1,89849,1
78589,89849,1,89849,1
78589,89849,1,89849,1
78589,89849,1,89849,1
78589,89849,1,89849,1
78589,89849,1,89849,1
78589,89849,1,89849,1
78589,89849,1,89849,1
78589,89849,1,89840,1
78589,89840,1,89840,1
78589,89840,1,89840,1
78589,89840,1,89840,1
78589,89840,1,89840,1
78589,89840,1,89840,1
78589,89840,1,89840,1
78589,89840,1,89840,1
78589,89840,1,89840,1
78589,89840,1,89840,1
78589,89840,1,89840,1
78589,89840,1,89840,1
78589,89840,1,89840,1
78589,89840,1,89840,1
78589,89840,1,89840,1
78589,89840,1,89840,1
78589,89840,1,89840,1
78589,89840,1,89840,1
78589,89840,1,89840,1
78589,89840,1,91659,1
78589,91659,1,91659,1
78589,91659,1,91659,1
78589,91659,1,91659,1
78589,91659,1,91659,1
78589,91659,1,91659,1
78589,91659,1,91659,1
78589,91659,1,91659,1
78589,91659,1,91659,1
78589,91659,1,91659,1
78589,91659,1,91659,1
78589,91659,1,91659,1
78589,91659,1,91659,1
78589,91659,1,91659,1
78589,91659,1,91659,1
78589,91659,1,91659,1
78589,91659,1,91659,1
78589,91659,1,91659,1
78589,91659,1,91659,1
78589,91659,1,91659,1
78589,91659,1,91659,1
78589,91659,1,91659,1
78589,91659,1,91659,1
78589,91659,1,91659,1
78589,91659,1,91659,1
78589,91659,1,91659,1
78589,91659,1,91659,1
78589,91659,1,91659,1
78589,91659,1,91659,1
78589,91659,1,91659,1
78589,91659,1,91659,1
78589,91659,1,91659,1
78589,91659,1,91659,1
78589,91659,1,91659,1
78589,91659,1,91659,1
78589,91659,1,91659,1
78589,91659,1,91659,1
78589,91659,1,91659,1
78589,91659,1,91659,1
78589,91659,1,91659,1
78589,91659,1,91659,1
78589,91659,1,91659,1
78589,91659,1,91659,1
78589,91659,1,91659,1
78589,91659,1,91659,1
78589,91659,1,91659,1
78589,91659,1,91659,1
78589,91659,1,91659,1
78589,91659,1,91659,1
78589,91659,1,91659,1
78589,91659,1,91659,1
78589,91659,1,91659,1
78589,91659,1,91659,1
78589,91659,1,91659,1
78589,91659,1,91659,1
78589,91659,1,91659,1
78589,91659,1,91659,1
78589,91659,1,91659,1
78589,91659,1,91659,1
78589,91659,1,91659,1
78589,91659,1,91659,1
78589,91659,1,91659,1
78589,91659,1,91654,0
78589,91654,0,91654,0
78589,91654,0,91654,0
78589,91654,0,91654,0
78589,91654,0,91654,0
78589,91654,0,91654,0
78589,91654,0,91654,0
78589,91654,0,91654,0
78589,91654,0,91654,0
78589,91654,0,91654,0
78589,91654,0,91654,0
78589,91654,0,91654,0
78589,91654,0,91654,0
78589,91654,0,91654,0
78589,91654,0,91654,0
78589,91654,0,91654,0
78589,91654,0,91654,0
78589,91654,0,91654,0
78589,91654,0,91654,0
78590,93240,0,93240,0
78590,93240,0,93240,0
78590,93240,0,93240,0
78590,93240,0,93240,0
78590,93240,0,93240,0
78590,93240,0,93240,0
78590,93240,0,93240,0
78590,93240,0,93240,0
78590,93240,0,93240,0
78590,93240,0,93240,0
78590,93240,0,93240,0
78590,93240,0,93240,0
78590,93240,0,93240,0
78590,93240,0,93240,0
78590,93240,0,93240,0
78590,93240,0,93240,0
78590,93240,0,93240,0
78590,93240,0,93240,0
78590,93240,0,93240,0
78590,93240,0,93240,0
78590,93240,0,93240,0
78590,93240,0,93240,0
78590,93240,0,93240,0
78590,93240,0,93240,0
78590,93240,0,93240,0
78590,93240,0,93221,1
78590,93221,1,93221,1
78590,93221,1,93221,1
78590,93221,1,93221,1
78590,93221,1,93221,1
78590,93221,1,93221,1
78590,93221,1,93221,1
78590,93221,1,93221,1
78590,93221,1,93221,1
78590,93221,1,93221,1
78590,93221,1,93221,1
78590,93221,1,93221,1
78590,93221,1,93221,1
78590,93221,1,93221,1
78590,93221,1,93221,1
78590,93221,1,93221,1
78590,93221,1,93221,1
78590,93221,1,93221,1
78590,93221,1,93221,1
78590,93221,1,93221,1
78590,93221,1,93221,1
78590,93221,1,93221,1
78590,93221,1,93221,1
78590,93221,1,93221,1
78590,93221,1,93221,1
78590,93221,1,93221,1
78590,93221,1,93195,1
78590,93195,1,93195,1
78590,93195,1,93195,1
78590,93195,1,93195,1
78590,93195,1,93195,1
78590,93195,1,93195,1
78590,93195,1,93195,1
78590,93195,1,93195,1
78590,93195,1,93195,1
78590,93195,1,93195,1
78590,93195,1,93195,1
78590,93195,1,93195,1
78590,93195,1,93195,1
78590,93195,1,93195,1
78590,93195,1,93195,1
78590,93195,1,93195,1
78590,93195,1,93195,1
78590,93195,1,93195,1
78590,93195,1,93195,1
78590,93195,1,93195,1
78590,93195,1,93195,1
78590,93195,1,93195,1
78590,93195,1,93195,1
78590,93195,1,93195,1
78590,93195,1,93195,1
78590,93195,1,93195,1
78590,93195,1,93178,1
78590,93178,1,93178,1
78590,93178,1,93178,1
78590,93178,1,93178,1
78590,93178,1,93178,1
78590,93178,1,93178,1
78590,93178,1,93178,1
78590,93178,1,93178,1
78590,93178,1,93178,1
78590,93178,1,93178,1
78590,93178,1,93178,1
78590,93178,1,93178,1
78590,93178,1,93178,1
78590,93178,1,93178,1
78590,93178,1,93178,1
78590,93178,1,93178,1
78590,93178,1,93178,1
78590,93178,1,93178,1
78590,93178,1,93178,1
78590,93178,1,93178,1
78590,93178,1,93178,1
78590,93178,1,93178,1
78590,93178,1,93178,1
78590,93178,1,93178,1
78590,93178,1,93178,1
78590,93178,1,93178,1
78590,93178,1,93226,1
78590,93226,1,93226,1
78590,93226,1,93226,1
78590,93226,1,93226,1
78590,93226,1,93226,1
78590,93226,1,93226,1
78590,93226,1,93226,1
78590,93226,1,93226,1
78590,93226,1,93226,1
78590,93226,1,93226,1
78590,93226,1,93226,1
78590,93226,1,93226,1
78590,93226,1,85822,1
78590,85822,1,85825,1
78590,85825,1,85927,1
78590,85927,1,85938,0
78590,85938,0,85943,1
78590,85943,1,85902,1
78590,85902,1,85963,0
78590,85963,0,85950,1
78590,85950,1,85972,1
78590,85972,1,85960,1
78590,85960,1,84831,1
78590,84831,1,84947,1
78590,84947,1,84724,1
78590,84724,1,84782,1
78590,84782,1,65765,1
78590,65765,1,87068,1
78590,87068,1,87128,0
78590,87128,0,87065,1
78590,87065,1,87121,0
78590,87121,0,87042,1
78590,87042,1,87057,1
78590,87057,1,87089,1
78590,87089,1,86195,0
78590,86195,0,86232,1
78590,86232,1,86216,1
78590,86216,1,86196,1
78590,86196,1,86164,1
78590,86164,1,86165,1
78590,86165,1,86775,1
78590,86775,1,86795,1
78590,86795,1,94897,1
78590,94897,1,94879,0
78590,94879,0,85682,1
78590,85682,1,84706,0
78590,84706,0,85686,1
78590,85686,1,84703,1
78590,84703,1,85683,1
78590,85683,1,94869,1
78590,94869,1,85108,0
78590,85108,0,85108,0
78590,85108,0,85108,0
78590,85108,0,85108,0
78590,85108,0,85108,0
78590,85108,0,85108,0
78590,85108,0,85108,0
78590,85108,0,85108,0
78590,85108,0,85108,0
78590,85108,0,85108,0
78590,85108,0,85108,0
78590,85108,0,85108,0
78590,85108,0,85108,0
78590,85108,0,85108,0
78590,85108,0,85108,0
78590,85108,0,85108,0
78590,85108,0,85108,0
78590,85108,0,85108,0
78590,85108,0,85108,0
78590,85108,0,85108,0
78590,85108,0,86100,0
78590,86100,0,86100,0
78590,86100,0,86100,0
78590,86100,0,86100,0
78590,86100,0,86100,0
78590,86100,0,86100,0
78590,86100,0,86100,0
78590,86100,0,86100,0
78590,86100,0,86100,0
78590,86100,0,86100,0
78590,86100,0,86100,0
78590,86100,0,86100,0
78590,86100,0,86100,0
78590,86100,0,86100,0
78590,86100,0,86100,0
78590,86100,0,86100,0
78590,86100,0,86100,0
78590,86100,0,86100,0
78590,86100,0,86100,0
78590,86100,0,86100,0
78590,86100,0,86101,1
78590,86101,1,86101,1
78590,86101,1,86101,1
78590,86101,1,86101,1
78590,86101,1,86101,1
78590,86101,1,86101,1
78590,86101,1,86101,1
78590,86101,1,86101,1
78590,86101,1,86101,1
78590,86101,1,86101,1
78590,86101,1,86101,1
78590,86101,1,86101,1
78590,86101,1,86101,1
78590,86101,1,86101,1
78590,86101,1,86101,1
78590,86101,1,86101,1
78590,86101,1,86101,1
78590,86101,1,86101,1
78590,86101,1,86101,1
78590,86101,1,86101,1
78590,86101,1,85655,1
78590,85655,1,85655,1
78590,85655,1,85655,1
78590,85655,1,85655,1
78590,85655,1,85655,1
78590,85655,1,85655,1
78590,85655,1,85655,1
78590,85655,1,85655,1
78590,85655,1,85655,1
78590,85655,1,85655,1
78590,85655,1,85655,1
78590,85655,1,85655,1
78590,85655,1,85655,1
78590,85655,1,85655,1
78590,85655,1,85655,1
78590,85655,1,85655,1
78590,85655,1,85655,1
78590,85655,1,85655,1
78590,85655,1,85655,1
78590,85655,1,85655,1
78590,85655,1,85672,1
78590,85672,1,85672,1
78590,85672,1,85672,1
78590,85672,1,85672,1
78590,85672,1,85672,1
78590,85672,1,85672,1
78590,85672,1,85672,1
78590,85672,1,85672,1
78590,85672,1,85672,1
78590,85672,1,85672,1
78590,85672,1,85672,1
78590,85672,1,85672,1
78590,85672,1,85672,1
78590,85672,1,85672,1
78590,85672,1,85672,1
78590,85672,1,85672,1
78590,85672,1,85672,1
78590,85672,1,85672,1
78590,85672,1,85672,1
78590,85672,1,85672,1
78590,85672,1,85654,1
78590,85654,1,85654,1
78590,85654,1,85654,1
78590,85654,1,85654,1
78590,85654,1,85654,1
78590,85654,1,85654,1
78590,85654,1,85654,1
78590,85654,1,85654,1
78590,85654,1,85654,1
78590,85654,1,85654,1
78590,85654,1,85011,0
78590,85011,0,84666,0
78590,84666,0,84660,1
78590,84660,1,86549,1
78590,86549,1,86326,1
78590,86326,1,86748,1
78590,86748,1,86765,1
78590,86765,1,89239,1
78590,89239,1,89239,1
78590,89239,1,89239,1
78590,89239,1,89239,1
78590,89239,1,89239,1
78590,89239,1,89239,1
78590,89239,1,89239,1
78590,89239,1,89239,1
78590,89239,1,89239,1
78590,89239,1,89239,1
78590,89239,1,89239,1
78590,89239,1,89239,1
78590,89239,1,89239,1
78590,89239,1,89239,1
78590,89239,1,89239,1
78590,89239,1,89239,1
78590,89239,1,89239,1
78590,89239,1,89239,1
78590,89239,1,89239,1
78590,89239,1,89239,1
78590,89239,1,89239,1
78590,89239,1,89235,1
78590,89235,1,89235,1
78590,89235,1,89235,1
78590,89235,1,89235,1
78590,89235,1,89235,1
78590,89235,1,89235,1
78590,89235,1,89235,1
78590,89235,1,89235,1
78590,89235,1,89235,1
78590,89235,1,89235,1
78590,89235,1,89235,1
78590,89235,1,89235,1
78590,89235,1,89235,1
78590,89235,1,89235,1
78590,89235,1,89235,1
78590,89235,1,89235,1
78590,89235,1,89235,1
78590,89235,1,89235,1
78590,89235,1,89235,1
78590,89235,1,89235,1
78590,89235,1,89235,1
78590,89235,1,91355,1
78590,91355,1,91355,1
78590,91355,1,91355,1
78590,91355,1,91355,1
78590,91355,1,91355,1
78590,91355,1,91355,1
78590,91355,1,91355,1
78590,91355,1,91355,1
78590,91355,1,91355,1
78590,91355,1,91355,1
78590,91355,1,91355,1
78590,91355,1,91355,1
78590,91355,1,91355,1
78590,91355,1,91355,1
78590,91355,1,91355,1
78590,91355,1,91355,1
78590,91355,1,91355,1
78590,91355,1,91355,1
78590,91355,1,91404,0
78590,91404,0,91404,0
78590,91404,0,91404,0
78590,91404,0,91404,0
78590,91404,0,91404,0
78590,91404,0,91404,0
78590,91404,0,91404,0
78590,91404,0,91404,0
78590,91404,0,91404,0
78590,91404,0,91404,0
78590,91404,0,91404,0
78590,91404,0,91404,0
78590,91404,0,91404,0
78590,91404,0,91404,0
78590,91404,0,91404,0
78590,91404,0,91404,0
78590,91404,0,91404,0
78590,91404,0,91404,0
78590,91404,0,91404,0
78590,91404,0,91404,0
78590,91404,0,91404,0
78590,91404,0,91389,0
78590,91389,0,91389,0
78590,91389,0,91389,0
78590,91389,0,91389,0
78590,91389,0,91389,0
78590,91389,0,91389,0
78590,91389,0,91389,0
78590,91389,0,91389,0
78590,91389,0,91389,0
78590,91389,0,91389,0
78590,91389,0,91389,0
78590,91389,0,91389,0
78590,91389,0,91389,0
78590,91389,0,91389,0
78590,91389,0,91389,0
78590,91389,0,91389,0
78590,91389,0,91389,0
78590,91389,0,91389,0
78590,91389,0,91389,0
78590,91389,0,91389,0
78590,91389,0,91389,0
78590,91389,0,91389,0
78590,91389,0,91389,0
78590,91389,0,91389,0
78590,91389,0,91389,0
78590,91389,0,91389,0
78590,91389,0,91389,0
78590,91389,0,91389,0
78590,91389,0,91389,0
78590,91389,0,91389,0
78590,91389,0,91389,0
78590,91389,0,91389,0
78590,91389,0,91389,0
78590,91389,0,91389,0
78590,91389,0,91389,0
78590,91389,0,91389,0
78590,91389,0,91389,0
78590,91389,0,91389,0
78590,91389,0,91389,0
78590,91389,0,91389,0
78590,91389,0,91389,0
78590,91389,0,91389,0
78590,91389,0,91389,0
78590,91389,0,91389,0
78590,91389,0,91389,0
78590,91389,0,91389,0
78590,91389,0,91389,0
78590,91389,0,91389,0
78590,91389,0,91389,0
78590,91389,0,91389,0
78590,91389,0,91389,0
78590,91389,0,91389,0
78590,91389,0,91389,0
78590,91389,0,91389,0
78590,91389,0,91389,0
78590,91389,0,91389,0
78590,91389,0,91389,0
78590,91389,0,91389,0
78590,91389,0,91389,0
78590,91389,0,91389,0
78590,91389,0,91384,1
78590,91384,1,91384,1
78590,91384,1,91384,1
78590,91384,1,91384,1
78590,91384,1,91384,1
78590,91384,1,91384,1
78590,91384,1,91384,1
78590,91384,1,91384,1
78590,91384,1,91384,1
78590,91384,1,91384,1
78590,91384,1,91384,1
78590,91384,1,91384,1
78590,91384,1,91384,1
78590,91384,1,91384,1
78590,91384,1,91384,1
78590,91384,1,91384,1
78590,91384,1,91384,1
78590,91384,1,91384,1
78590,91384,1,91384,1
78590,91384,1,91384,1
78590,91384,1,91384,1
78590,91384,1,91384,1
78590,91384,1,91384,1
78590,91384,1,91384,1
78590,91384,1,91384,1
78590,91384,1,91384,1
78590,91384,1,91384,1
78590,91384,1,91384,1
78590,91384,1,91384,1
78590,91384,1,91384,1
78590,91384,1,91384,1
78590,91384,1,91384,1
78590,91384,1,91384,1
78590,91384,1,91384,1
78590,91384,1,91384,1
78590,91384,1,91384,1
78590,91384,1,91384,1
78590,91384,1,91384,1
78590,91384,1,91384,1
78590,91384,1,91384,1
78590,91384,1,91384,1
78590,91384,1,91384,1
78590,91384,1,91384,1
78590,91384,1,91384,1
78590,91384,1,91384,1
78590,91384,1,91384,1
78590,91384,1,91384,1
78590,91384,1,91384,1
78590,91384,1,91384,1
78590,91384,1,91384,1
78590,91384,1,91384,1
78590,91384,1,91384,1
78590,91384,1,91384,1
78590,91384,1,91384,1
78590,91384,1,91384,1
78590,91384,1,91384,1
78590,91384,1,91384,1
78590,91384,1,91384,1
78590,91384,1,91384,1
78590,91384,1,91384,1
78590,91384,1,89279,1
78590,89279,1,89279,1
78590,89279,1,89279,1
78590,89279,1,89279,1
78590,89279,1,89279,1
78590,89279,1,89279,1
78590,89279,1,89279,1
78590,89279,1,89279,1
78590,89279,1,89279,1
78590,89279,1,89279,1
78590,89279,1,89279,1
78590,89279,1,89279,1
78590,89279,1,89279,1
78590,89279,1,89279,1
78590,89279,1,89279,1
78590,89279,1,89279,1
78590,89279,1,89279,1
78590,89279,1,89279,1
78590,89279,1,89279,1
78590,89279,1,89279,1
78590,89279,1,89279,1
78590,89279,1,89279,1
78590,89279,1,89279,1
78590,89279,1,89279,1
78590,89279,1,89279,1
78590,89279,1,89279,1
78590,89279,1,89279,1
78590,89279,1,89279,1
78590,89279,1,89279,1
78590,89279,1,89279,1
78590,89279,1,89279,1
78590,89279,1,89279,1
78590,89279,1,89279,1
78590,89279,1,89279,1
78590,89279,1,89279,1
78590,89279,1,89279,1
78590,89279,1,89279,1
78590,89279,1,89279,1
78590,89279,1,89279,1
78590,89279,1,89279,1
78590,89279,1,89279,1
78590,89279,1,89279,1
78590,89279,1,89279,1
78590,89279,1,89279,1
78590,89279,1,89279,1
78590,89279,1,89279,1
78590,89279,1,89279,1
78590,89279,1,89279,1
78590,89279,1,89279,1
78590,89279,1,89279,1
78590,89279,1,89279,1
78590,89279,1,89279,1
78590,89279,1,89279,1
78590,89279,1,89279,1
78590,89279,1,89279,1
78590,89279,1,89279,1
78590,89279,1,89279,1
78590,89279,1,89279,1
78590,89279,1,89279,1
78590,89279,1,89279,1
78590,89279,1,91395,1
78590,91395,1,91395,1
78590,91395,1,91395,1
78590,91395,1,91395,1
78590,91395,1,91395,1
78590,91395,1,91395,1
78590,91395,1,91395,1
78590,91395,1,91395,1
78590,91395,1,91395,1
78590,91395,1,91395,1
78590,91395,1,91395,1
78590,91395,1,91395,1
78590,91395,1,91395,1
78590,91395,1,91395,1
78590,91395,1,91395,1
78590,91395,1,91395,1
78590,91395,1,91395,1
78590,91395,1,91395,1
78590,91395,1,91395,1
78590,91395,1,91395,1
78590,91395,1,91395,1
78590,91395,1,91395,1
78590,91395,1,91395,1
78590,91395,1,91395,1
78590,91395,1,91395,1
78590,91395,1,91395,1
78590,91395,1,91395,1
78590,91395,1,91395,1
78590,91395,1,91395,1
78590,91395,1,91395,1
78590,91395,1,91395,1
78590,91395,1,91395,1
78590,91395,1,91395,1
78590,91395,1,91395,1
78590,91395,1,91395,1
78590,91395,1,91395,1
78590,91395,1,91395,1
78590,91395,1,91395,1
78590,91395,1,91395,1
78590,91395,1,91395,1
78590,91395,1,91395,1
78590,91395,1,91395,1
78590,91395,1,91395,1
78590,91395,1,91395,1
78590,91395,1,91395,1
78590,91395,1,91395,1
78590,91395,1,91395,1
78590,91395,1,91395,1
78590,91395,1,91395,1
78590,91395,1,91395,1
78590,91395,1,91395,1
78590,91395,1,91395,1
78590,91395,1,91395,1
78590,91395,1,91395,1
78590,91395,1,91395,1
78590,91395,1,91395,1
78590,91395,1,91395,1
78590,91395,1,91395,1
78590,91395,1,91395,1
78590,91395,1,91395,1
78590,91395,1,89765,1
78590,89765,1,89765,1
78590,89765,1,89765,1
78590,89765,1,89765,1
78590,89765,1,89765,1
78590,89765,1,89765,1
78590,89765,1,89765,1
78590,89765,1,89765,1
78590,89765,1,89765,1
78590,89765,1,89765,1
78590,89765,1,89765,1
78590,89765,1,89765,1
78590,89765,1,89765,1
78590,89765,1,89765,1
78590,89765,1,89765,1
78590,89765,1,89765,1
78590,89765,1,89765,1
78590,89765,1,89765,1
78590,89765,1,89765,1
78590,89765,1,89765,1
78590,89765,1,89765,1
78590,89765,1,89765,1
78590,89765,1,89765,1
78590,89765,1,89765,1
78590,89765,1,89765,1
78590,89765,1,89765,1
78590,89765,1,89765,1
78590,89765,1,89765,1
78590,89765,1,89765,1
78590,89765,1,89765,1
78590,89765,1,89765,1
78590,89765,1,89765,1
78590,89765,1,89765,1
78590,89765,1,89765,1
78590,89765,1,89765,1
78590,89765,1,89765,1
78590,89765,1,89765,1
78590,89765,1,89765,1
78590,89765,1,89765,1
78590,89765,1,89765,1
78590,89765,1,89765,1
78590,89765,1,89765,1
78590,89765,1,89765,1
78590,89765,1,89765,1
78590,89765,1,89765,1
78590,89765,1,89765,1
78590,89765,1,89765,1
78590,89765,1,89765,1
78590,89765,1,89765,1
78590,89765,1,89765,1
78590,89765,1,89765,1
78590,89765,1,89765,1
78590,89765,1,89765,1
78590,89765,1,89765,1
78590,89765,1,89765,1
78590,89765,1,89765,1
78590,89765,1,89765,1
78590,89765,1,89765,1
78590,89765,1,89765,1
78590,89765,1,89765,1
78590,89765,1,89765,1
78590,89765,1,89765,1
78590,89765,1,89831,1
78590,89831,1,89831,1
78590,89831,1,89831,1
78590,89831,1,89831,1
78590,89831,1,89831,1
78590,89831,1,89831,1
78590,89831,1,89831,1
78590,89831,1,89831,1
78590,89831,1,89831,1
78590,89831,1,89831,1
78590,89831,1,89831,1
78590,89831,1,89831,1
78590,89831,1,89831,1
78590,89831,1,89831,1
78590,89831,1,89831,1
78590,89831,1,89831,1
78590,89831,1,89831,1
78590,89831,1,89831,1
78590,89831,1,89831,1
78590,89831,1,84610,1
78590,84610,1,84629,1
78590,84629,1,91649,1
78590,91649,1,91649,1
78590,91649,1,91649,1
78590,91649,1,91649,1
78590,91649,1,91649,1
78590,91649,1,91649,1
78590,91649,1,91649,1
78590,91649,1,91649,1
78590,91649,1,91649,1
78590,91649,1,91649,1
78590,91649,1,91649,1
78590,91649,1,91649,1
78590,91649,1,91649,1
78590,91649,1,91649,1
78590,91649,1,91649,1
78590,91649,1,91649,1
78590,91649,1,91649,1
78590,91649,1,91649,1
78590,91649,1,91649,1
78590,91649,1,91649,1
78590,91649,1,91649,1
78590,91649,1,91649,1
78590,91649,1,91649,1
78590,91649,1,91649,1
78590,91649,1,91649,1
78590,91649,1,91649,1
78590,91649,1,91649,1
78590,91649,1,91649,1
78590,91649,1,91649,1
78590,91649,1,91649,1
78590,91649,1,91649,1
78590,91649,1,91649,1
78590,91649,1,91649,1
78590,91649,1,91649,1
78590,91649,1,91649,1
78590,91649,1,91649,1
78590,91649,1,91649,1
78590,91649,1,91649,1
78590,91649,1,91649,1
78590,91649,1,91649,1
78590,91649,1,91649,1
78590,91649,1,91649,1
78590,91649,1,91649,1
78590,91649,1,91649,1
78590,91649,1,91649,1
78590,91649,1,91649,1
78590,91649,1,91649,1
78590,91649,1,91649,1
78590,91649,1,91649,1
78590,91649,1,91649,1
78590,91649,1,91649,1
78590,91649,1,91649,1
78590,91649,1,91649,1
78590,91649,1,91649,1
78590,91649,1,91649,1
78590,91649,1,91649,1
78590,91649,1,91649,1
78590,91649,1,91649,1
78590,91649,1,91649,1
78590,91649,1,91649,1
78590,91649,1,91649,1
78590,91649,1,91649,1
78590,91649,1,91653,1
78590,91653,1,91653,1
78590,91653,1,91653,1
78590,91653,1,91653,1
78590,91653,1,91653,1
78590,91653,1,91653,1
78590,91653,1,91653,1
78590,91653,1,91653,1
78590,91653,1,91653,1
78590,91653,1,91653,1
78590,91653,1,91653,1
78590,91653,1,91653,1
78590,91653,1,91653,1
78590,91653,1,91653,1
78590,91653,1,91653,1
78590,91653,1,91653,1
78590,91653,1,91653,1
78590,91653,1,91653,1
78590,91653,1,91653,1
78590,91653,1,91653,1
78590,91653,1,174053,1
78590,174053,1,174030,1
78591,93222,1,93222,1
78591,93222,1,93222,1
78591,93222,1,93222,1
78591,93222,1,93222,1
78591,93222,1,93222,1
78591,93222,1,93222,1
78591,93222,1,93222,1
78591,93222,1,93222,1
78591,93222,1,93222,1
78591,93222,1,93222,1
78591,93222,1,93222,1
78591,93222,1,93222,1
78591,93222,1,93222,1
78591,93222,1,93222,1
78591,93222,1,93222,1
78591,93222,1,93222,1
78591,93222,1,93222,1
78591,93222,1,93222,1
78591,93222,1,93222,1
78591,93222,1,93222,1
78591,93222,1,93222,1
78591,93222,1,93222,1
78591,93222,1,93222,1
78591,93222,1,93222,1
78591,93222,1,93222,1
78591,93222,1,93171,1
78591,93171,1,93171,1
78591,93171,1,93171,1
78591,93171,1,93171,1
78591,93171,1,93171,1
78591,93171,1,93171,1
78591,93171,1,93171,1
78591,93171,1,93171,1
78591,93171,1,93171,1
78591,93171,1,93171,1
78591,93171,1,93171,1
78591,93171,1,93171,1
78591,93171,1,93171,1
78591,93171,1,93171,1
78591,93171,1,93171,1
78591,93171,1,93171,1
78591,93171,1,93171,1
78591,93171,1,93171,1
78591,93171,1,93171,1
78591,93171,1,93171,1
78591,93171,1,93171,1
78591,93171,1,93171,1
78591,93171,1,93171,1
78591,93171,1,93171,1
78591,93171,1,93171,1
78591,93171,1,93171,1
78591,93171,1,93171,1
78591,93171,1,93171,1
78591,93171,1,93171,1
78591,93171,1,93171,1
78591,93171,1,93171,1
78591,93171,1,93171,1
78591,93171,1,93171,1
78591,93171,1,93171,1
78591,93171,1,93171,1
78591,93171,1,93171,1
78591,93171,1,93171,1
78591,93171,1,93171,1
78591,93171,1,85648,0
78591,85648,0,85648,0
78591,85648,0,85648,0
78591,85648,0,85648,0
78591,85648,0,85648,0
78591,85648,0,85648,0
78591,85648,0,85648,0
78591,85648,0,85648,0
78591,85648,0,85648,0
78591,85648,0,85648,0
78591,85648,0,85648,0
78591,85648,0,85648,0
78591,85648,0,85648,0
78591,85648,0,85648,0
78591,85648,0,85648,0
78591,85648,0,85648,0
78591,85648,0,85648,0
78591,85648,0,85648,0
78591,85648,0,85648,0
78591,85648,0,85648,0
78591,85648,0,85097,1
78591,85097,1,85097,1
78591,85097,1,85097,1
78591,85097,1,85097,1
78591,85097,1,85097,1
78591,85097,1,85097,1
78591,85097,1,85097,1
78591,85097,1,85097,1
78591,85097,1,85097,1
78591,85097,1,85097,1
78591,85097,1,85097,1
78591,85097,1,85097,1
78591,85097,1,85097,1
78591,85097,1,85097,1
78591,85097,1,85097,1
78591,85097,1,85097,1
78591,85097,1,85097,1
78591,85097,1,85097,1
78591,85097,1,85097,1
78591,85097,1,85097,1
78591,85097,1,85680,0
78591,85680,0,85680,0
78591,85680,0,85680,0
78591,85680,0,85680,0
78591,85680,0,85680,0
78591,85680,0,85680,0
78591,85680,0,85680,0
78591,85680,0,85680,0
78591,85680,0,85680,0
78591,85680,0,85680,0
78591,85680,0,85680,0
78591,85680,0,85680,0
78591,85680,0,85680,0
78591,85680,0,85680,0
78591,85680,0,85680,0
78591,85680,0,85680,0
78591,85680,0,85680,0
78591,85680,0,85680,0
78591,85680,0,85680,0
78591,85680,0,85680,0
78591,85680,0,84700,0
78591,84700,0,84700,0
78591,84700,0,84700,0
78591,84700,0,84700,0
78591,84700,0,84700,0
78591,84700,0,84700,0
78591,84700,0,84700,0
78591,84700,0,84700,0
78591,84700,0,84700,0
78591,84700,0,84700,0
78591,84700,0,84700,0
78591,84700,0,84700,0
78591,84700,0,84700,0
78591,84700,0,84700,0
78591,84700,0,84700,0
78591,84700,0,84700,0
78591,84700,0,84700,0
78591,84700,0,84700,0
78591,84700,0,84700,0
78591,84700,0,84700,0
78591,84700,0,86125,1
78591,86125,1,86125,1
78591,86125,1,86125,1
78591,86125,1,86125,1
78591,86125,1,86125,1
78591,86125,1,86125,1
78591,86125,1,86125,1
78591,86125,1,86125,1
78591,86125,1,86125,1
78591,86125,1,86125,1
78591,86125,1,86125,1
78591,86125,1,86125,1
78591,86125,1,86125,1
78591,86125,1,86125,1
78591,86125,1,86125,1
78591,86125,1,86125,1
78591,86125,1,86125,1
78591,86125,1,86125,1
78591,86125,1,86125,1
78591,86125,1,86125,1
78591,86125,1,85674,1
78591,85674,1,85674,1
78591,85674,1,85674,1
78591,85674,1,85674,1
78591,85674,1,85674,1
78591,85674,1,85674,1
78591,85674,1,85674,1
78591,85674,1,85674,1
78591,85674,1,85674,1
78591,85674,1,85674,1
78591,85674,1,85674,1
78591,85674,1,85674,1
78591,85674,1,85674,1
78591,85674,1,85674,1
78591,85674,1,85674,1
78591,85674,1,85674,1
78591,85674,1,85674,1
78591,85674,1,85674,1
78591,85674,1,85674,1
78591,85674,1,85674,1
78591,85674,1,86104,1
78591,86104,1,86104,1
78591,86104,1,86104,1
78591,86104,1,86104,1
78591,86104,1,86104,1
78591,86104,1,86104,1
78591,86104,1,86104,1
78591,86104,1,86104,1
78591,86104,1,86104,1
78591,86104,1,86104,1
78591,86104,1,86104,1
78591,86104,1,86104,1
78591,86104,1,86104,1
78591,86104,1,86104,1
78591,86104,1,86104,1
78591,86104,1,86104,1
78591,86104,1,86104,1
78591,86104,1,86104,1
78591,86104,1,86104,1
78591,86104,1,86104,1
78591,86104,1,86104,0
78591,86104,0,86104,0
78591,86104,0,86104,0
78591,86104,0,86104,0
78591,86104,0,86104,0
78591,86104,0,86104,0
78591,86104,0,86104,0
78591,86104,0,86104,0
78591,86104,0,86104,0
78591,86104,0,86104,0
78591,86104,0,85103,1
78591,85103,1,85103,1
78591,85103,1,85103,1
78591,85103,1,85103,1
78591,85103,1,85103,1
78591,85103,1,85103,1
78591,85103,1,85103,1
78591,85103,1,85103,1
78591,85103,1,85103,1
78591,85103,1,85103,1
78591,85103,1,85677,1
78591,85677,1,85677,1
78591,85677,1,85677,1
78591,85677,1,85677,1
78591,85677,1,85677,1
78591,85677,1,85677,1
78591,85677,1,85677,1
78591,85677,1,85677,1
78591,85677,1,85677,1
78591,85677,1,85677,1
78591,85677,1,85659,1
78591,85659,1,85659,1
78591,85659,1,85659,1
78591,85659,1,85659,1
78591,85659,1,85659,1
78591,85659,1,85659,1
78591,85659,1,85659,1
78591,85659,1,85659,1
78591,85659,1,85659,1
78591,85659,1,85659,1
78591,85659,1,89299,1
78591,89299,1,89299,1
78591,89299,1,89299,1
78591,89299,1,89299,1
78591,89299,1,89299,1
78591,89299,1,89299,1
78591,89299,1,89299,1
78591,89299,1,89299,1
78591,89299,1,89299,1
78591,89299,1,89299,1
78591,89299,1,89299,1
78591,89299,1,89299,1
78591,89299,1,89299,1
78591,89299,1,89299,1
78591,89299,1,89299,1
78591,89299,1,89299,1
78591,89299,1,89299,1
78591,89299,1,89299,1
78591,89299,1,89299,1
78591,89299,1,89299,1
78591,89299,1,89299,1
78591,89299,1,89299,1
78591,89299,1,89299,1
78591,89299,1,89299,1
78591,89299,1,89299,1
78591,89299,1,89299,1
78591,89299,1,89299,1
78591,89299,1,89299,1
78591,89299,1,89299,1
78591,89299,1,89299,1
78591,89299,1,89299,1
78591,89299,1,89299,1
78591,89299,1,89299,1
78591,89299,1,89299,1
78591,89299,1,89299,1
78591,89299,1,89299,1
78591,89299,1,89299,1
78591,89299,1,89299,1
78591,89299,1,89299,1
78591,89299,1,89299,1
78591,89299,1,89299,1
78591,89299,1,89299,1
78591,89299,1,89299,1
78591,89299,1,89299,1
78591,89299,1,89299,1
78591,89299,1,89299,1
78591,89299,1,89299,1
78591,89299,1,89299,1
78591,89299,1,89299,1
78591,89299,1,89299,1
78591,89299,1,89299,1
78591,89299,1,89299,1
78591,89299,1,89299,1
78591,89299,1,89299,1
78591,89299,1,89299,1
78591,89299,1,89299,1
78591,89299,1,89299,1
78591,89299,1,89299,1
78591,89299,1,89299,1
78591,89299,1,89299,1
78591,89299,1,91350,0
78591,91350,0,91350,0
78591,91350,0,91350,0
78591,91350,0,91350,0
78591,91350,0,91350,0
78591,91350,0,91350,0
78591,91350,0,91350,0
78591,91350,0,91350,0
78591,91350,0,91350,0
78591,91350,0,91350,0
78591,91350,0,91350,0
78591,91350,0,91350,0
78591,91350,0,91350,0
78591,91350,0,91350,0
78591,91350,0,91350,0
78591,91350,0,91350,0
78591,91350,0,91350,0
78591,91350,0,91350,0
78591,91350,0,91350,0
78591,91350,0,91350,0
78591,91350,0,91350,0
78591,91350,0,91350,0
78591,91350,0,91350,0
78591,91350,0,91350,0
78591,91350,0,91350,0
78591,91350,0,91350,0
78591,91350,0,91350,0
78591,91350,0,91350,0
78591,91350,0,91350,0
78591,91350,0,91350,0
78591,91350,0,91350,0
78591,91350,0,91350,0
78591,91350,0,91350,0
78591,91350,0,91350,0
78591,91350,0,91350,0
78591,91350,0,91350,0
78591,91350,0,91350,0
78591,91350,0,91350,0
78591,91350,0,91350,0
78591,91350,0,91350,0
78591,91350,0,91350,0
78591,91350,0,91350,0
78591,91350,0,91350,0
78591,91350,0,91350,0
78591,91350,0,91350,0
78591,91350,0,91350,0
78591,91350,0,91350,0
78591,91350,0,91350,0
78591,91350,0,91350,0
78591,91350,0,91350,0
78591,91350,0,91350,0
78591,91350,0,91350,0
78591,91350,0,91350,0
78591,91350,0,91350,0
78591,91350,0,91350,0
78591,91350,0,91350,0
78591,91350,0,91350,0
78591,91350,0,91350,0
78591,91350,0,91350,0
78591,91350,0,91350,0
78591,91350,0,89268,1
78591,89268,1,89268,1
78591,89268,1,89268,1
78591,89268,1,89268,1
78591,89268,1,89268,1
78591,89268,1,89268,1
78591,89268,1,89268,1
78591,89268,1,89268,1
78591,89268,1,89268,1
78591,89268,1,89268,1
78591,89268,1,89268,1
78591,89268,1,89268,1
78591,89268,1,89268,1
78591,89268,1,89268,1
78591,89268,1,89268,1
78591,89268,1,89268,1
78591,89268,1,89268,1
78591,89268,1,89268,1
78591,89268,1,89268,1
78591,89268,1,89268,1
78591,89268,1,89268,1
78591,89268,1,89268,1
78591,89268,1,89268,1
78591,89268,1,89268,1
78591,89268,1,89268,1
78591,89268,1,89268,1
78591,89268,1,89268,1
78591,89268,1,89268,1
78591,89268,1,89268,1
78591,89268,1,89268,1
78591,89268,1,89268,1
78591,89268,1,89268,1
78591,89268,1,89268,1
78591,89268,1,89268,1
78591,89268,1,89268,1
78591,89268,1,89268,1
78591,89268,1,89268,1
78591,89268,1,89268,1
78591,89268,1,89268,1
78591,89268,1,89268,1
78591,89268,1,89268,1
78591,89268,1,89268,1
78591,89268,1,89268,1
78591,89268,1,89268,1
78591,89268,1,89268,1
78591,89268,1,89268,1
78591,89268,1,89268,1
78591,89268,1,89268,1
78591,89268,1,89268,1
78591,89268,1,89268,1
78591,89268,1,89268,1
78591,89268,1,89268,1
78591,89268,1,89268,1
78591,89268,1,89268,1
78591,89268,1,89268,1
78591,89268,1,89268,1
78591,89268,1,89268,1
78591,89268,1,89268,1
78591,89268,1,89268,1
78591,89268,1,89268,1
78591,89268,1,91348,1
78591,91348,1,91348,1
78591,91348,1,91348,1
78591,91348,1,91348,1
78591,91348,1,91348,1
78591,91348,1,91348,1
78591,91348,1,91348,1
78591,91348,1,91348,1
78591,91348,1,91348,1
78591,91348,1,91348,1
78591,91348,1,91348,1
78591,91348,1,91348,1
78591,91348,1,91348,1
78591,91348,1,91348,1
78591,91348,1,91348,1
78591,91348,1,91348,1
78591,91348,1,91348,1
78591,91348,1,91348,1
78591,91348,1,91348,1
78591,91348,1,91348,1
78591,91348,1,91348,1
78591,91348,1,91348,1
78591,91348,1,91348,1
78591,91348,1,91348,1
78591,91348,1,91348,1
78591,91348,1,91348,1
78591,91348,1,91348,1
78591,91348,1,91348,1
78591,91348,1,91348,1
78591,91348,1,91348,1
78591,91348,1,91348,1
78591,91348,1,91348,1
78591,91348,1,91348,1
78591,91348,1,91348,1
78591,91348,1,91348,1
78591,91348,1,91348,1
78591,91348,1,91348,1
78591,91348,1,91348,1
78591,91348,1,91348,1
78591,91348,1,91348,1
78591,91348,1,91348,1
78591,91348,1,91348,1
78591,91348,1,91348,1
78591,91348,1,91348,1
78591,91348,1,91348,1
78591,91348,1,91348,1
78591,91348,1,91348,1
78591,91348,1,91348,1
78591,91348,1,91348,1
78591,91348,1,91348,1
78591,91348,1,91348,1
78591,91348,1,91348,1
78591,91348,1,91348,1
78591,91348,1,91348,1
78591,91348,1,91348,1
78591,91348,1,91348,1
78591,91348,1,91348,1
78591,91348,1,91348,1
78591,91348,1,91348,1
78591,91348,1,91348,1
78591,91348,1,89267,1
78591,89267,1,89267,1
78591,89267,1,89267,1
78591,89267,1,89267,1
78591,89267,1,89267,1
78591,89267,1,89267,1
78591,89267,1,89267,1
78591,89267,1,89267,1
78591,89267,1,89267,1
78591,89267,1,89267,1
78591,89267,1,89267,1
78591,89267,1,89267,1
78591,89267,1,89267,1
78591,89267,1,89267,1
78591,89267,1,89267,1
78591,89267,1,89267,1
78591,89267,1,89267,1
78591,89267,1,89267,1
78591,89267,1,89267,1
78591,89267,1,89267,1
78591,89267,1,89267,1
78591,89267,1,89267,1
78591,89267,1,89267,1
78591,89267,1,89267,1
78591,89267,1,89267,1
78591,89267,1,89267,1
78591,89267,1,89267,1
78591,89267,1,89267,1
78591,89267,1,89267,1
78591,89267,1,89267,1
78591,89267,1,89267,1
78591,89267,1,89267,1
78591,89267,1,89267,1
78591,89267,1,89267,1
78591,89267,1,89267,1
78591,89267,1,89267,1
78591,89267,1,89267,1
78591,89267,1,89267,1
78591,89267,1,89267,1
78591,89267,1,89267,1
78591,89267,1,89267,1
78591,89267,1,89267,1
78591,89267,1,89267,1
78591,89267,1,89267,1
78591,89267,1,89267,1
78591,89267,1,89267,1
78591,89267,1,89267,1
78591,89267,1,89267,1
78591,89267,1,89267,1
78591,89267,1,89267,1
78591,89267,1,89267,1
78591,89267,1,89267,1
78591,89267,1,89267,1
78591,89267,1,89267,1
78591,89267,1,89267,1
78591,89267,1,89267,1
78591,89267,1,89267,1
78591,89267,1,89267,1
78591,89267,1,89267,1
78591,89267,1,89267,1
78591,89267,1,91354,1
78591,91354,1,91354,1
78591,91354,1,91354,1
78591,91354,1,91354,1
78591,91354,1,91354,1
78591,91354,1,91354,1
78591,91354,1,91354,1
78591,91354,1,91354,1
78591,91354,1,91354,1
78591,91354,1,91354,1
78591,91354,1,91354,1
78591,91354,1,91354,1
78591,91354,1,91354,1
78591,91354,1,91354,1
78591,91354,1,91354,1
78591,91354,1,91354,1
78591,91354,1,91354,1
78591,91354,1,91354,1
78591,91354,1,91354,1
78591,91354,1,91354,1
78591,91354,1,91354,1
78591,91354,1,91354,1
78591,91354,1,91354,1
78591,91354,1,91354,1
78591,91354,1,91354,1
78591,91354,1,91354,1
78591,91354,1,91354,1
78591,91354,1,91354,1
78591,91354,1,91354,1
78591,91354,1,91354,1
78591,91354,1,91354,1
78591,91354,1,91354,1
78591,91354,1,91354,1
78591,91354,1,91354,1
78591,91354,1,91354,1
78591,91354,1,91354,1
78591,91354,1,91354,1
78591,91354,1,91354,1
78591,91354,1,91354,1
78591,91354,1,91354,1
78591,91354,1,91354,1
78591,91354,1,91354,1
78591,91354,1,91354,1
78591,91354,1,91354,1
78591,91354,1,91354,1
78591,91354,1,91354,1
78591,91354,1,91354,1
78591,91354,1,91354,1
78591,91354,1,91354,1
78591,91354,1,91354,1
78591,91354,1,91354,1
78591,91354,1,91354,1
78591,91354,1,91354,1
78591,91354,1,91354,1
78591,91354,1,91354,1
78591,91354,1,91354,1
78591,91354,1,91354,1
78591,91354,1,91354,1
78591,91354,1,91354,1
78591,91354,1,91354,1
78591,91354,1,91353,1
78591,91353,1,91353,1
78591,91353,1,91353,1
78591,91353,1,91353,1
78591,91353,1,91353,1
78591,91353,1,91353,1
78591,91353,1,91353,1
78591,91353,1,91353,1
78591,91353,1,91353,1
78591,91353,1,91353,1
78591,91353,1,91353,1
78591,91353,1,91353,1
78591,91353,1,91353,1
78591,91353,1,91353,1
78591,91353,1,91353,1
78591,91353,1,91353,1
78591,91353,1,91353,1
78591,91353,1,91353,1
78591,91353,1,89291,0
78591,89291,0,89291,0
78591,89291,0,89291,0
78591,89291,0,89291,0
78591,89291,0,89291,0
78591,89291,0,89291,0
78591,89291,0,89291,0
78591,89291,0,89291,0
78591,89291,0,89291,0
78591,89291,0,89291,0
78591,89291,0,89291,0
78591,89291,0,89291,0
78591,89291,0,89291,0
78591,89291,0,89291,0
78591,89291,0,89291,0
78591,89291,0,89291,0
78591,89291,0,89291,0
78591,89291,0,89291,0
78591,89291,0,89291,0
78591,89291,0,89291,0
78591,89291,0,89291,0
78591,89291,0,89291,0
78591,89291,0,89291,0
78591,89291,0,89291,0
78591,89291,0,89291,0
78591,89291,0,89291,0
78591,89291,0,89291,0
78591,89291,0,89291,0
78591,89291,0,89291,0
78591,89291,0,89291,0
78591,89291,0,89291,0
78591,89291,0,89291,0
78591,89291,0,89291,0
78591,89291,0,89291,0
78591,89291,0,89291,0
78591,89291,0,89291,0
78591,89291,0,89291,0
78591,89291,0,89291,0
78591,89291,0,89291,0
78591,89291,0,89291,0
78591,89291,0,89291,0
78591,89291,0,89291,0
78591,89291,0,89291,0
78591,89291,0,89291,0
78591,89291,0,89291,0
78591,89291,0,89291,0
78591,89291,0,89291,0
78591,89291,0,89291,0
78591,89291,0,89291,0
78591,89291,0,89291,0
78591,89291,0,89291,0
78591,89291,0,89291,0
78591,89291,0,89291,0
78591,89291,0,89291,0
78591,89291,0,89291,0
78591,89291,0,89291,0
78591,89291,0,89291,0
78591,89291,0,89291,0
78591,89291,0,89291,0
78591,89291,0,89291,0
78591,89291,0,91396,0
78591,91396,0,91396,0
78591,91396,0,91396,0
78591,91396,0,91396,0
78591,91396,0,91396,0
78591,91396,0,91396,0
78591,91396,0,91396,0
78591,91396,0,91396,0
78591,91396,0,91396,0
78591,91396,0,91396,0
78591,91396,0,91396,0
78591,91396,0,91396,0
78591,91396,0,91396,0
78591,91396,0,91396,0
78591,91396,0,91396,0
78591,91396,0,91396,0
78591,91396,0,91396,0
78591,91396,0,91396,0
78591,91396,0,91396,0
78591,91396,0,91396,0
78591,91396,0,91396,0
78591,91396,0,91396,0
78591,91396,0,91396,0
78591,91396,0,91396,0
78591,91396,0,91396,0
78591,91396,0,91396,0
78591,91396,0,91396,0
78591,91396,0,91396,0
78591,91396,0,91396,0
78591,91396,0,91396,0
78591,91396,0,91396,0
78591,91396,0,91396,0
78591,91396,0,91396,0
78591,91396,0,91396,0
78591,91396,0,91396,0
78591,91396,0,91396,0
78591,91396,0,91396,0
78591,91396,0,91396,0
78591,91396,0,91396,0
78591,91396,0,91396,0
78591,91396,0,91396,0
78591,91396,0,91396,0
78591,91396,0,91396,0
78591,91396,0,91396,0
78591,91396,0,91396,0
78591,91396,0,91396,0
78591,91396,0,91396,0
78591,91396,0,91396,0
78591,91396,0,91396,0
78591,91396,0,91396,0
78591,91396,0,91396,0
78591,91396,0,91396,0
78591,91396,0,91396,0
78591,91396,0,91396,0
78591,91396,0,91396,0
78591,91396,0,91396,0
78591,91396,0,91396,0
78591,91396,0,91396,0
78591,91396,0,91396,0
78591,91396,0,91396,0
78591,91396,0,89283,0
78591,89283,0,89283,0
78591,89283,0,89283,0
78591,89283,0,89283,0
78591,89283,0,89283,0
78591,89283,0,89283,0
78591,89283,0,89283,0
78591,89283,0,89283,0
78591,89283,0,89283,0
78591,89283,0,89283,0
78591,89283,0,89283,0
78591,89283,0,89283,0
78591,89283,0,89283,0
78591,89283,0,89283,0
78591,89283,0,89283,0
78591,89283,0,89283,0
78591,89283,0,89283,0
78591,89283,0,89283,0
78591,89283,0,89283,0
78591,89283,0,89283,0
78591,89283,0,89283,0
78591,89283,0,89283,0
78591,89283,0,89283,0
78591,89283,0,89283,0
78591,89283,0,89283,0
78591,89283,0,89283,0
78591,89283,0,89283,0
78591,89283,0,89283,0
78591,89283,0,89283,0
78591,89283,0,89283,0
78591,89283,0,89283,0
78591,89283,0,89283,0
78591,89283,0,89283,0
78591,89283,0,89283,0
78591,89283,0,89283,0
78591,89283,0,89283,0
78591,89283,0,89283,0
78591,89283,0,89283,0
78591,89283,0,89283,0
78591,89283,0,89283,0
78591,89283,0,89283,0
78591,89283,0,89283,0
78591,89283,0,89283,0
78591,89283,0,89283,0
78591,89283,0,89283,0
78591,89283,0,89283,0
78591,89283,0,89283,0
78591,89283,0,89283,0
78591,89283,0,89283,0
78591,89283,0,89283,0
78591,89283,0,89283,0
78591,89283,0,89283,0
78591,89283,0,89283,0
78591,89283,0,89283,0
78591,89283,0,89283,0
78591,89283,0,89283,0
78591,89283,0,89283,0
78591,89283,0,89283,0
78591,89283,0,89283,0
78591,89283,0,89283,0
78591,89283,0,91402,0
78591,91402,0,91402,0
78591,91402,0,91402,0
78591,91402,0,91402,0
78591,91402,0,91402,0
78591,91402,0,91402,0
78591,91402,0,91402,0
78591,91402,0,91402,0
78591,91402,0,91402,0
78591,91402,0,91402,0
78591,91402,0,91402,0
78591,91402,0,91402,0
78591,91402,0,91402,0
78591,91402,0,91402,0
78591,91402,0,91402,0
78591,91402,0,91402,0
78591,91402,0,91402,0
78591,91402,0,91402,0
78591,91402,0,91402,0
78591,91402,0,91402,0
78591,91402,0,91402,0
78591,91402,0,91402,0
78591,91402,0,91402,0
78591,91402,0,91402,0
78591,91402,0,91402,0
78591,91402,0,91402,0
78591,91402,0,91402,0
78591,91402,0,91402,0
78591,91402,0,91402,0
78591,91402,0,91402,0
78591,91402,0,91402,0
78591,91402,0,91402,0
78591,91402,0,91402,0
78591,91402,0,91402,0
78591,91402,0,91402,0
78591,91402,0,91402,0
78591,91402,0,91402,0
78591,91402,0,91402,0
78591,91402,0,91402,0
78591,91402,0,91402,0
78591,91402,0,91402,0
78591,91402,0,91402,0
78591,91402,0,91402,0
78591,91402,0,91402,0
78591,91402,0,91402,0
78591,91402,0,91402,0
78591,91402,0,91402,0
78591,91402,0,91402,0
78591,91402,0,91402,0
78591,91402,0,91402,0
78591,91402,0,91402,0
78591,91402,0,91402,0
78591,91402,0,91402,0
78591,91402,0,91402,0
78591,91402,0,91402,0
78591,91402,0,91402,0
78591,91402,0,91402,0
78591,91402,0,91402,0
78591,91402,0,91402,0
78591,91402,0,91402,0
78591,91402,0,91386,1
78591,91386,1,91386,1
78591,91386,1,91386,1
78591,91386,1,91386,1
78591,91386,1,91386,1
78591,91386,1,91386,1
78591,91386,1,91386,1
78591,91386,1,91386,1
78591,91386,1,91386,1
78591,91386,1,91386,1
78591,91386,1,91386,1
78591,91386,1,91386,1
78591,91386,1,91386,1
78591,91386,1,91386,1
78591,91386,1,91386,1
78591,91386,1,91386,1
78591,91386,1,91386,1
78591,91386,1,91386,1
78591,91386,1,91386,1
78591,91386,1,91386,1
78591,91386,1,91386,1
78591,91386,1,91386,1
78591,91386,1,91386,1
78591,91386,1,91386,1
78591,91386,1,91386,1
78591,91386,1,91386,1
78591,91386,1,91386,1
78591,91386,1,91386,1
78591,91386,1,91386,1
78591,91386,1,91386,1
78591,91386,1,91386,1
78591,91386,1,91386,1
78591,91386,1,91386,1
78591,91386,1,91386,1
78591,91386,1,91386,1
78591,91386,1,91386,1
78591,91386,1,91386,1
78591,91386,1,91386,1
78591,91386,1,91386,1
78591,91386,1,91386,1
78591,91386,1,91386,1
78591,91386,1,91386,1
78591,91386,1,91386,1
78591,91386,1,91386,1
78591,91386,1,91386,1
78591,91386,1,91386,1
78591,91386,1,91386,1
78591,91386,1,91386,1
78591,91386,1,91386,1
78591,91386,1,91386,1
78591,91386,1,91386,1
78591,91386,1,91386,1
78591,91386,1,91386,1
78591,91386,1,91386,1
78591,91386,1,91386,1
78591,91386,1,91386,1
78591,91386,1,91386,1
78591,91386,1,91386,1
78591,91386,1,91386,1
78591,91386,1,91386,1
78591,91386,1,89273,0
78591,89273,0,89273,0
78591,89273,0,89273,0
78591,89273,0,89273,0
78591,89273,0,89273,0
78591,89273,0,89273,0
78591,89273,0,89273,0
78591,89273,0,89273,0
78591,89273,0,89273,0
78591,89273,0,89273,0
78591,89273,0,89273,0
78591,89273,0,89273,0
78591,89273,0,89273,0
78591,89273,0,89273,0
78591,89273,0,89273,0
78591,89273,0,89273,0
78591,89273,0,89273,0
78591,89273,0,89273,0
78591,89273,0,89273,0
78591,89273,0,89273,0
78591,89273,0,89273,0
78591,89273,0,89273,0
78591,89273,0,89273,0
78591,89273,0,89273,0
78591,89273,0,89273,0
78591,89273,0,89273,0
78591,89273,0,89273,0
78591,89273,0,89273,0
78591,89273,0,89273,0
78591,89273,0,89273,0
78591,89273,0,89273,0
78591,89273,0,89273,0
78591,89273,0,89273,0
78591,89273,0,89273,0
78591,89273,0,89273,0
78591,89273,0,89273,0
78591,89273,0,89273,0
78591,89273,0,89273,0
78591,89273,0,89273,0
78591,89273,0,89273,0
78591,89273,0,89273,0
78591,89273,0,89273,0
78591,89273,0,89273,0
78591,89273,0,89273,0
78591,89273,0,89273,0
78591,89273,0,89273,0
78591,89273,0,89273,0
78591,89273,0,89273,0
78591,89273,0,89273,0
78591,89273,0,89273,0
78591,89273,0,89273,0
78591,89273,0,89273,0
78591,89273,0,89273,0
78591,89273,0,89273,0
78591,89273,0,89273,0
78591,89273,0,89273,0
78591,89273,0,89273,0
78591,89273,0,89273,0
78591,89273,0,89273,0
78591,89273,0,89273,0
78591,89273,0,91384,1
78591,91384,1,91384,1
78591,91384,1,91384,1
78591,91384,1,91384,1
78591,91384,1,91384,1
78591,91384,1,91384,1
78591,91384,1,91384,1
78591,91384,1,91384,1
78591,91384,1,91384,1
78591,91384,1,91384,1
78591,91384,1,91384,1
78591,91384,1,91384,1
78591,91384,1,91384,1
78591,91384,1,91384,1
78591,91384,1,91384,1
78591,91384,1,91384,1
78591,91384,1,91384,1
78591,91384,1,91384,1
78591,91384,1,91384,1
78591,91384,1,91384,1
78591,91384,1,91384,1
78591,91384,1,91384,1
78591,91384,1,91384,1
78591,91384,1,91384,1
78591,91384,1,91384,1
78591,91384,1,91384,1
78591,91384,1,91384,1
78591,91384,1,91384,1
78591,91384,1,91384,1
78591,91384,1,91384,1
78591,91384,1,91384,1
78591,91384,1,91384,1
78591,91384,1,91384,1
78591,91384,1,91384,1
78591,91384,1,91384,1
78591,91384,1,91384,1
78591,91384,1,91384,1
78591,91384,1,91384,1
78591,91384,1,91384,1
78591,91384,1,91384,1
78591,91384,1,91384,1
78591,91384,1,91384,1
78591,91384,1,91384,1
78591,91384,1,91384,1
78591,91384,1,91384,1
78591,91384,1,91384,1
78591,91384,1,91384,1
78591,91384,1,91384,1
78591,91384,1,91384,1
78591,91384,1,91384,1
78591,91384,1,91384,1
78591,91384,1,91384,1
78591,91384,1,91384,1
78591,91384,1,91384,1
78591,91384,1,91384,1
78591,91384,1,91384,1
78591,91384,1,91384,1
78591,91384,1,91384,1
78591,91384,1,91384,1
78591,91384,1,91384,1
78591,91384,1,91387,1
78591,91387,1,91387,1
78591,91387,1,91387,1
78591,91387,1,91387,1
78591,91387,1,91387,1
78591,91387,1,91387,1
78591,91387,1,91387,1
78591,91387,1,91387,1
78591,91387,1,91387,1
78591,91387,1,91387,1
78591,91387,1,91387,1
78591,91387,1,91387,1
78591,91387,1,91387,1
78591,91387,1,91387,1
78591,91387,1,91387,1
78591,91387,1,91387,1
78591,91387,1,91387,1
78591,91387,1,91387,1
78591,91387,1,91387,1
78591,91387,1,91387,1
78591,91387,1,91387,1
78591,91387,1,91387,1
78591,91387,1,91387,1
78591,91387,1,91387,1
78591,91387,1,91387,1
78591,91387,1,91387,1
78591,91387,1,91387,1
78591,91387,1,91387,1
78591,91387,1,91387,1
78591,91387,1,91387,1
78591,91387,1,91387,1
78591,91387,1,91387,1
78591,91387,1,91387,1
78591,91387,1,91387,1
78591,91387,1,91387,1
78591,91387,1,91387,1
78591,91387,1,91387,1
78591,91387,1,91387,1
78591,91387,1,91387,1
78591,91387,1,91387,1
78591,91387,1,91387,1
78591,91387,1,91387,1
78591,91387,1,91387,1
78591,91387,1,91387,1
78591,91387,1,91387,1
78591,91387,1,91387,1
78591,91387,1,91387,1
78591,91387,1,91387,1
78591,91387,1,91387,1
78591,91387,1,91387,1
78591,91387,1,91387,1
78591,91387,1,91387,1
78591,91387,1,91387,1
78591,91387,1,91387,1
78591,91387,1,91387,1
78591,91387,1,91387,1
78591,91387,1,91387,1
78591,91387,1,91387,1
78591,91387,1,91387,1
78591,91387,1,91387,1
78591,91387,1,91646,0
78591,91646,0,91646,0
78591,91646,0,91646,0
78591,91646,0,91646,0
78591,91646,0,91646,0
78591,91646,0,91646,0
78591,91646,0,91646,0
78591,91646,0,91646,0
78591,91646,0,91646,0
78591,91646,0,91646,0
78591,91646,0,91646,0
78591,91646,0,91646,0
78591,91646,0,91646,0
78591,91646,0,91646,0
78591,91646,0,91646,0
78591,91646,0,91646,0
78591,91646,0,91646,0
78591,91646,0,91646,0
78591,91646,0,91646,0
78591,91646,0,91646,0
78591,91646,0,91646,0
78591,91646,0,91646,0
78591,91646,0,91646,0
78591,91646,0,91646,0
78591,91646,0,91646,0
78591,91646,0,91646,0
78591,91646,0,91646,0
78591,91646,0,91646,0
78591,91646,0,91646,0
78591,91646,0,91646,0
78591,91646,0,91646,0
78591,91646,0,91646,0
78591,91646,0,91646,0
78591,91646,0,91646,0
78591,91646,0,91646,0
78591,91646,0,91646,0
78591,91646,0,91646,0
78591,91646,0,91646,0
78591,91646,0,91646,0
78591,91646,0,91646,0
78591,91646,0,91646,0
78591,91646,0,91646,0
78591,91646,0,91646,0
78591,91646,0,91646,0
78591,91646,0,91646,0
78591,91646,0,91646,0
78591,91646,0,91646,0
78591,91646,0,91646,0
78591,91646,0,91646,0
78591,91646,0,91646,0
78591,91646,0,91646,0
78591,91646,0,91646,0
78591,91646,0,91646,0
78591,91646,0,91646,0
78591,91646,0,91646,0
78591,91646,0,91646,0
78591,91646,0,91646,0
78591,91646,0,91646,0
78591,91646,0,91646,0
78591,91646,0,91646,0
78591,91646,0,91646,0
78591,91646,0,91646,0
78591,91646,0,89770,1
78591,89770,1,89770,1
78591,89770,1,89770,1
78591,89770,1,89770,1
78591,89770,1,89770,1
78591,89770,1,89770,1
78591,89770,1,89770,1
78591,89770,1,89770,1
78591,89770,1,89770,1
78591,89770,1,89770,1
78591,89770,1,89770,1
78591,89770,1,89770,1
78591,89770,1,89770,1
78591,89770,1,89770,1
78591,89770,1,89770,1
78591,89770,1,89770,1
78591,89770,1,89770,1
78591,89770,1,89770,1
78591,89770,1,89770,1
78591,89770,1,89770,1
78591,89770,1,89770,1
78591,89770,1,89770,1
78591,89770,1,89770,1
78591,89770,1,89770,1
78591,89770,1,89770,1
78591,89770,1,89770,1
78591,89770,1,89770,1
78591,89770,1,89770,1
78591,89770,1,89770,1
78591,89770,1,89770,1
78591,89770,1,89770,1
78591,89770,1,89770,1
78591,89770,1,89770,1
78591,89770,1,89770,1
78591,89770,1,89770,1
78591,89770,1,89770,1
78591,89770,1,89770,1
78591,89770,1,89770,1
78591,89770,1,89770,1
78591,89770,1,89770,1
78591,89770,1,89770,1
78591,89770,1,89770,1
78591,89770,1,89770,1
78591,89770,1,89770,1
78591,89770,1,89770,1
78591,89770,1,89770,1
78591,89770,1,89770,1
78591,89770,1,89770,1
78591,89770,1,89770,1
78591,89770,1,89770,1
78591,89770,1,89770,1
78591,89770,1,89770,1
78591,89770,1,89770,1
78591,89770,1,89770,1
78591,89770,1,89770,1
78591,89770,1,89770,1
78591,89770,1,89770,1
78591,89770,1,89770,1
78591,89770,1,89770,1
78591,89770,1,89770,1
78591,89770,1,89770,1
78591,89770,1,89770,1
78591,89770,1,89873,1
78591,89873,1,89873,1
78591,89873,1,89873,1
78591,89873,1,89873,1
78591,89873,1,89873,1
78591,89873,1,89873,1
78591,89873,1,89873,1
78591,89873,1,89873,1
78591,89873,1,89873,1
78591,89873,1,89873,1
78591,89873,1,89873,1
78591,89873,1,89873,1
78591,89873,1,89873,1
78591,89873,1,89873,1
78591,89873,1,89873,1
78591,89873,1,89873,1
78591,89873,1,89873,1
78591,89873,1,89873,1
78591,89873,1,89873,1
78591,89873,1,89873,1
78591,89873,1,89873,1
78591,89873,1,89873,1
78591,89873,1,89873,1
78591,89873,1,89873,1
78591,89873,1,89873,1
78591,89873,1,89873,1
78591,89873,1,89873,1
78591,89873,1,89873,1
78591,89873,1,89873,1
78591,89873,1,89873,1
78591,89873,1,89873,1
78591,89873,1,89873,1
78591,89873,1,89873,1
78591,89873,1,89873,1
78591,89873,1,89873,1
78591,89873,1,89873,1
78591,89873,1,89873,1
78591,89873,1,89873,1
78591,89873,1,89873,1
78591,89873,1,89873,1
78591,89873,1,89873,1
78591,89873,1,89873,1
78591,89873,1,89873,1
78591,89873,1,89873,1
78591,89873,1,89873,1
78591,89873,1,89873,1
78591,89873,1,89873,1
78591,89873,1,89873,1
78591,89873,1,89873,1
78591,89873,1,89873,1
78591,89873,1,89873,1
78591,89873,1,89873,1
78591,89873,1,89873,1
78591,89873,1,89873,1
78591,89873,1,89873,1
78591,89873,1,89873,1
78591,89873,1,89873,1
78591,89873,1,89873,1
78591,89873,1,89873,1
78591,89873,1,89873,1
78591,89873,1,89873,1
78591,89873,1,89873,1
78591,89873,1,89813,1
78591,89813,1,89813,1
78591,89813,1,89813,1
78591,89813,1,89813,1
78591,89813,1,89813,1
78591,89813,1,89813,1
78591,89813,1,89813,1
78591,89813,1,89813,1
78591,89813,1,89813,1
78591,89813,1,89813,1
78591,89813,1,89813,1
78591,89813,1,89813,1
78591,89813,1,89813,1
78591,89813,1,89813,1
78591,89813,1,89813,1
78591,89813,1,89813,1
78591,89813,1,89813,1
78591,89813,1,89813,1
78591,89813,1,89813,1
78591,89813,1,89813,1
78591,89813,1,89813,1
78591,89813,1,89813,1
78591,89813,1,89813,1
78591,89813,1,89813,1
78591,89813,1,89813,1
78591,89813,1,89813,1
78591,89813,1,89813,1
78591,89813,1,89813,1
78591,89813,1,89813,1
78591,89813,1,89813,1
78591,89813,1,89813,1
78591,89813,1,89813,1
78591,89813,1,89813,1
78591,89813,1,89813,1
78591,89813,1,89813,1
78591,89813,1,89813,1
78591,89813,1,89813,1
78591,89813,1,89813,1
78591,89813,1,89813,1
78591,89813,1,89813,1
78591,89813,1,89813,1
78591,89813,1,89813,1
78591,89813,1,89813,1
78591,89813,1,89813,1
78591,89813,1,89813,1
78591,89813,1,89813,1
78591,89813,1,89813,1
78591,89813,1,89813,1
78591,89813,1,89813,1
78591,89813,1,89813,1
78591,89813,1,89813,1
78591,89813,1,89813,1
78591,89813,1,89813,1
78591,89813,1,89813,1
78591,89813,1,89813,1
78591,89813,1,89813,1
78591,89813,1,89813,1
78591,89813,1,89813,1
78591,89813,1,89813,1
78591,89813,1,89813,1
78591,89813,1,89813,1
78591,89813,1,89813,1
78591,89813,1,89877,1
78591,89877,1,89877,1
78591,89877,1,89877,1
78591,89877,1,89877,1
78591,89877,1,89877,1
78591,89877,1,89877,1
78591,89877,1,89877,1
78591,89877,1,89877,1
78591,89877,1,89877,1
78591,89877,1,89877,1
78591,89877,1,89877,1
78591,89877,1,89877,1
78591,89877,1,89877,1
78591,89877,1,89877,1
78591,89877,1,89877,1
78591,89877,1,89877,1
78591,89877,1,89877,1
78591,89877,1,89877,1
78591,89877,1,89877,1
78591,89877,1,89877,1
78591,89877,1,89819,1
78591,89819,1,89819,1
78591,89819,1,89819,1
78591,89819,1,89819,1
78591,89819,1,89819,1
78591,89819,1,89819,1
78591,89819,1,89819,1
78591,89819,1,89819,1
78591,89819,1,89819,1
78591,89819,1,89819,1
78591,89819,1,89819,1
78591,89819,1,89819,1
78591,89819,1,89819,1
78591,89819,1,89819,1
78591,89819,1,89819,1
78591,89819,1,89819,1
78591,89819,1,89819,1
78591,89819,1,89819,1
78591,89819,1,89819,1
78591,89819,1,91661,1
78591,91661,1,91661,1
78591,91661,1,91661,1
78591,91661,1,91661,1
78591,91661,1,91661,1
78591,91661,1,91661,1
78591,91661,1,91661,1
78591,91661,1,91661,1
78591,91661,1,91661,1
78591,91661,1,91661,1
78591,91661,1,91661,1
78591,91661,1,91661,1
78591,91661,1,91661,1
78591,91661,1,91661,1
78591,91661,1,91661,1
78591,91661,1,91661,1
78591,91661,1,91661,1
78591,91661,1,91661,1
78591,91661,1,91661,1
78591,91661,1,91661,1
78591,91661,1,91661,1
78591,91661,1,91661,1
78591,91661,1,91661,1
78591,91661,1,91661,1
78591,91661,1,91661,1
78591,91661,1,91661,1
78591,91661,1,91661,1
78591,91661,1,91661,1
78591,91661,1,91661,1
78591,91661,1,91661,1
78591,91661,1,91661,1
78591,91661,1,91661,1
78591,91661,1,91661,1
78591,91661,1,91661,1
78591,91661,1,91661,1
78591,91661,1,91661,1
78591,91661,1,91661,1
78591,91661,1,91661,1
78591,91661,1,91661,1
78591,91661,1,91661,1
78591,91661,1,91661,1
78591,91661,1,91661,1
78591,91661,1,91661,1
78591,91661,1,91661,1
78591,91661,1,91661,1
78591,91661,1,91661,1
78591,91661,1,91661,1
78591,91661,1,91661,1
78591,91661,1,91661,1
78591,91661,1,91661,1
78591,91661,1,91661,1
78591,91661,1,91661,1
78591,91661,1,91661,1
78591,91661,1,91661,1
78591,91661,1,91661,1
78591,91661,1,91661,1
78591,91661,1,91661,1
78591,91661,1,91661,1
78591,91661,1,91661,1
78591,91661,1,91661,1
78591,91661,1,91661,1
78591,91661,1,91661,1
78591,91661,1,174094,0
78591,174094,0,174030,0
78591,174030,0,174064,1
78591,174064,1,174102,1
78591,174102,1,174068,1
78593,93240,1,93240,1
78593,93240,1,93240,1
78593,93240,1,93240,1
78593,93240,1,93240,1
78593,93240,1,93240,1
78593,93240,1,93240,1
78593,93240,1,93240,1
78593,93240,1,93240,1
78593,93240,1,93240,1
78593,93240,1,93240,1
78593,93240,1,93240,1
78593,93240,1,93240,1
78593,93240,1,93240,1
78593,93240,1,93240,1
78593,93240,1,93240,1
78593,93240,1,93240,1
78593,93240,1,93240,1
78593,93240,1,93240,1
78593,93240,1,93240,1
78593,93240,1,93240,1
78593,93240,1,93240,1
78593,93240,1,93240,1
78593,93240,1,93240,1
78593,93240,1,93240,1
78593,93240,1,93240,1
78593,93240,1,93194,0
78593,93194,0,93194,0
78593,93194,0,93194,0
78593,93194,0,93194,0
78593,93194,0,93194,0
78593,93194,0,93194,0
78593,93194,0,93194,0
78593,93194,0,93194,0
78593,93194,0,93194,0
78593,93194,0,93194,0
78593,93194,0,93194,0
78593,93194,0,93194,0
78593,93194,0,93194,0
78593,93194,0,93194,0
78593,93194,0,93194,0
78593,93194,0,93194,0
78593,93194,0,93194,0
78593,93194,0,93194,0
78593,93194,0,93194,0
78593,93194,0,93194,0
78593,93194,0,93194,0
78593,93194,0,93194,0
78593,93194,0,93194,0
78593,93194,0,93194,0
78593,93194,0,93194,0
78593,93194,0,93194,0
78593,93194,0,93188,1
78593,93188,1,93188,1
78593,93188,1,93188,1
78593,93188,1,93188,1
78593,93188,1,93188,1
78593,93188,1,93188,1
78593,93188,1,93188,1
78593,93188,1,93188,1
78593,93188,1,93188,1
78593,93188,1,93188,1
78593,93188,1,93188,1
78593,93188,1,93188,1
78593,93188,1,93188,1
78593,93188,1,93188,1
78593,93188,1,93188,1
78593,93188,1,93188,1
78593,93188,1,93188,1
78593,93188,1,93188,1
78593,93188,1,93188,1
78593,93188,1,93188,1
78593,93188,1,93188,1
78593,93188,1,93188,1
78593,93188,1,93188,1
78593,93188,1,93188,1
78593,93188,1,93188,1
78593,93188,1,93188,1
78593,93188,1,93209,1
78593,93209,1,93209,1
78593,93209,1,93209,1
78593,93209,1,93209,1
78593,93209,1,93209,1
78593,93209,1,93209,1
78593,93209,1,93209,1
78593,93209,1,93209,1
78593,93209,1,93209,1
78593,93209,1,93209,1
78593,93209,1,93209,1
78593,93209,1,93209,1
78593,93209,1,93209,1
78593,93209,1,93209,1
78593,93209,1,93209,1
78593,93209,1,93209,1
78593,93209,1,93209,1
78593,93209,1,93209,1
78593,93209,1,93209,1
78593,93209,1,93209,1
78593,93209,1,93209,1
78593,93209,1,93209,1
78593,93209,1,93209,1
78593,93209,1,93209,1
78593,93209,1,93209,1
78593,93209,1,93209,1
78593,93209,1,93162,1
78593,93162,1,93162,1
78593,93162,1,93162,1
78593,93162,1,93162,1
78593,93162,1,93162,1
78593,93162,1,93162,1
78593,93162,1,93162,1
78593,93162,1,93162,1
78593,93162,1,93162,1
78593,93162,1,93162,1
78593,93162,1,93162,1
78593,93162,1,93162,1
78593,93162,1,93162,1
78593,93162,1,93162,1
78593,93162,1,93162,1
78593,93162,1,93162,1
78593,93162,1,93162,1
78593,93162,1,93162,1
78593,93162,1,93162,1
78593,93162,1,93162,1
78593,93162,1,93162,1
78593,93162,1,93162,1
78593,93162,1,93162,1
78593,93162,1,93162,1
78593,93162,1,93162,1
78593,93162,1,93162,1
78593,93162,1,93241,1
78593,93241,1,93241,1
78593,93241,1,93241,1
78593,93241,1,93241,1
78593,93241,1,93241,1
78593,93241,1,93241,1
78593,93241,1,93241,1
78593,93241,1,93241,1
78593,93241,1,93241,1
78593,93241,1,93241,1
78593,93241,1,93241,1
78593,93241,1,93241,1
78593,93241,1,84705,0
78593,84705,0,84705,0
78593,84705,0,84705,0
78593,84705,0,84705,0
78593,84705,0,84705,0
78593,84705,0,84705,0
78593,84705,0,84705,0
78593,84705,0,84705,0
78593,84705,0,84705,0
78593,84705,0,84705,0
78593,84705,0,84705,0
78593,84705,0,84705,0
78593,84705,0,84705,0
78593,84705,0,84705,0
78593,84705,0,84705,0
78593,84705,0,84705,0
78593,84705,0,84705,0
78593,84705,0,84705,0
78593,84705,0,84705,0
78593,84705,0,84705,0
78593,84705,0,85090,1
78593,85090,1,85090,1
78593,85090,1,85090,1
78593,85090,1,85090,1
78593,85090,1,85090,1
78593,85090,1,85090,1
78593,85090,1,85090,1
78593,85090,1,85090,1
78593,85090,1,85090,1
78593,85090,1,85090,1
78593,85090,1,85090,1
78593,85090,1,85090,1
78593,85090,1,85090,1
78593,85090,1,85090,1
78593,85090,1,85090,1
78593,85090,1,85090,1
78593,85090,1,85090,1
78593,85090,1,85090,1
78593,85090,1,85090,1
78593,85090,1,85090,1
78593,85090,1,86120,1
78593,86120,1,86120,1
78593,86120,1,86120,1
78593,86120,1,86120,1
78593,86120,1,86120,1
78593,86120,1,86120,1
78593,86120,1,86120,1
78593,86120,1,86120,1
78593,86120,1,86120,1
78593,86120,1,86120,1
78593,86120,1,86120,1
78593,86120,1,86120,1
78593,86120,1,86120,1
78593,86120,1,86120,1
78593,86120,1,86120,1
78593,86120,1,86120,1
78593,86120,1,86120,1
78593,86120,1,86120,1
78593,86120,1,86120,1
78593,86120,1,86120,1
78593,86120,1,91350,1
78593,91350,1,91350,1
78593,91350,1,91350,1
78593,91350,1,91350,1
78593,91350,1,91350,1
78593,91350,1,91350,1
78593,91350,1,91350,1
78593,91350,1,91350,1
78593,91350,1,91350,1
78593,91350,1,91350,1
78593,91350,1,91350,1
78593,91350,1,91350,1
78593,91350,1,91350,1
78593,91350,1,91350,1
78593,91350,1,91350,1
78593,91350,1,91350,1
78593,91350,1,91350,1
78593,91350,1,91350,1
78593,91350,1,91350,1
78593,91350,1,91350,1
78593,91350,1,91350,1
78593,91350,1,91350,1
78593,91350,1,91350,1
78593,91350,1,91350,1
78593,91350,1,91350,1
78593,91350,1,91350,1
78593,91350,1,91350,1
78593,91350,1,91350,1
78593,91350,1,91350,1
78593,91350,1,91350,1
78593,91350,1,91350,1
78593,91350,1,91350,1
78593,91350,1,91350,1
78593,91350,1,91350,1
78593,91350,1,91350,1
78593,91350,1,91350,1
78593,91350,1,91350,1
78593,91350,1,91350,1
78593,91350,1,91350,1
78593,91350,1,91350,1
78593,91350,1,91350,1
78593,91350,1,91350,1
78593,91350,1,91350,1
78593,91350,1,91350,1
78593,91350,1,91350,1
78593,91350,1,91350,1
78593,91350,1,91350,1
78593,91350,1,91350,1
78593,91350,1,91350,1
78593,91350,1,91350,1
78593,91350,1,91350,1
78593,91350,1,91350,1
78593,91350,1,91350,1
78593,91350,1,91350,1
78593,91350,1,91350,1
78593,91350,1,91350,1
78593,91350,1,91350,1
78593,91350,1,91350,1
78593,91350,1,91350,1
78593,91350,1,91350,1
78593,91350,1,91390,1
78593,91390,1,91390,1
78593,91390,1,91390,1
78593,91390,1,91390,1
78593,91390,1,91390,1
78593,91390,1,91390,1
78593,91390,1,91390,1
78593,91390,1,91390,1
78593,91390,1,91390,1
78593,91390,1,91390,1
78593,91390,1,91390,1
78593,91390,1,91390,1
78593,91390,1,91390,1
78593,91390,1,91390,1
78593,91390,1,91390,1
78593,91390,1,91390,1
78593,91390,1,91390,1
78593,91390,1,91390,1
78593,91390,1,91390,1
78593,91390,1,91390,1
78593,91390,1,91390,1
78593,91390,1,91390,1
78593,91390,1,91390,1
78593,91390,1,91390,1
78593,91390,1,91390,1
78593,91390,1,91390,1
78593,91390,1,91390,1
78593,91390,1,91390,1
78593,91390,1,91390,1
78593,91390,1,91390,1
78593,91390,1,91390,1
78593,91390,1,91390,1
78593,91390,1,91390,1
78593,91390,1,91390,1
78593,91390,1,91390,1
78593,91390,1,91390,1
78593,91390,1,91390,1
78593,91390,1,91390,1
78593,91390,1,91390,1
78593,91390,1,91390,1
78593,91390,1,91390,1
78593,91390,1,91390,1
78593,91390,1,91390,1
78593,91390,1,91390,1
78593,91390,1,91390,1
78593,91390,1,91390,1
78593,91390,1,91390,1
78593,91390,1,91390,1
78593,91390,1,91390,1
78593,91390,1,91390,1
78593,91390,1,91390,1
78593,91390,1,91390,1
78593,91390,1,91390,1
78593,91390,1,91390,1
78593,91390,1,91390,1
78593,91390,1,91390,1
78593,91390,1,91390,1
78593,91390,1,91390,1
78593,91390,1,91390,1
78593,91390,1,91390,1
78593,91390,1,91384,1
78593,91384,1,91384,1
78593,91384,1,91384,1
78593,91384,1,91384,1
78593,91384,1,91384,1
78593,91384,1,91384,1
78593,91384,1,91384,1
78593,91384,1,91384,1
78593,91384,1,91384,1
78593,91384,1,91384,1
78593,91384,1,91384,1
78593,91384,1,91384,1
78593,91384,1,91384,1
78593,91384,1,91384,1
78593,91384,1,91384,1
78593,91384,1,91384,1
78593,91384,1,91384,1
78593,91384,1,91384,1
78593,91384,1,89786,0
78593,89786,0,89786,0
78593,89786,0,89786,0
78593,89786,0,89786,0
78593,89786,0,89786,0
78593,89786,0,89786,0
78593,89786,0,89786,0
78593,89786,0,89786,0
78593,89786,0,89786,0
78593,89786,0,89786,0
78593,89786,0,89786,0
78593,89786,0,89786,0
78593,89786,0,89786,0
78593,89786,0,89786,0
78593,89786,0,89786,0
78593,89786,0,89786,0
78593,89786,0,89786,0
78593,89786,0,89786,0
78593,89786,0,89786,0
78593,89786,0,89786,0
78593,89786,0,89786,0
78593,89786,0,89786,0
78593,89786,0,89786,0
78593,89786,0,89786,0
78593,89786,0,89786,0
78593,89786,0,89786,0
78593,89786,0,89786,0
78593,89786,0,89786,0
78593,89786,0,89786,0
78593,89786,0,89786,0
78593,89786,0,89786,0
78593,89786,0,89786,0
78593,89786,0,89786,0
78593,89786,0,89786,0
78593,89786,0,89786,0
78593,89786,0,89786,0
78593,89786,0,89786,0
78593,89786,0,89786,0
78593,89786,0,89786,0
78593,89786,0,89786,0
78593,89786,0,89786,0
78593,89786,0,89786,0
78593,89786,0,89786,0
78593,89786,0,89786,0
78593,89786,0,89786,0
78593,89786,0,89786,0
78593,89786,0,89786,0
78593,89786,0,89786,0
78593,89786,0,89786,0
78593,89786,0,89786,0
78593,89786,0,89786,0
78593,89786,0,89786,0
78593,89786,0,89786,0
78593,89786,0,89786,0
78593,89786,0,89786,0
78593,89786,0,89786,0
78593,89786,0,89786,0
78593,89786,0,89786,0
78593,89786,0,89786,0
78593,89786,0,89786,0
78593,89786,0,89786,0
78593,89786,0,89786,0
78593,89786,0,89761,1
78593,89761,1,89761,1
78593,89761,1,89761,1
78593,89761,1,89761,1
78593,89761,1,89761,1
78593,89761,1,89761,1
78593,89761,1,89761,1
78593,89761,1,89761,1
78593,89761,1,89761,1
78593,89761,1,89761,1
78593,89761,1,89761,1
78593,89761,1,89761,1
78593,89761,1,89761,1
78593,89761,1,89761,1
78593,89761,1,89761,1
78593,89761,1,89761,1
78593,89761,1,89761,1
78593,89761,1,89761,1
78593,89761,1,89761,1
78593,89761,1,89761,1
78593,89761,1,89761,1
78593,89761,1,89761,1
78593,89761,1,89761,1
78593,89761,1,89761,1
78593,89761,1,89761,1
78593,89761,1,89761,1
78593,89761,1,89761,1
78593,89761,1,89761,1
78593,89761,1,89761,1
78593,89761,1,89761,1
78593,89761,1,89761,1
78593,89761,1,89761,1
78593,89761,1,89761,1
78593,89761,1,89761,1
78593,89761,1,89761,1
78593,89761,1,89761,1
78593,89761,1,89761,1
78593,89761,1,89761,1
78593,89761,1,89761,1
78593,89761,1,89761,1
78593,89761,1,89761,1
78593,89761,1,89761,1
78593,89761,1,89761,1
78593,89761,1,89761,1
78593,89761,1,89761,1
78593,89761,1,89761,1
78593,89761,1,89761,1
78593,89761,1,89761,1
78593,89761,1,89761,1
78593,89761,1,89761,1
78593,89761,1,89761,1
78593,89761,1,89761,1
78593,89761,1,89761,1
78593,89761,1,89761,1
78593,89761,1,89761,1
78593,89761,1,89761,1
78593,89761,1,89761,1
78593,89761,1,89761,1
78593,89761,1,89761,1
78593,89761,1,89761,1
78593,89761,1,89761,1
78593,89761,1,89761,1
78593,89761,1,91641,0
78593,91641,0,91641,0
78593,91641,0,91641,0
78593,91641,0,91641,0
78593,91641,0,91641,0
78593,91641,0,91641,0
78593,91641,0,91641,0
78593,91641,0,91641,0
78593,91641,0,91641,0
78593,91641,0,91641,0
78593,91641,0,91641,0
78593,91641,0,91641,0
78593,91641,0,91641,0
78593,91641,0,91641,0
78593,91641,0,91641,0
78593,91641,0,91641,0
78593,91641,0,91641,0
78593,91641,0,91641,0
78593,91641,0,91641,0
78593,91641,0,91641,0
78593,91641,0,91641,0
78593,91641,0,91641,0
78593,91641,0,91641,0
78593,91641,0,91641,0
78593,91641,0,91641,0
78593,91641,0,91641,0
78593,91641,0,91641,0
78593,91641,0,91641,0
78593,91641,0,91641,0
78593,91641,0,91641,0
78593,91641,0,91641,0
78593,91641,0,91641,0
78593,91641,0,91641,0
78593,91641,0,91641,0
78593,91641,0,91641,0
78593,91641,0,91641,0
78593,91641,0,91641,0
78593,91641,0,91641,0
78593,91641,0,91641,0
78593,91641,0,91641,0
78593,91641,0,91641,0
78593,91641,0,91641,0
78593,91641,0,91641,0
78593,91641,0,91641,0
78593,91641,0,91641,0
78593,91641,0,91641,0
78593,91641,0,91641,0
78593,91641,0,91641,0
78593,91641,0,91641,0
78593,91641,0,91641,0
78593,91641,0,91641,0
78593,91641,0,91641,0
78593,91641,0,91641,0
78593,91641,0,91641,0
78593,91641,0,91641,0
78593,91641,0,91641,0
78593,91641,0,91641,0
78593,91641,0,91641,0
78593,91641,0,91641,0
78593,91641,0,91641,0
78593,91641,0,91641,0
78593,91641,0,91641,0
78593,91641,0,89771,1
78593,89771,1,89771,1
78593,89771,1,89771,1
78593,89771,1,89771,1
78593,89771,1,89771,1
78593,89771,1,89771,1
78593,89771,1,89771,1
78593,89771,1,89771,1
78593,89771,1,89771,1
78593,89771,1,89771,1
78593,89771,1,89771,1
78593,89771,1,89771,1
78593,89771,1,89771,1
78593,89771,1,89771,1
78593,89771,1,89771,1
78593,89771,1,89771,1
78593,89771,1,89771,1
78593,89771,1,89771,1
78593,89771,1,89771,1
78593,89771,1,89771,1
78593,89771,1,89771,1
78593,89771,1,89771,1
78593,89771,1,89771,1
78593,89771,1,89771,1
78593,89771,1,89771,1
78593,89771,1,89771,1
78593,89771,1,89771,1
78593,89771,1,89771,1
78593,89771,1,89771,1
78593,89771,1,89771,1
78593,89771,1,89771,1
78593,89771,1,89771,1
78593,89771,1,89771,1
78593,89771,1,89771,1
78593,89771,1,89771,1
78593,89771,1,89771,1
78593,89771,1,89771,1
78593,89771,1,89771,1
78593,89771,1,89771,1
78593,89771,1,89771,1
78593,89771,1,89771,1
78593,89771,1,89771,1
78593,89771,1,89771,1
78593,89771,1,89771,1
78593,89771,1,89771,1
78593,89771,1,89771,1
78593,89771,1,89771,1
78593,89771,1,89771,1
78593,89771,1,89771,1
78593,89771,1,89771,1
78593,89771,1,89771,1
78593,89771,1,89771,1
78593,89771,1,89771,1
78593,89771,1,89771,1
78593,89771,1,89771,1
78593,89771,1,89771,1
78593,89771,1,89771,1
78593,89771,1,89771,1
78593,89771,1,89771,1
78593,89771,1,89771,1
78593,89771,1,89771,1
78593,89771,1,89771,1
78593,89771,1,89808,1
78593,89808,1,89808,1
78593,89808,1,89808,1
78593,89808,1,89808,1
78593,89808,1,89808,1
78593,89808,1,89808,1
78593,89808,1,89808,1
78593,89808,1,89808,1
78593,89808,1,89808,1
78593,89808,1,89808,1
78593,89808,1,89808,1
78593,89808,1,89808,1
78593,89808,1,89808,1
78593,89808,1,89808,1
78593,89808,1,89808,1
78593,89808,1,89808,1
78593,89808,1,89808,1
78593,89808,1,89808,1
78593,89808,1,89808,1
78593,89808,1,89808,1
78593,89808,1,89808,1
78593,89808,1,89808,1
78593,89808,1,89808,1
78593,89808,1,89808,1
78593,89808,1,89808,1
78593,89808,1,89808,1
78593,89808,1,89808,1
78593,89808,1,89808,1
78593,89808,1,89808,1
78593,89808,1,89808,1
78593,89808,1,89808,1
78593,89808,1,89808,1
78593,89808,1,89808,1
78593,89808,1,89808,1
78593,89808,1,89808,1
78593,89808,1,89808,1
78593,89808,1,89808,1
78593,89808,1,89808,1
78593,89808,1,89808,1
78593,89808,1,89808,1
78593,89808,1,89808,1
78593,89808,1,89808,1
78593,89808,1,89808,1
78593,89808,1,89808,1
78593,89808,1,89808,1
78593,89808,1,89808,1
78593,89808,1,89808,1
78593,89808,1,89808,1
78593,89808,1,89808,1
78593,89808,1,89808,1
78593,89808,1,89808,1
78593,89808,1,89808,1
78593,89808,1,89808,1
78593,89808,1,89808,1
78593,89808,1,89808,1
78593,89808,1,89808,1
78593,89808,1,89808,1
78593,89808,1,89808,1
78593,89808,1,89808,1
78593,89808,1,89808,1
78593,89808,1,89808,1
78593,89808,1,89808,1
78593,89808,1,89814,1
78593,89814,1,89814,1
78593,89814,1,89814,1
78593,89814,1,89814,1
78593,89814,1,89814,1
78593,89814,1,89814,1
78593,89814,1,89814,1
78593,89814,1,89814,1
78593,89814,1,89814,1
78593,89814,1,89814,1
78593,89814,1,89814,1
78593,89814,1,89814,1
78593,89814,1,89814,1
78593,89814,1,89814,1
78593,89814,1,89814,1
78593,89814,1,89814,1
78593,89814,1,89814,1
78593,89814,1,89814,1
78593,89814,1,89814,1
78593,89814,1,89814,1
78593,89814,1,89814,1
78593,89814,1,89814,1
78593,89814,1,89814,1
78593,89814,1,89814,1
78593,89814,1,89814,1
78593,89814,1,89814,1
78593,89814,1,89814,1
78593,89814,1,89814,1
78593,89814,1,89814,1
78593,89814,1,89814,1
78593,89814,1,89814,1
78593,89814,1,89814,1
78593,89814,1,89814,1
78593,89814,1,89814,1
78593,89814,1,89814,1
78593,89814,1,89814,1
78593,89814,1,89814,1
78593,89814,1,89814,1
78593,89814,1,89814,1
78593,89814,1,89814,1
78593,89814,1,89814,1
78593,89814,1,89814,1
78593,89814,1,89814,1
78593,89814,1,89814,1
78593,89814,1,89814,1
78593,89814,1,89814,1
78593,89814,1,89814,1
78593,89814,1,89814,1
78593,89814,1,89814,1
78593,89814,1,89814,1
78593,89814,1,89814,1
78593,89814,1,89814,1
78593,89814,1,89814,1
78593,89814,1,89814,1
78593,89814,1,89814,1
78593,89814,1,89814,1
78593,89814,1,89814,1
78593,89814,1,89814,1
78593,89814,1,89814,1
78593,89814,1,89814,1
78593,89814,1,89814,1
78593,89814,1,89814,1
78593,89814,1,89838,1
78593,89838,1,89838,1
78593,89838,1,89838,1
78593,89838,1,89838,1
78593,89838,1,89838,1
78593,89838,1,89838,1
78593,89838,1,89838,1
78593,89838,1,89838,1
78593,89838,1,89838,1
78593,89838,1,89838,1
78593,89838,1,89838,1
78593,89838,1,89838,1
78593,89838,1,89838,1
78593,89838,1,89838,1
78593,89838,1,89838,1
78593,89838,1,89838,1
78593,89838,1,89838,1
78593,89838,1,89838,1
78593,89838,1,89838,1
78593,89838,1,89838,1
78593,89838,1,89838,1
78593,89838,1,89838,1
78593,89838,1,89838,1
78593,89838,1,89838,1
78593,89838,1,89838,1
78593,89838,1,89838,1
78593,89838,1,89838,1
78593,89838,1,89838,1
78593,89838,1,89838,1
78593,89838,1,89838,1
78593,89838,1,89838,1
78593,89838,1,89838,1
78593,89838,1,89838,1
78593,89838,1,89838,1
78593,89838,1,89838,1
78593,89838,1,89838,1
78593,89838,1,89838,1
78593,89838,1,89838,1
78593,89838,1,89838,1
78593,89838,1,89838,1
78593,89838,1,89838,1
78593,89838,1,89838,1
78593,89838,1,89838,1
78593,89838,1,89838,1
78593,89838,1,89838,1
78593,89838,1,89838,1
78593,89838,1,89838,1
78593,89838,1,89838,1
78593,89838,1,89838,1
78593,89838,1,89838,1
78593,89838,1,89838,1
78593,89838,1,89838,1
78593,89838,1,89838,1
78593,89838,1,89838,1
78593,89838,1,89838,1
78593,89838,1,89838,1
78593,89838,1,89838,1
78593,89838,1,89838,1
78593,89838,1,89838,1
78593,89838,1,89838,1
78593,89838,1,89838,1
78593,89838,1,89838,1
78593,89838,1,89875,1
78593,89875,1,89875,1
78593,89875,1,89875,1
78593,89875,1,89875,1
78593,89875,1,89875,1
78593,89875,1,89875,1
78593,89875,1,89875,1
78593,89875,1,89875,1
78593,89875,1,89875,1
78593,89875,1,89875,1
78593,89875,1,89875,1
78593,89875,1,89875,1
78593,89875,1,89875,1
78593,89875,1,89875,1
78593,89875,1,89875,1
78593,89875,1,89875,1
78593,89875,1,89875,1
78593,89875,1,89875,1
78593,89875,1,89875,1
78593,89875,1,174083,1
78593,174083,1,174070,0
78593,174070,0,174075,0
78593,174075,0,174085,0
78593,174085,0,174065,1
78593,174065,1,174056,1
78593,174056,1,174068,1
78732,57623,0,57575,0
78732,57575,0,57548,0
78732,57548,0,57506,0
78732,57506,0,59990,1
78732,59990,1,49285,1
78732,49285,1,54144,0
78732,54144,0,54129,1
78732,54129,1,89666,1
78732,89666,1,89922,0
78732,89922,0,89926,0
78732,89926,0,89866,0
78732,89866,0,89936,0
78732,89936,0,89908,0
78732,89908,0,89962,0
78732,89962,0,89942,1
78732,89942,1,54043,1
78732,54043,1,53983,1
78732,53983,1,90118,0
78732,90118,0,90119,1
78732,90119,1,90120,1
78732,90120,1,90188,0
78732,90188,0,90230,0
78732,90230,0,90231,1
78732,90231,1,90157,1
78732,90157,1,90091,1
78732,90091,1,90350,1
78732,90350,1,54502,1
78732,54502,1,58798,1
78732,58798,1,53789,1
78732,53789,1,57624,1
78732,57624,1,57625,0
78732,57625,0,57576,1
78732,57576,1,57577,1
78732,57577,1,57549,0
78732,57549,0,57550,0
78732,57550,0,57507,1
78732,57507,1,57508,0
78757,93191,1,93191,1
78757,93191,1,93191,1
78757,93191,1,93191,1
78757,93191,1,93191,1
78757,93191,1,93191,1
78757,93191,1,93191,1
78757,93191,1,93191,1
78757,93191,1,93191,1
78757,93191,1,93191,1
78757,93191,1,93191,1
78757,93191,1,93191,1
78757,93191,1,93191,1
78757,93191,1,93191,1
78757,93191,1,93191,1
78757,93191,1,93191,1
78757,93191,1,93191,1
78757,93191,1,93191,1
78757,93191,1,93191,1
78757,93191,1,93191,1
78757,93191,1,93191,1
78757,93191,1,93191,1
78757,93191,1,93191,1
78757,93191,1,93191,1
78757,93191,1,93191,1
78757,93191,1,93191,1
78757,93191,1,93212,0
78757,93212,0,93212,0
78757,93212,0,93212,0
78757,93212,0,93212,0
78757,93212,0,93212,0
78757,93212,0,93212,0
78757,93212,0,93212,0
78757,93212,0,93212,0
78757,93212,0,93212,0
78757,93212,0,93212,0
78757,93212,0,93212,0
78757,93212,0,93212,0
78757,93212,0,93212,0
78757,93212,0,93212,0
78757,93212,0,93212,0
78757,93212,0,93212,0
78757,93212,0,93212,0
78757,93212,0,93212,0
78757,93212,0,93212,0
78757,93212,0,93212,0
78757,93212,0,93212,0
78757,93212,0,93212,0
78757,93212,0,93212,0
78757,93212,0,93212,0
78757,93212,0,93212,0
78757,93212,0,93212,0
78757,93212,0,93236,1
78757,93236,1,93236,1
78757,93236,1,93236,1
78757,93236,1,93236,1
78757,93236,1,93236,1
78757,93236,1,93236,1
78757,93236,1,93236,1
78757,93236,1,93236,1
78757,93236,1,93236,1
78757,93236,1,93236,1
78757,93236,1,93236,1
78757,93236,1,93236,1
78757,93236,1,93236,1
78757,93236,1,93236,1
78757,93236,1,93236,1
78757,93236,1,93236,1
78757,93236,1,93236,1
78757,93236,1,93236,1
78757,93236,1,93236,1
78757,93236,1,93236,1
78757,93236,1,93236,1
78757,93236,1,93236,1
78757,93236,1,93236,1
78757,93236,1,93236,1
78757,93236,1,93236,1
78757,93236,1,93236,1
78757,93236,1,93216,1
78757,93216,1,93216,1
78757,93216,1,93216,1
78757,93216,1,93216,1
78757,93216,1,93216,1
78757,93216,1,93216,1
78757,93216,1,93216,1
78757,93216,1,93216,1
78757,93216,1,93216,1
78757,93216,1,93216,1
78757,93216,1,93216,1
78757,93216,1,93216,1
78757,93216,1,93216,1
78757,93216,1,93216,1
78757,93216,1,93216,1
78757,93216,1,93216,1
78757,93216,1,93216,1
78757,93216,1,93216,1
78757,93216,1,93216,1
78757,93216,1,93216,1
78757,93216,1,93216,1
78757,93216,1,93216,1
78757,93216,1,93216,1
78757,93216,1,93216,1
78757,93216,1,93216,1
78757,93216,1,93216,1
78757,93216,1,93156,1
78757,93156,1,93156,1
78757,93156,1,93156,1
78757,93156,1,93156,1
78757,93156,1,93156,1
78757,93156,1,93156,1
78757,93156,1,93156,1
78757,93156,1,93156,1
78757,93156,1,93156,1
78757,93156,1,93156,1
78757,93156,1,93156,1
78757,93156,1,93156,1
78757,93156,1,93156,1
78757,93156,1,93156,1
78757,93156,1,93156,1
78757,93156,1,93156,1
78757,93156,1,93156,1
78757,93156,1,93156,1
78757,93156,1,93156,1
78757,93156,1,93156,1
78757,93156,1,93156,1
78757,93156,1,93156,1
78757,93156,1,93156,1
78757,93156,1,93156,1
78757,93156,1,93156,1
78757,93156,1,93156,1
78757,93156,1,93155,1
78757,93155,1,93155,1
78757,93155,1,93155,1
78757,93155,1,93155,1
78757,93155,1,93155,1
78757,93155,1,93155,1
78757,93155,1,93155,1
78757,93155,1,93155,1
78757,93155,1,93155,1
78757,93155,1,93155,1
78757,93155,1,93155,1
78757,93155,1,93155,1
78757,93155,1,93155,1
78757,93155,1,93155,1
78757,93155,1,85850,1
78757,85850,1,85818,0
78757,85818,0,85888,1
78757,85888,1,85863,1
78757,85863,1,85880,1
78757,85880,1,85956,0
78757,85956,0,85908,1
78757,85908,1,85946,0
78757,85946,0,86053,1
78757,86053,1,85960,0
78757,85960,0,85904,1
78757,85904,1,85951,1
78757,85951,1,84781,0
78757,84781,0,84832,1
78757,84832,1,84836,1
78757,84836,1,84977,1
78757,84977,1,86048,0
78757,86048,0,85975,1
78757,85975,1,85937,0
78757,85937,0,85948,1
78757,85948,1,86071,1
78757,86071,1,85964,0
78757,85964,0,85962,0
78757,85962,0,86046,0
78757,86046,0,85947,0
78757,85947,0,85903,0
78757,85903,0,85934,0
78757,85934,0,85967,0
78757,85967,0,85896,1
78757,85896,1,86073,0
78757,86073,0,66279,0
78757,66279,0,65841,1
78757,65841,1,66197,1
78757,66197,1,66310,1
78757,66310,1,87042,1
78757,87042,1,87037,1
78757,87037,1,86234,0
78757,86234,0,86205,0
78757,86205,0,86226,1
78757,86226,1,86213,1
78757,86213,1,86229,0
78757,86229,0,86204,1
78757,86204,1,86221,1
78757,86221,1,86219,0
78757,86219,0,86140,0
78757,86140,0,86156,1
78757,86156,1,86139,1
78757,86139,1,86153,1
78757,86153,1,86200,1
78757,86200,1,86196,0
78757,86196,0,86190,0
78757,86190,0,86222,0
78757,86222,0,86905,0
78757,86905,0,86783,1
78757,86783,1,86908,1
78757,86908,1,86774,1
78757,86774,1,85105,0
78757,85105,0,85105,0
78757,85105,0,85105,0
78757,85105,0,85105,0
78757,85105,0,85105,0
78757,85105,0,85105,0
78757,85105,0,85105,0
78757,85105,0,85105,0
78757,85105,0,85105,0
78757,85105,0,85105,0
78757,85105,0,85105,0
78757,85105,0,85105,0
78757,85105,0,85105,0
78757,85105,0,85105,0
78757,85105,0,85105,0
78757,85105,0,85105,0
78757,85105,0,85105,0
78757,85105,0,85105,0
78757,85105,0,85105,0
78757,85105,0,85105,0
78757,85105,0,84625,1
78757,84625,1,84625,1
78757,84625,1,84625,1
78757,84625,1,84625,1
78757,84625,1,84625,1
78757,84625,1,84625,1
78757,84625,1,84625,1
78757,84625,1,84625,1
78757,84625,1,84625,1
78757,84625,1,84625,1
78757,84625,1,84625,1
78757,84625,1,84625,1
78757,84625,1,84625,1
78757,84625,1,84625,1
78757,84625,1,84625,1
78757,84625,1,84625,1
78757,84625,1,84625,1
78757,84625,1,84625,1
78757,84625,1,84625,1
78757,84625,1,84625,1
78757,84625,1,85107,1
78757,85107,1,85107,1
78757,85107,1,85107,1
78757,85107,1,85107,1
78757,85107,1,85107,1
78757,85107,1,85107,1
78757,85107,1,85107,1
78757,85107,1,85107,1
78757,85107,1,85107,1
78757,85107,1,85107,1
78757,85107,1,85107,1
78757,85107,1,85107,1
78757,85107,1,85107,1
78757,85107,1,85107,1
78757,85107,1,85107,1
78757,85107,1,85107,1
78757,85107,1,85107,1
78757,85107,1,85107,1
78757,85107,1,85107,1
78757,85107,1,85107,1
78757,85107,1,86103,1
78757,86103,1,86103,1
78757,86103,1,86103,1
78757,86103,1,86103,1
78757,86103,1,86103,1
78757,86103,1,86103,1
78757,86103,1,86103,1
78757,86103,1,86103,1
78757,86103,1,86103,1
78757,86103,1,86103,1
78757,86103,1,86103,1
78757,86103,1,86103,1
78757,86103,1,86103,1
78757,86103,1,86103,1
78757,86103,1,86103,1
78757,86103,1,86103,1
78757,86103,1,86103,1
78757,86103,1,86103,1
78757,86103,1,86103,1
78757,86103,1,86103,1
78757,86103,1,86120,1
78757,86120,1,86120,1
78757,86120,1,86120,1
78757,86120,1,86120,1
78757,86120,1,86120,1
78757,86120,1,86120,1
78757,86120,1,86120,1
78757,86120,1,86120,1
78757,86120,1,86120,1
78757,86120,1,86120,1
78757,86120,1,86545,0
78757,86545,0,86347,0
78757,86347,0,86446,0
78757,86446,0,86329,0
78757,86329,0,86318,1
78757,86318,1,86546,0
78757,86546,0,89299,1
78757,89299,1,89299,1
78757,89299,1,89299,1
78757,89299,1,89299,1
78757,89299,1,89299,1
78757,89299,1,89299,1
78757,89299,1,89299,1
78757,89299,1,89299,1
78757,89299,1,89299,1
78757,89299,1,89299,1
78757,89299,1,89299,1
78757,89299,1,89299,1
78757,89299,1,89299,1
78757,89299,1,89299,1
78757,89299,1,89299,1
78757,89299,1,89299,1
78757,89299,1,89299,1
78757,89299,1,89299,1
78757,89299,1,89299,1
78757,89299,1,89299,1
78757,89299,1,89270,0
78757,89270,0,89270,0
78757,89270,0,89270,0
78757,89270,0,89270,0
78757,89270,0,89270,0
78757,89270,0,89270,0
78757,89270,0,89270,0
78757,89270,0,89270,0
78757,89270,0,89270,0
78757,89270,0,89270,0
78757,89270,0,89270,0
78757,89270,0,89270,0
78757,89270,0,89270,0
78757,89270,0,89270,0
78757,89270,0,89270,0
78757,89270,0,89270,0
78757,89270,0,89270,0
78757,89270,0,89270,0
78757,89270,0,89270,0
78757,89270,0,89270,0
78757,89270,0,89270,0
78757,89270,0,89270,0
78757,89270,0,89270,0
78757,89270,0,89270,0
78757,89270,0,89270,0
78757,89270,0,89270,0
78757,89270,0,89270,0
78757,89270,0,89270,0
78757,89270,0,89270,0
78757,89270,0,89270,0
78757,89270,0,89270,0
78757,89270,0,89270,0
78757,89270,0,89270,0
78757,89270,0,89270,0
78757,89270,0,89270,0
78757,89270,0,89270,0
78757,89270,0,89270,0
78757,89270,0,89270,0
78757,89270,0,89270,0
78757,89270,0,89270,0
78757,89270,0,89270,0
78757,89270,0,89270,0
78757,89270,0,89270,0
78757,89270,0,89270,0
78757,89270,0,89270,0
78757,89270,0,89270,0
78757,89270,0,89270,0
78757,89270,0,89270,0
78757,89270,0,89270,0
78757,89270,0,89270,0
78757,89270,0,89270,0
78757,89270,0,89270,0
78757,89270,0,89270,0
78757,89270,0,89270,0
78757,89270,0,89270,0
78757,89270,0,89270,0
78757,89270,0,89270,0
78757,89270,0,89270,0
78757,89270,0,89270,0
78757,89270,0,89270,0
78757,89270,0,91359,1
78757,91359,1,91359,1
78757,91359,1,91359,1
78757,91359,1,91359,1
78757,91359,1,91359,1
78757,91359,1,91359,1
78757,91359,1,91359,1
78757,91359,1,91359,1
78757,91359,1,91359,1
78757,91359,1,91359,1
78757,91359,1,91359,1
78757,91359,1,91359,1
78757,91359,1,91359,1
78757,91359,1,91359,1
78757,91359,1,91359,1
78757,91359,1,91359,1
78757,91359,1,91359,1
78757,91359,1,91359,1
78757,91359,1,91359,1
78757,91359,1,91359,1
78757,91359,1,91359,1
78757,91359,1,91359,1
78757,91359,1,91359,1
78757,91359,1,91359,1
78757,91359,1,91359,1
78757,91359,1,91359,1
78757,91359,1,91359,1
78757,91359,1,91359,1
78757,91359,1,91359,1
78757,91359,1,91359,1
78757,91359,1,91359,1
78757,91359,1,91359,1
78757,91359,1,91359,1
78757,91359,1,91359,1
78757,91359,1,91359,1
78757,91359,1,91359,1
78757,91359,1,91359,1
78757,91359,1,91359,1
78757,91359,1,91359,1
78757,91359,1,91359,1
78757,91359,1,91359,1
78757,91359,1,91359,1
78757,91359,1,91359,1
78757,91359,1,91359,1
78757,91359,1,91359,1
78757,91359,1,91359,1
78757,91359,1,91359,1
78757,91359,1,91359,1
78757,91359,1,91359,1
78757,91359,1,91359,1
78757,91359,1,91359,1
78757,91359,1,91359,1
78757,91359,1,91359,1
78757,91359,1,91359,1
78757,91359,1,91359,1
78757,91359,1,91359,1
78757,91359,1,91359,1
78757,91359,1,91359,1
78757,91359,1,91359,1
78757,91359,1,91359,1
78757,91359,1,91364,1
78757,91364,1,91364,1
78757,91364,1,91364,1
78757,91364,1,91364,1
78757,91364,1,91364,1
78757,91364,1,91364,1
78757,91364,1,91364,1
78757,91364,1,91364,1
78757,91364,1,91364,1
78757,91364,1,91364,1
78757,91364,1,91364,1
78757,91364,1,91364,1
78757,91364,1,91364,1
78757,91364,1,91364,1
78757,91364,1,91364,1
78757,91364,1,91364,1
78757,91364,1,91364,1
78757,91364,1,91364,1
78757,91364,1,91364,1
78757,91364,1,91364,1
78757,91364,1,91364,1
78757,91364,1,91364,1
78757,91364,1,91364,1
78757,91364,1,91364,1
78757,91364,1,91364,1
78757,91364,1,91364,1
78757,91364,1,91364,1
78757,91364,1,91364,1
78757,91364,1,91364,1
78757,91364,1,91364,1
78757,91364,1,91364,1
78757,91364,1,91364,1
78757,91364,1,91364,1
78757,91364,1,91364,1
78757,91364,1,91364,1
78757,91364,1,91364,1
78757,91364,1,91364,1
78757,91364,1,91364,1
78757,91364,1,91364,1
78757,91364,1,91364,1
78757,91364,1,91364,1
78757,91364,1,91364,1
78757,91364,1,91364,1
78757,91364,1,91364,1
78757,91364,1,91364,1
78757,91364,1,91364,1
78757,91364,1,91364,1
78757,91364,1,91364,1
78757,91364,1,91364,1
78757,91364,1,91364,1
78757,91364,1,91364,1
78757,91364,1,91364,1
78757,91364,1,91364,1
78757,91364,1,91364,1
78757,91364,1,91364,1
78757,91364,1,91364,1
78757,91364,1,91364,1
78757,91364,1,91364,1
78757,91364,1,91364,1
78757,91364,1,91364,1
78757,91364,1,91398,0
78757,91398,0,91398,0
78757,91398,0,91398,0
78757,91398,0,91398,0
78757,91398,0,91398,0
78757,91398,0,91398,0
78757,91398,0,91398,0
78757,91398,0,91398,0
78757,91398,0,91398,0
78757,91398,0,91398,0
78757,91398,0,91398,0
78757,91398,0,91398,0
78757,91398,0,91398,0
78757,91398,0,91398,0
78757,91398,0,91398,0
78757,91398,0,91398,0
78757,91398,0,91398,0
78757,91398,0,91398,0
78757,91398,0,91398,0
78757,91398,0,91398,0
78757,91398,0,91398,0
78757,91398,0,91398,0
78757,91398,0,91398,0
78757,91398,0,91398,0
78757,91398,0,91398,0
78757,91398,0,91398,0
78757,91398,0,91398,0
78757,91398,0,91398,0
78757,91398,0,91398,0
78757,91398,0,91398,0
78757,91398,0,91398,0
78757,91398,0,91398,0
78757,91398,0,91398,0
78757,91398,0,91398,0
78757,91398,0,91398,0
78757,91398,0,91398,0
78757,91398,0,91398,0
78757,91398,0,91398,0
78757,91398,0,91398,0
78757,91398,0,91398,0
78757,91398,0,91398,0
78757,91398,0,91398,0
78757,91398,0,91398,0
78757,91398,0,91398,0
78757,91398,0,91398,0
78757,91398,0,91398,0
78757,91398,0,91398,0
78757,91398,0,91398,0
78757,91398,0,91398,0
78757,91398,0,91398,0
78757,91398,0,91398,0
78757,91398,0,91398,0
78757,91398,0,91398,0
78757,91398,0,91398,0
78757,91398,0,91398,0
78757,91398,0,91398,0
78757,91398,0,91398,0
78757,91398,0,91398,0
78757,91398,0,91398,0
78757,91398,0,91398,0
78757,91398,0,91403,1
78757,91403,1,91403,1
78757,91403,1,91403,1
78757,91403,1,91403,1
78757,91403,1,91403,1
78757,91403,1,91403,1
78757,91403,1,91403,1
78757,91403,1,91403,1
78757,91403,1,91403,1
78757,91403,1,91403,1
78757,91403,1,91403,1
78757,91403,1,91403,1
78757,91403,1,91403,1
78757,91403,1,91403,1
78757,91403,1,91403,1
78757,91403,1,91403,1
78757,91403,1,91403,1
78757,91403,1,91403,1
78757,91403,1,91403,1
78757,91403,1,91403,1
78757,91403,1,91403,1
78757,91403,1,89278,0
78757,89278,0,89278,0
78757,89278,0,89278,0
78757,89278,0,89278,0
78757,89278,0,89278,0
78757,89278,0,89278,0
78757,89278,0,89278,0
78757,89278,0,89278,0
78757,89278,0,89278,0
78757,89278,0,89278,0
78757,89278,0,89278,0
78757,89278,0,89278,0
78757,89278,0,89278,0
78757,89278,0,89278,0
78757,89278,0,89278,0
78757,89278,0,89278,0
78757,89278,0,89278,0
78757,89278,0,89278,0
78757,89278,0,89278,0
78757,89278,0,89278,0
78757,89278,0,89278,0
78757,89278,0,89278,0
78757,89278,0,89278,0
78757,89278,0,89278,0
78757,89278,0,89278,0
78757,89278,0,89278,0
78757,89278,0,89278,0
78757,89278,0,89278,0
78757,89278,0,89278,0
78757,89278,0,89278,0
78757,89278,0,89278,0
78757,89278,0,89278,0
78757,89278,0,89278,0
78757,89278,0,89278,0
78757,89278,0,89278,0
78757,89278,0,89278,0
78757,89278,0,89278,0
78757,89278,0,89278,0
78757,89278,0,89278,0
78757,89278,0,89278,0
78757,89278,0,89278,0
78757,89278,0,89278,0
78757,89278,0,89278,0
78757,89278,0,89278,0
78757,89278,0,89278,0
78757,89278,0,89278,0
78757,89278,0,89278,0
78757,89278,0,89278,0
78757,89278,0,89278,0
78757,89278,0,89278,0
78757,89278,0,89278,0
78757,89278,0,89278,0
78757,89278,0,89278,0
78757,89278,0,89278,0
78757,89278,0,89278,0
78757,89278,0,89278,0
78757,89278,0,89278,0
78757,89278,0,89278,0
78757,89278,0,89278,0
78757,89278,0,89278,0
78757,89278,0,91390,1
78757,91390,1,91390,1
78757,91390,1,91390,1
78757,91390,1,91390,1
78757,91390,1,91390,1
78757,91390,1,91390,1
78757,91390,1,91390,1
78757,91390,1,91390,1
78757,91390,1,91390,1
78757,91390,1,91390,1
78757,91390,1,91390,1
78757,91390,1,91390,1
78757,91390,1,91390,1
78757,91390,1,91390,1
78757,91390,1,91390,1
78757,91390,1,91390,1
78757,91390,1,91390,1
78757,91390,1,91390,1
78757,91390,1,91390,1
78757,91390,1,91390,1
78757,91390,1,91390,1
78757,91390,1,91390,1
78757,91390,1,91390,1
78757,91390,1,91390,1
78757,91390,1,91390,1
78757,91390,1,91390,1
78757,91390,1,91390,1
78757,91390,1,91390,1
78757,91390,1,91390,1
78757,91390,1,91390,1
78757,91390,1,91390,1
78757,91390,1,91390,1
78757,91390,1,91390,1
78757,91390,1,91390,1
78757,91390,1,91390,1
78757,91390,1,91390,1
78757,91390,1,91390,1
78757,91390,1,91390,1
78757,91390,1,91390,1
78757,91390,1,91390,1
78757,91390,1,91390,1
78757,91390,1,91390,1
78757,91390,1,91390,1
78757,91390,1,91390,1
78757,91390,1,91390,1
78757,91390,1,91390,1
78757,91390,1,91390,1
78757,91390,1,91390,1
78757,91390,1,91390,1
78757,91390,1,91390,1
78757,91390,1,91390,1
78757,91390,1,91390,1
78757,91390,1,91390,1
78757,91390,1,91390,1
78757,91390,1,91390,1
78757,91390,1,91390,1
78757,91390,1,91390,1
78757,91390,1,91390,1
78757,91390,1,91390,1
78757,91390,1,91390,1
78757,91390,1,89274,1
78757,89274,1,89274,1
78757,89274,1,89274,1
78757,89274,1,89274,1
78757,89274,1,89274,1
78757,89274,1,89274,1
78757,89274,1,89274,1
78757,89274,1,89274,1
78757,89274,1,89274,1
78757,89274,1,89274,1
78757,89274,1,89274,1
78757,89274,1,89274,1
78757,89274,1,89274,1
78757,89274,1,89274,1
78757,89274,1,89274,1
78757,89274,1,89274,1
78757,89274,1,89274,1
78757,89274,1,89274,1
78757,89274,1,89274,1
78757,89274,1,89274,1
78757,89274,1,89274,1
78757,89274,1,89274,1
78757,89274,1,89274,1
78757,89274,1,89274,1
78757,89274,1,89274,1
78757,89274,1,89274,1
78757,89274,1,89274,1
78757,89274,1,89274,1
78757,89274,1,89274,1
78757,89274,1,89274,1
78757,89274,1,89274,1
78757,89274,1,89274,1
78757,89274,1,89274,1
78757,89274,1,89274,1
78757,89274,1,89274,1
78757,89274,1,89274,1
78757,89274,1,89274,1
78757,89274,1,89274,1
78757,89274,1,89274,1
78757,89274,1,89274,1
78757,89274,1,89274,1
78757,89274,1,89274,1
78757,89274,1,89274,1
78757,89274,1,89274,1
78757,89274,1,89274,1
78757,89274,1,89274,1
78757,89274,1,89274,1
78757,89274,1,89274,1
78757,89274,1,89274,1
78757,89274,1,89274,1
78757,89274,1,89274,1
78757,89274,1,89274,1
78757,89274,1,89274,1
78757,89274,1,89274,1
78757,89274,1,89274,1
78757,89274,1,89274,1
78757,89274,1,89274,1
78757,89274,1,89274,1
78757,89274,1,89274,1
78757,89274,1,89274,1
78757,89274,1,89782,0
78757,89782,0,89782,0
78757,89782,0,89782,0
78757,89782,0,89782,0
78757,89782,0,89782,0
78757,89782,0,89782,0
78757,89782,0,89782,0
78757,89782,0,89782,0
78757,89782,0,89782,0
78757,89782,0,89782,0
78757,89782,0,89782,0
78757,89782,0,89782,0
78757,89782,0,89782,0
78757,89782,0,89782,0
78757,89782,0,89782,0
78757,89782,0,89782,0
78757,89782,0,89782,0
78757,89782,0,89782,0
78757,89782,0,89782,0
78757,89782,0,89782,0
78757,89782,0,89782,0
78757,89782,0,89782,0
78757,89782,0,89782,0
78757,89782,0,89782,0
78757,89782,0,89782,0
78757,89782,0,89782,0
78757,89782,0,89782,0
78757,89782,0,89782,0
78757,89782,0,89782,0
78757,89782,0,89782,0
78757,89782,0,89782,0
78757,89782,0,89782,0
78757,89782,0,89782,0
78757,89782,0,89782,0
78757,89782,0,89782,0
78757,89782,0,89782,0
78757,89782,0,89782,0
78757,89782,0,89782,0
78757,89782,0,89782,0
78757,89782,0,89782,0
78757,89782,0,89782,0
78757,89782,0,89782,0
78757,89782,0,89782,0
78757,89782,0,89782,0
78757,89782,0,89782,0
78757,89782,0,89782,0
78757,89782,0,89782,0
78757,89782,0,89782,0
78757,89782,0,89782,0
78757,89782,0,89782,0
78757,89782,0,89782,0
78757,89782,0,89782,0
78757,89782,0,89782,0
78757,89782,0,89782,0
78757,89782,0,89782,0
78757,89782,0,89782,0
78757,89782,0,89782,0
78757,89782,0,89782,0
78757,89782,0,89782,0
78757,89782,0,89782,0
78757,89782,0,89782,0
78757,89782,0,89782,0
78757,89782,0,89797,1
78757,89797,1,89797,1
78757,89797,1,89797,1
78757,89797,1,89797,1
78757,89797,1,89797,1
78757,89797,1,89797,1
78757,89797,1,89797,1
78757,89797,1,89797,1
78757,89797,1,89797,1
78757,89797,1,89797,1
78757,89797,1,89797,1
78757,89797,1,89797,1
78757,89797,1,89797,1
78757,89797,1,89797,1
78757,89797,1,89797,1
78757,89797,1,89797,1
78757,89797,1,89797,1
78757,89797,1,89797,1
78757,89797,1,89797,1
78757,89797,1,89797,1
78757,89797,1,89797,1
78757,89797,1,89797,1
78757,89797,1,89797,1
78757,89797,1,89797,1
78757,89797,1,89797,1
78757,89797,1,89797,1
78757,89797,1,89797,1
78757,89797,1,89797,1
78757,89797,1,89797,1
78757,89797,1,89797,1
78757,89797,1,89797,1
78757,89797,1,89797,1
78757,89797,1,89797,1
78757,89797,1,89797,1
78757,89797,1,89797,1
78757,89797,1,89797,1
78757,89797,1,89797,1
78757,89797,1,89797,1
78757,89797,1,89797,1
78757,89797,1,89797,1
78757,89797,1,89797,1
78757,89797,1,89797,1
78757,89797,1,89797,1
78757,89797,1,89797,1
78757,89797,1,89797,1
78757,89797,1,89797,1
78757,89797,1,89797,1
78757,89797,1,89797,1
78757,89797,1,89797,1
78757,89797,1,89797,1
78757,89797,1,89797,1
78757,89797,1,89797,1
78757,89797,1,89797,1
78757,89797,1,89797,1
78757,89797,1,89797,1
78757,89797,1,89797,1
78757,89797,1,89797,1
78757,89797,1,89797,1
78757,89797,1,89797,1
78757,89797,1,89797,1
78757,89797,1,89797,1
78757,89797,1,89797,1
78757,89797,1,89835,1
78757,89835,1,89835,1
78757,89835,1,89835,1
78757,89835,1,89835,1
78757,89835,1,89835,1
78757,89835,1,89835,1
78757,89835,1,89835,1
78757,89835,1,89835,1
78757,89835,1,89835,1
78757,89835,1,89835,1
78757,89835,1,89835,1
78757,89835,1,89835,1
78757,89835,1,89835,1
78757,89835,1,89835,1
78757,89835,1,89835,1
78757,89835,1,89835,1
78757,89835,1,89835,1
78757,89835,1,89835,1
78757,89835,1,89835,1
78757,89835,1,89835,1
78757,89835,1,89835,1
78757,89835,1,89835,1
78757,89835,1,89835,1
78757,89835,1,89835,1
78757,89835,1,89835,1
78757,89835,1,89835,1
78757,89835,1,89835,1
78757,89835,1,89835,1
78757,89835,1,89835,1
78757,89835,1,89835,1
78757,89835,1,89835,1
78757,89835,1,89835,1
78757,89835,1,89835,1
78757,89835,1,89835,1
78757,89835,1,89835,1
78757,89835,1,89835,1
78757,89835,1,89835,1
78757,89835,1,89835,1
78757,89835,1,89835,1
78757,89835,1,89835,1
78757,89835,1,89835,1
78757,89835,1,89835,1
78757,89835,1,89835,1
78757,89835,1,89835,1
78757,89835,1,89835,1
78757,89835,1,89835,1
78757,89835,1,89835,1
78757,89835,1,89835,1
78757,89835,1,89835,1
78757,89835,1,89835,1
78757,89835,1,89835,1
78757,89835,1,89835,1
78757,89835,1,89835,1
78757,89835,1,89835,1
78757,89835,1,89835,1
78757,89835,1,89835,1
78757,89835,1,89835,1
78757,89835,1,89835,1
78757,89835,1,89835,1
78757,89835,1,89835,1
78757,89835,1,89835,1
78757,89835,1,89835,1
78757,89835,1,89842,1
78757,89842,1,89842,1
78757,89842,1,89842,1
78757,89842,1,89842,1
78757,89842,1,89842,1
78757,89842,1,89842,1
78757,89842,1,89842,1
78757,89842,1,89842,1
78757,89842,1,89842,1
78757,89842,1,89842,1
78757,89842,1,89842,1
78757,89842,1,89842,1
78757,89842,1,89842,1
78757,89842,1,89842,1
78757,89842,1,89842,1
78757,89842,1,89842,1
78757,89842,1,89842,1
78757,89842,1,89842,1
78757,89842,1,89842,1
78757,89842,1,89842,1
78757,89842,1,89842,1
78757,89842,1,89842,1
78757,89842,1,84990,0
78757,84990,0,84598,1
78757,84598,1,85022,0
78757,85022,0,85056,1
78757,85056,1,84656,1
78757,84656,1,91661,1
78757,91661,1,91661,1
78757,91661,1,91661,1
78757,91661,1,91661,1
78757,91661,1,91661,1
78757,91661,1,91661,1
78757,91661,1,91661,1
78757,91661,1,91661,1
78757,91661,1,91661,1
78757,91661,1,91661,1
78757,91661,1,91661,1
78757,91661,1,91661,1
78757,91661,1,91661,1
78757,91661,1,91661,1
78757,91661,1,91661,1
78757,91661,1,91661,1
78757,91661,1,91661,1
78757,91661,1,91661,1
78757,91661,1,91661,1
78757,91661,1,91661,1
78757,91661,1,91661,1
78757,91661,1,91661,1
78757,91661,1,91661,1
78757,91661,1,91661,1
78757,91661,1,91661,1
78757,91661,1,91661,1
78757,91661,1,91661,1
78757,91661,1,91661,1
78757,91661,1,91661,1
78757,91661,1,91661,1
78757,91661,1,91661,1
78757,91661,1,91661,1
78757,91661,1,91661,1
78757,91661,1,91661,1
78757,91661,1,91661,1
78757,91661,1,91661,1
78757,91661,1,91661,1
78757,91661,1,91661,1
78757,91661,1,91661,1
78757,91661,1,91661,1
78757,91661,1,91661,1
78757,91661,1,91661,1
78757,91661,1,91661,1
78757,91661,1,91661,1
78757,91661,1,91661,1
78757,91661,1,91661,1
78757,91661,1,91661,1
78757,91661,1,91661,1
78757,91661,1,91661,1
78757,91661,1,91661,1
78757,91661,1,91661,1
78757,91661,1,91661,1
78757,91661,1,91661,1
78757,91661,1,91661,1
78757,91661,1,91661,1
78757,91661,1,91661,1
78757,91661,1,91661,1
78757,91661,1,91661,1
78757,91661,1,91661,1
78757,91661,1,91661,1
78757,91661,1,91661,1
78757,91661,1,91661,1
78757,91661,1,91655,1
78757,91655,1,91655,1
78757,91655,1,91655,1
78757,91655,1,91655,1
78757,91655,1,91655,1
78757,91655,1,91655,1
78757,91655,1,91655,1
78757,91655,1,91655,1
78757,91655,1,91655,1
78757,91655,1,91655,1
78757,91655,1,91655,1
78757,91655,1,91655,1
78757,91655,1,91655,1
78757,91655,1,91655,1
78757,91655,1,91655,1
78757,91655,1,91655,1
78757,91655,1,91655,1
78757,91655,1,91655,1
78757,91655,1,91655,1
78757,91655,1,91655,1
78757,91655,1,174026,0
78757,174026,0,174034,1
78757,174034,1,174102,0
78757,174102,0,174088,1
78757,174088,1,174050,0
78757,174050,0,174057,1
78757,174057,1,174080,0
78757,174080,0,174068,1
78763,93209,1,93209,1
78763,93209,1,93209,1
78763,93209,1,93209,1
78763,93209,1,93209,1
78763,93209,1,93209,1
78763,93209,1,93209,1
78763,93209,1,93209,1
78763,93209,1,93209,1
78763,93209,1,93209,1
78763,93209,1,93209,1
78763,93209,1,93209,1
78763,93209,1,93209,1
78763,93209,1,93209,1
78763,93209,1,93209,1
78763,93209,1,93209,1
78763,93209,1,93209,1
78763,93209,1,93209,1
78763,93209,1,93209,1
78763,93209,1,93209,1
78763,93209,1,93209,1
78763,93209,1,93209,1
78763,93209,1,93209,1
78763,93209,1,93209,1
78763,93209,1,93209,1
78763,93209,1,93209,1
78763,93209,1,93242,1
78763,93242,1,93242,1
78763,93242,1,93242,1
78763,93242,1,93242,1
78763,93242,1,93242,1
78763,93242,1,93242,1
78763,93242,1,93242,1
78763,93242,1,93242,1
78763,93242,1,93242,1
78763,93242,1,93242,1
78763,93242,1,93242,1
78763,93242,1,93242,1
78763,93242,1,93242,1
78763,93242,1,93242,1
78763,93242,1,93242,1
78763,93242,1,93242,1
78763,93242,1,93242,1
78763,93242,1,93242,1
78763,93242,1,93242,1
78763,93242,1,93242,1
78763,93242,1,93242,1
78763,93242,1,93242,1
78763,93242,1,93242,1
78763,93242,1,93242,1
78763,93242,1,93242,1
78763,93242,1,93242,1
78763,93242,1,85092,1
78763,85092,1,85092,1
78763,85092,1,85092,1
78763,85092,1,85092,1
78763,85092,1,85092,1
78763,85092,1,85092,1
78763,85092,1,85092,1
78763,85092,1,85092,1
78763,85092,1,85092,1
78763,85092,1,85092,1
78763,85092,1,85092,1
78763,85092,1,85092,1
78763,85092,1,85092,1
78763,85092,1,85092,1
78763,85092,1,85092,1
78763,85092,1,85092,1
78763,85092,1,85092,1
78763,85092,1,85092,1
78763,85092,1,85092,1
78763,85092,1,85092,1
78763,85092,1,85669,1
78763,85669,1,85669,1
78763,85669,1,85669,1
78763,85669,1,85669,1
78763,85669,1,85669,1
78763,85669,1,85669,1
78763,85669,1,85669,1
78763,85669,1,85669,1
78763,85669,1,85669,1
78763,85669,1,85669,1
78763,85669,1,85669,1
78763,85669,1,85669,1
78763,85669,1,85669,1
78763,85669,1,85669,1
78763,85669,1,85669,1
78763,85669,1,85669,1
78763,85669,1,85669,1
78763,85669,1,85669,1
78763,85669,1,85669,1
78763,85669,1,85669,1
78763,85669,1,91351,1
78763,91351,1,91351,1
78763,91351,1,91351,1
78763,91351,1,91351,1
78763,91351,1,91351,1
78763,91351,1,91351,1
78763,91351,1,91351,1
78763,91351,1,91351,1
78763,91351,1,91351,1
78763,91351,1,91351,1
78763,91351,1,91351,1
78763,91351,1,91351,1
78763,91351,1,91351,1
78763,91351,1,91351,1
78763,91351,1,91351,1
78763,91351,1,91351,1
78763,91351,1,91351,1
78763,91351,1,91351,1
78763,91351,1,91351,1
78763,91351,1,91351,1
78763,91351,1,91351,1
78763,91351,1,91351,1
78763,91351,1,91351,1
78763,91351,1,91351,1
78763,91351,1,91351,1
78763,91351,1,91351,1
78763,91351,1,91351,1
78763,91351,1,91351,1
78763,91351,1,91351,1
78763,91351,1,91351,1
78763,91351,1,91351,1
78763,91351,1,91351,1
78763,91351,1,91351,1
78763,91351,1,91351,1
78763,91351,1,91351,1
78763,91351,1,91351,1
78763,91351,1,91351,1
78763,91351,1,91351,1
78763,91351,1,91351,1
78763,91351,1,91351,1
78763,91351,1,91351,1
78763,91351,1,91351,1
78763,91351,1,91351,1
78763,91351,1,91351,1
78763,91351,1,91351,1
78763,91351,1,91351,1
78763,91351,1,91351,1
78763,91351,1,91351,1
78763,91351,1,91351,1
78763,91351,1,91351,1
78763,91351,1,91351,1
78763,91351,1,91351,1
78763,91351,1,91351,1
78763,91351,1,91351,1
78763,91351,1,91351,1
78763,91351,1,91351,1
78763,91351,1,91351,1
78763,91351,1,91351,1
78763,91351,1,91351,1
78763,91351,1,91351,1
78763,91351,1,89284,1
78763,89284,1,89284,1
78763,89284,1,89284,1
78763,89284,1,89284,1
78763,89284,1,89284,1
78763,89284,1,89284,1
78763,89284,1,89284,1
78763,89284,1,89284,1
78763,89284,1,89284,1
78763,89284,1,89284,1
78763,89284,1,89284,1
78763,89284,1,89284,1
78763,89284,1,89284,1
78763,89284,1,89284,1
78763,89284,1,89284,1
78763,89284,1,89284,1
78763,89284,1,89284,1
78763,89284,1,89284,1
78763,89284,1,89284,1
78763,89284,1,89284,1
78763,89284,1,89284,1
78763,89284,1,89284,1
78763,89284,1,89284,1
78763,89284,1,89284,1
78763,89284,1,89284,1
78763,89284,1,89284,1
78763,89284,1,89284,1
78763,89284,1,89284,1
78763,89284,1,89284,1
78763,89284,1,89284,1
78763,89284,1,89284,1
78763,89284,1,89284,1
78763,89284,1,89284,1
78763,89284,1,89284,1
78763,89284,1,89284,1
78763,89284,1,89284,1
78763,89284,1,89284,1
78763,89284,1,89284,1
78763,89284,1,89284,1
78763,89284,1,89284,1
78763,89284,1,89284,1
78763,89284,1,89284,1
78763,89284,1,89284,1
78763,89284,1,89284,1
78763,89284,1,89284,1
78763,89284,1,89284,1
78763,89284,1,89284,1
78763,89284,1,89284,1
78763,89284,1,89284,1
78763,89284,1,89284,1
78763,89284,1,89284,1
78763,89284,1,89284,1
78763,89284,1,89284,1
78763,89284,1,89284,1
78763,89284,1,89284,1
78763,89284,1,89284,1
78763,89284,1,89284,1
78763,89284,1,89284,1
78763,89284,1,89284,1
78763,89284,1,89284,1
78763,89284,1,89769,0
78763,89769,0,89769,0
78763,89769,0,89769,0
78763,89769,0,89769,0
78763,89769,0,89769,0
78763,89769,0,89769,0
78763,89769,0,89769,0
78763,89769,0,89769,0
78763,89769,0,89769,0
78763,89769,0,89769,0
78763,89769,0,89769,0
78763,89769,0,89769,0
78763,89769,0,89769,0
78763,89769,0,89769,0
78763,89769,0,89769,0
78763,89769,0,89769,0
78763,89769,0,89769,0
78763,89769,0,89769,0
78763,89769,0,89769,0
78763,89769,0,89769,0
78763,89769,0,89769,0
78763,89769,0,89769,0
78763,89769,0,89769,0
78763,89769,0,89769,0
78763,89769,0,89769,0
78763,89769,0,89769,0
78763,89769,0,89769,0
78763,89769,0,89769,0
78763,89769,0,89769,0
78763,89769,0,89769,0
78763,89769,0,89769,0
78763,89769,0,89769,0
78763,89769,0,89769,0
78763,89769,0,89769,0
78763,89769,0,89769,0
78763,89769,0,89769,0
78763,89769,0,89769,0
78763,89769,0,89769,0
78763,89769,0,89769,0
78763,89769,0,89769,0
78763,89769,0,89769,0
78763,89769,0,89769,0
78763,89769,0,89769,0
78763,89769,0,89769,0
78763,89769,0,89769,0
78763,89769,0,89769,0
78763,89769,0,89769,0
78763,89769,0,89769,0
78763,89769,0,89769,0
78763,89769,0,89769,0
78763,89769,0,89769,0
78763,89769,0,89769,0
78763,89769,0,89769,0
78763,89769,0,89769,0
78763,89769,0,89769,0
78763,89769,0,89769,0
78763,89769,0,89769,0
78763,89769,0,89769,0
78763,89769,0,89769,0
78763,89769,0,89769,0
78763,89769,0,89769,0
78763,89769,0,89769,0
78763,89769,0,89770,1
78763,89770,1,89770,1
78763,89770,1,89770,1
78763,89770,1,89770,1
78763,89770,1,89770,1
78763,89770,1,89770,1
78763,89770,1,89770,1
78763,89770,1,89770,1
78763,89770,1,89770,1
78763,89770,1,89770,1
78763,89770,1,89770,1
78763,89770,1,89770,1
78763,89770,1,89770,1
78763,89770,1,89770,1
78763,89770,1,89770,1
78763,89770,1,89770,1
78763,89770,1,89770,1
78763,89770,1,89770,1
78763,89770,1,89770,1
78763,89770,1,89770,1
78763,89770,1,89770,1
78763,89770,1,89770,1
78763,89770,1,89770,1
78763,89770,1,89770,1
78763,89770,1,89770,1
78763,89770,1,89770,1
78763,89770,1,89770,1
78763,89770,1,89770,1
78763,89770,1,89770,1
78763,89770,1,89770,1
78763,89770,1,89770,1
78763,89770,1,89770,1
78763,89770,1,89770,1
78763,89770,1,89770,1
78763,89770,1,89770,1
78763,89770,1,89770,1
78763,89770,1,89770,1
78763,89770,1,89770,1
78763,89770,1,89770,1
78763,89770,1,89770,1
78763,89770,1,89770,1
78763,89770,1,89770,1
78763,89770,1,89770,1
78763,89770,1,89770,1
78763,89770,1,89770,1
78763,89770,1,89770,1
78763,89770,1,89770,1
78763,89770,1,89770,1
78763,89770,1,89770,1
78763,89770,1,89770,1
78763,89770,1,89770,1
78763,89770,1,89770,1
78763,89770,1,89770,1
78763,89770,1,89770,1
78763,89770,1,89770,1
78763,89770,1,89770,1
78763,89770,1,89770,1
78763,89770,1,89770,1
78763,89770,1,89770,1
78763,89770,1,89770,1
78763,89770,1,89770,1
78763,89770,1,89770,1
78763,89770,1,89788,0
78763,89788,0,89788,0
78763,89788,0,89788,0
78763,89788,0,89788,0
78763,89788,0,89788,0
78763,89788,0,89788,0
78763,89788,0,89788,0
78763,89788,0,89788,0
78763,89788,0,89788,0
78763,89788,0,89788,0
78763,89788,0,89788,0
78763,89788,0,89788,0
78763,89788,0,89788,0
78763,89788,0,89788,0
78763,89788,0,89788,0
78763,89788,0,89788,0
78763,89788,0,89788,0
78763,89788,0,89788,0
78763,89788,0,89788,0
78763,89788,0,89788,0
78763,89788,0,89788,0
78763,89788,0,89788,0
78763,89788,0,89788,0
78763,89788,0,89788,0
78763,89788,0,89788,0
78763,89788,0,89788,0
78763,89788,0,89788,0
78763,89788,0,89788,0
78763,89788,0,89788,0
78763,89788,0,89788,0
78763,89788,0,89788,0
78763,89788,0,89788,0
78763,89788,0,89788,0
78763,89788,0,89788,0
78763,89788,0,89788,0
78763,89788,0,89788,0
78763,89788,0,89788,0
78763,89788,0,89788,0
78763,89788,0,89788,0
78763,89788,0,89788,0
78763,89788,0,89788,0
78763,89788,0,89788,0
78763,89788,0,89788,0
78763,89788,0,89788,0
78763,89788,0,89788,0
78763,89788,0,89788,0
78763,89788,0,89788,0
78763,89788,0,89788,0
78763,89788,0,89788,0
78763,89788,0,89788,0
78763,89788,0,89788,0
78763,89788,0,89788,0
78763,89788,0,89788,0
78763,89788,0,89788,0
78763,89788,0,89788,0
78763,89788,0,89788,0
78763,89788,0,89788,0
78763,89788,0,89788,0
78763,89788,0,89788,0
78763,89788,0,89788,0
78763,89788,0,89788,0
78763,89788,0,89788,0
78763,89788,0,91641,0
78763,91641,0,91641,0
78763,91641,0,91641,0
78763,91641,0,91641,0
78763,91641,0,91641,0
78763,91641,0,91641,0
78763,91641,0,91641,0
78763,91641,0,91641,0
78763,91641,0,91641,0
78763,91641,0,91641,0
78763,91641,0,91641,0
78763,91641,0,91641,0
78763,91641,0,91641,0
78763,91641,0,91641,0
78763,91641,0,91641,0
78763,91641,0,91641,0
78763,91641,0,91641,0
78763,91641,0,91641,0
78763,91641,0,91641,0
78763,91641,0,91641,0
78763,91641,0,91641,0
78763,91641,0,91641,0
78763,91641,0,89820,1
78763,89820,1,89820,1
78763,89820,1,89820,1
78763,89820,1,89820,1
78763,89820,1,89820,1
78763,89820,1,89820,1
78763,89820,1,89820,1
78763,89820,1,89820,1
78763,89820,1,89820,1
78763,89820,1,89820,1
78763,89820,1,89820,1
78763,89820,1,89820,1
78763,89820,1,89820,1
78763,89820,1,89820,1
78763,89820,1,89820,1
78763,89820,1,89820,1
78763,89820,1,89820,1
78763,89820,1,89820,1
78763,89820,1,89820,1
78763,89820,1,89820,1
78763,89820,1,89820,1
78763,89820,1,89820,1
78763,89820,1,89820,1
78763,89820,1,89820,1
78763,89820,1,89820,1
78763,89820,1,89820,1
78763,89820,1,89820,1
78763,89820,1,89820,1
78763,89820,1,89820,1
78763,89820,1,89820,1
78763,89820,1,89820,1
78763,89820,1,89820,1
78763,89820,1,89820,1
78763,89820,1,89820,1
78763,89820,1,89820,1
78763,89820,1,89820,1
78763,89820,1,89820,1
78763,89820,1,89820,1
78763,89820,1,89820,1
78763,89820,1,89820,1
78763,89820,1,89820,1
78763,89820,1,89820,1
78763,89820,1,89820,1
78763,89820,1,89820,1
78763,89820,1,89820,1
78763,89820,1,89820,1
78763,89820,1,89820,1
78763,89820,1,89820,1
78763,89820,1,89820,1
78763,89820,1,89820,1
78763,89820,1,89820,1
78763,89820,1,89820,1
78763,89820,1,89820,1
78763,89820,1,89820,1
78763,89820,1,89820,1
78763,89820,1,89820,1
78763,89820,1,89820,1
78763,89820,1,89820,1
78763,89820,1,89820,1
78763,89820,1,89820,1
78763,89820,1,89820,1
78763,89820,1,89820,1
78763,89820,1,89815,1
78763,89815,1,89815,1
78763,89815,1,89815,1
78763,89815,1,89815,1
78763,89815,1,89815,1
78763,89815,1,89815,1
78763,89815,1,89815,1
78763,89815,1,89815,1
78763,89815,1,89815,1
78763,89815,1,89815,1
78763,89815,1,89815,1
78763,89815,1,89815,1
78763,89815,1,89815,1
78763,89815,1,89815,1
78763,89815,1,89815,1
78763,89815,1,89815,1
78763,89815,1,89815,1
78763,89815,1,89815,1
78763,89815,1,89815,1
78763,89815,1,89815,1
78763,89815,1,89815,1
78763,89815,1,89815,1
78763,89815,1,89815,1
78763,89815,1,89815,1
78763,89815,1,89815,1
78763,89815,1,89815,1
78763,89815,1,89815,1
78763,89815,1,89815,1
78763,89815,1,89815,1
78763,89815,1,89815,1
78763,89815,1,89815,1
78763,89815,1,89815,1
78763,89815,1,89815,1
78763,89815,1,89815,1
78763,89815,1,89815,1
78763,89815,1,89815,1
78763,89815,1,89815,1
78763,89815,1,89815,1
78763,89815,1,89815,1
78763,89815,1,89815,1
78763,89815,1,89815,1
78763,89815,1,89815,1
78763,89815,1,89815,1
78763,89815,1,89815,1
78763,89815,1,89815,1
78763,89815,1,89815,1
78763,89815,1,89815,1
78763,89815,1,89815,1
78763,89815,1,89815,1
78763,89815,1,89815,1
78763,89815,1,89815,1
78763,89815,1,89815,1
78763,89815,1,89815,1
78763,89815,1,89815,1
78763,89815,1,89815,1
78763,89815,1,89815,1
78763,89815,1,89815,1
78763,89815,1,89815,1
78763,89815,1,89815,1
78763,89815,1,89815,1
78763,89815,1,89815,1
78763,89815,1,89815,1
78763,89815,1,89834,0
78763,89834,0,89834,0
78763,89834,0,89834,0
78763,89834,0,89834,0
78763,89834,0,89834,0
78763,89834,0,89834,0
78763,89834,0,89834,0
78763,89834,0,89834,0
78763,89834,0,89834,0
78763,89834,0,89834,0
78763,89834,0,89834,0
78763,89834,0,89834,0
78763,89834,0,89834,0
78763,89834,0,89834,0
78763,89834,0,89834,0
78763,89834,0,89834,0
78763,89834,0,89834,0
78763,89834,0,89834,0
78763,89834,0,89834,0
78763,89834,0,89834,0
78763,89834,0,89834,0
78763,89834,0,89834,0
78763,89834,0,89837,1
78763,89837,1,89837,1
78763,89837,1,89837,1
78763,89837,1,89837,1
78763,89837,1,89837,1
78763,89837,1,89837,1
78763,89837,1,89837,1
78763,89837,1,89837,1
78763,89837,1,89837,1
78763,89837,1,89837,1
78763,89837,1,89837,1
78763,89837,1,89837,1
78763,89837,1,89837,1
78763,89837,1,89837,1
78763,89837,1,89837,1
78763,89837,1,89837,1
78763,89837,1,89837,1
78763,89837,1,89837,1
78763,89837,1,89837,1
78763,89837,1,89837,1
78763,89837,1,89837,1
78763,89837,1,89837,1
78763,89837,1,89809,1
78763,89809,1,89809,1
78763,89809,1,89809,1
78763,89809,1,89809,1
78763,89809,1,89809,1
78763,89809,1,89809,1
78763,89809,1,89809,1
78763,89809,1,89809,1
78763,89809,1,89809,1
78763,89809,1,89809,1
78763,89809,1,89809,1
78763,89809,1,89809,1
78763,89809,1,89809,1
78763,89809,1,89809,1
78763,89809,1,89809,1
78763,89809,1,89809,1
78763,89809,1,89809,1
78763,89809,1,89809,1
78763,89809,1,89809,1
78763,89809,1,89809,1
78763,89809,1,89809,1
78763,89809,1,89809,1
78763,89809,1,89880,1
78763,89880,1,89880,1
78763,89880,1,89880,1
78763,89880,1,89880,1
78763,89880,1,89880,1
78763,89880,1,89880,1
78763,89880,1,89880,1
78763,89880,1,89880,1
78763,89880,1,89880,1
78763,89880,1,89880,1
78763,89880,1,89880,1
78763,89880,1,89880,1
78763,89880,1,89880,1
78763,89880,1,89880,1
78763,89880,1,89880,1
78763,89880,1,89880,1
78763,89880,1,89880,1
78763,89880,1,89880,1
78763,89880,1,89880,1
78763,89880,1,89880,1
78763,89880,1,89880,1
78763,89880,1,89880,1
78763,89880,1,91666,0
78763,91666,0,91666,0
78763,91666,0,91666,0
78763,91666,0,91666,0
78763,91666,0,91666,0
78763,91666,0,91666,0
78763,91666,0,91666,0
78763,91666,0,91666,0
78763,91666,0,91666,0
78763,91666,0,91666,0
78763,91666,0,91666,0
78763,91666,0,91666,0
78763,91666,0,91666,0
78763,91666,0,91666,0
78763,91666,0,91666,0
78763,91666,0,91666,0
78763,91666,0,91666,0
78763,91666,0,91666,0
78763,91666,0,91666,0
78763,91666,0,91666,0
78763,91666,0,91666,0
78763,91666,0,91666,0
78763,91666,0,91666,0
78763,91666,0,91666,0
78763,91666,0,91666,0
78763,91666,0,91666,0
78763,91666,0,91666,0
78763,91666,0,91666,0
78763,91666,0,91666,0
78763,91666,0,91666,0
78763,91666,0,91666,0
78763,91666,0,91666,0
78763,91666,0,91666,0
78763,91666,0,91666,0
78763,91666,0,91666,0
78763,91666,0,91666,0
78763,91666,0,91666,0
78763,91666,0,91666,0
78763,91666,0,91666,0
78763,91666,0,91666,0
78763,91666,0,91666,0
78763,91666,0,91666,0
78763,91666,0,91666,0
78763,91666,0,91666,0
78763,91666,0,91666,0
78763,91666,0,91666,0
78763,91666,0,91666,0
78763,91666,0,91666,0
78763,91666,0,91666,0
78763,91666,0,91666,0
78763,91666,0,91666,0
78763,91666,0,91666,0
78763,91666,0,91666,0
78763,91666,0,91666,0
78763,91666,0,91666,0
78763,91666,0,91666,0
78763,91666,0,91666,0
78763,91666,0,91666,0
78763,91666,0,91666,0
78763,91666,0,91666,0
78763,91666,0,91666,0
78763,91666,0,91666,0
78763,91666,0,91652,1
78763,91652,1,91652,1
78763,91652,1,91652,1
78763,91652,1,91652,1
78763,91652,1,91652,1
78763,91652,1,91652,1
78763,91652,1,91652,1
78763,91652,1,91652,1
78763,91652,1,91652,1
78763,91652,1,91652,1
78763,91652,1,91652,1
78763,91652,1,91652,1
78763,91652,1,91652,1
78763,91652,1,91652,1
78763,91652,1,91652,1
78763,91652,1,91652,1
78763,91652,1,91652,1
78763,91652,1,91652,1
78763,91652,1,91652,1
78763,91652,1,91652,1
78763,91652,1,91652,1
78763,91652,1,91652,1
78763,91652,1,91652,1
78763,91652,1,91652,1
78763,91652,1,91652,1
78763,91652,1,91652,1
78763,91652,1,91652,1
78763,91652,1,91652,1
78763,91652,1,91652,1
78763,91652,1,91652,1
78763,91652,1,91652,1
78763,91652,1,91652,1
78763,91652,1,91652,1
78763,91652,1,91652,1
78763,91652,1,91652,1
78763,91652,1,91652,1
78763,91652,1,91652,1
78763,91652,1,91652,1
78763,91652,1,91652,1
78763,91652,1,91652,1
78763,91652,1,91652,1
78763,91652,1,91652,1
78763,91652,1,91652,1
78763,91652,1,91652,1
78763,91652,1,91652,1
78763,91652,1,91652,1
78763,91652,1,91652,1
78763,91652,1,91652,1
78763,91652,1,91652,1
78763,91652,1,91652,1
78763,91652,1,91652,1
78763,91652,1,91652,1
78763,91652,1,91652,1
78763,91652,1,91652,1
78763,91652,1,91652,1
78763,91652,1,91652,1
78763,91652,1,91652,1
78763,91652,1,91652,1
78763,91652,1,91652,1
78763,91652,1,91652,1
78763,91652,1,91652,1
78763,91652,1,91652,1
78763,91652,1,91655,1
78763,91655,1,91655,1
78763,91655,1,91655,1
78763,91655,1,91655,1
78763,91655,1,91655,1
78763,91655,1,91655,1
78763,91655,1,91655,1
78763,91655,1,91655,1
78763,91655,1,91655,1
78763,91655,1,91655,1
78763,91655,1,91655,1
78763,91655,1,91655,1
78763,91655,1,91655,1
78763,91655,1,91655,1
78763,91655,1,91655,1
78763,91655,1,91655,1
78763,91655,1,91655,1
78763,91655,1,91655,1
78763,91655,1,91655,1
78763,91655,1,91655,1
78763,91655,1,91655,1
78763,91655,1,91655,1
78763,91655,1,174092,1
78763,174092,1,174052,0
78763,174052,0,174089,0
78763,174089,0,174035,1
78763,174035,1,174061,0
78763,174061,0,174087,1
78763,174087,1,174034,1
78763,174034,1,174032,1
78874,93165,1,93165,1
78874,93165,1,93165,1
78874,93165,1,93165,1
78874,93165,1,93165,1
78874,93165,1,93165,1
78874,93165,1,93165,1
78874,93165,1,93165,1
78874,93165,1,93165,1
78874,93165,1,93165,1
78874,93165,1,93165,1
78874,93165,1,93165,1
78874,93165,1,93165,1
78874,93165,1,93165,1
78874,93165,1,93165,1
78874,93165,1,93165,1
78874,93165,1,93165,1
78874,93165,1,93165,1
78874,93165,1,93165,1
78874,93165,1,93165,1
78874,93165,1,93165,1
78874,93165,1,93165,1
78874,93165,1,93165,1
78874,93165,1,93165,1
78874,93165,1,93165,1
78874,93165,1,93165,1
78874,93165,1,93165,1
78874,93165,1,93165,1
78874,93165,1,93165,1
78874,93165,1,93165,1
78874,93165,1,93165,1
78874,93165,1,93165,1
78874,93165,1,93165,1
78874,93165,1,93165,1
78874,93165,1,93165,1
78874,93165,1,93165,1
78874,93165,1,93165,1
78874,93165,1,93165,1
78874,93165,1,93165,1
78874,93165,1,93165,1
78874,93165,1,93165,1
78874,93165,1,93165,1
78874,93165,1,93165,1
78874,93165,1,93165,1
78874,93165,1,93165,1
78874,93165,1,93165,1
78874,93165,1,93150,1
78874,93150,1,93150,1
78874,93150,1,93150,1
78874,93150,1,93150,1
78874,93150,1,93150,1
78874,93150,1,93150,1
78874,93150,1,93150,1
78874,93150,1,93150,1
78874,93150,1,93150,1
78874,93150,1,93150,1
78874,93150,1,93150,1
78874,93150,1,93150,1
78874,93150,1,93150,1
78874,93150,1,93150,1
78874,93150,1,93150,1
78874,93150,1,93150,1
78874,93150,1,93150,1
78874,93150,1,93150,1
78874,93150,1,93150,1
78874,93150,1,93150,1
78874,93150,1,93150,1
78874,93150,1,93150,1
78874,93150,1,93150,1
78874,93150,1,93150,1
78874,93150,1,93150,1
78874,93150,1,93150,1
78874,93150,1,93150,1
78874,93150,1,93150,1
78874,93150,1,93150,1
78874,93150,1,93150,1
78874,93150,1,93150,1
78874,93150,1,93150,1
78874,93150,1,93150,1
78874,93150,1,93150,1
78874,93150,1,93150,1
78874,93150,1,93150,1
78874,93150,1,93150,1
78874,93150,1,93150,1
78874,93150,1,93150,1
78874,93150,1,93150,1
78874,93150,1,93150,1
78874,93150,1,93150,1
78874,93150,1,93150,1
78874,93150,1,93150,1
78874,93150,1,93150,1
78874,93150,1,93150,1
78874,93150,1,93219,1
78874,93219,1,86104,1
78874,86104,1,86104,1
78874,86104,1,86104,1
78874,86104,1,86104,1
78874,86104,1,86104,1
78874,86104,1,86104,1
78874,86104,1,86104,1
78874,86104,1,86104,1
78874,86104,1,86104,1
78874,86104,1,86104,1
78874,86104,1,86104,1
78874,86104,1,86104,1
78874,86104,1,86104,1
78874,86104,1,86104,1
78874,86104,1,86104,1
78874,86104,1,86104,1
78874,86104,1,86104,1
78874,86104,1,86104,1
78874,86104,1,86104,1
78874,86104,1,86104,1
78874,86104,1,86104,1
78874,86104,1,86104,1
78874,86104,1,86104,1
78874,86104,1,86104,1
78874,86104,1,86104,1
78874,86104,1,86104,1
78874,86104,1,86104,1
78874,86104,1,86104,1
78874,86104,1,86104,1
78874,86104,1,86104,1
78874,86104,1,86104,1
78874,86104,1,86104,1
78874,86104,1,86104,1
78874,86104,1,86104,1
78874,86104,1,86104,1
78874,86104,1,86104,1
78874,86104,1,86104,1
78874,86104,1,86104,1
78874,86104,1,86104,1
78874,86104,1,86104,1
78874,86104,1,86104,1
78874,86104,1,86104,1
78874,86104,1,86104,1
78874,86104,1,86104,1
78874,86104,1,86104,1
78874,86104,1,86104,1
78874,86104,1,86121,1
78874,86121,1,86121,1
78874,86121,1,86121,1
78874,86121,1,86121,1
78874,86121,1,86121,1
78874,86121,1,86121,1
78874,86121,1,86121,1
78874,86121,1,86121,1
78874,86121,1,86121,1
78874,86121,1,86121,1
78874,86121,1,86121,1
78874,86121,1,86121,1
78874,86121,1,86121,1
78874,86121,1,86121,1
78874,86121,1,86121,1
78874,86121,1,86121,1
78874,86121,1,86121,1
78874,86121,1,86121,1
78874,86121,1,86121,1
78874,86121,1,86121,1
78874,86121,1,86121,1
78874,86121,1,86121,1
78874,86121,1,86121,1
78874,86121,1,86121,1
78874,86121,1,86121,1
78874,86121,1,86121,1
78874,86121,1,86121,1
78874,86121,1,86121,1
78874,86121,1,86121,1
78874,86121,1,86121,1
78874,86121,1,86121,1
78874,86121,1,86121,1
78874,86121,1,86121,1
78874,86121,1,86121,1
78874,86121,1,86121,1
78874,86121,1,86121,1
78874,86121,1,86121,1
78874,86121,1,86121,1
78874,86121,1,86121,1
78874,86121,1,86121,1
78874,86121,1,86121,1
78874,86121,1,86121,1
78874,86121,1,86121,1
78874,86121,1,86121,1
78874,86121,1,86121,1
78874,86121,1,86121,1
78874,86121,1,85663,1
78874,85663,1,89262,1
78874,89262,1,91401,1
78874,91401,1,91401,1
78874,91401,1,91401,1
78874,91401,1,91401,1
78874,91401,1,91401,1
78874,91401,1,91401,1
78874,91401,1,91401,1
78874,91401,1,91401,1
78874,91401,1,91401,1
78874,91401,1,91401,1
78874,91401,1,91401,1
78874,91401,1,91401,1
78874,91401,1,91401,1
78874,91401,1,91401,1
78874,91401,1,91401,1
78874,91401,1,91401,1
78874,91401,1,91401,1
78874,91401,1,91401,1
78874,91401,1,91401,1
78874,91401,1,91401,1
78874,91401,1,91401,1
78874,91401,1,91401,1
78874,91401,1,91401,1
78874,91401,1,91401,1
78874,91401,1,91401,1
78874,91401,1,91401,1
78874,91401,1,91401,1
78874,91401,1,91401,1
78874,91401,1,91401,1
78874,91401,1,91401,1
78874,91401,1,91401,1
78874,91401,1,91401,1
78874,91401,1,91401,1
78874,91401,1,91401,1
78874,91401,1,91401,1
78874,91401,1,91401,1
78874,91401,1,91401,1
78874,91401,1,91401,1
78874,91401,1,91401,1
78874,91401,1,91401,1
78874,91401,1,91401,1
78874,91401,1,91401,1
78874,91401,1,91401,1
78874,91401,1,91401,1
78874,91401,1,91401,1
78874,91401,1,91401,1
78874,91401,1,91401,1
78874,91401,1,91401,1
78874,91401,1,91401,1
78874,91401,1,91401,1
78874,91401,1,91401,1
78874,91401,1,91401,1
78874,91401,1,91401,1
78874,91401,1,91401,1
78874,91401,1,91401,1
78874,91401,1,91401,1
78874,91401,1,91401,1
78874,91401,1,91401,1
78874,91401,1,91401,1
78874,91401,1,91401,1
78874,91401,1,91401,1
78874,91401,1,91401,1
78874,91401,1,91401,1
78874,91401,1,91401,1
78874,91401,1,91401,1
78874,91401,1,91401,1
78874,91401,1,91401,1
78874,91401,1,91401,1
78874,91401,1,91401,1
78874,91401,1,91401,1
78874,91401,1,91401,1
78874,91401,1,91401,1
78874,91401,1,91401,1
78874,91401,1,91401,1
78874,91401,1,91401,1
78874,91401,1,91401,1
78874,91401,1,91401,1
78874,91401,1,91401,1
78874,91401,1,91401,1
78874,91401,1,91401,1
78874,91401,1,91401,1
78874,91401,1,91401,1
78874,91401,1,91401,1
78874,91401,1,91401,1
78874,91401,1,91401,1
78874,91401,1,91401,1
78874,91401,1,91401,1
78874,91401,1,91401,1
78874,91401,1,91401,1
78874,91401,1,91401,1
78874,91401,1,91401,1
78874,91401,1,91401,1
78874,91401,1,91401,1
78874,91401,1,91401,1
78874,91401,1,91401,1
78874,91401,1,91401,1
78874,91401,1,91401,1
78874,91401,1,89291,0
78874,89291,0,91405,0
78874,91405,0,91385,1
78874,91385,1,91385,1
78874,91385,1,91385,1
78874,91385,1,91385,1
78874,91385,1,91385,1
78874,91385,1,91385,1
78874,91385,1,91385,1
78874,91385,1,91385,1
78874,91385,1,91385,1
78874,91385,1,91385,1
78874,91385,1,91385,1
78874,91385,1,91385,1
78874,91385,1,91385,1
78874,91385,1,91385,1
78874,91385,1,91385,1
78874,91385,1,91385,1
78874,91385,1,91385,1
78874,91385,1,91385,1
78874,91385,1,91385,1
78874,91385,1,91385,1
78874,91385,1,91385,1
78874,91385,1,91385,1
78874,91385,1,91385,1
78874,91385,1,91385,1
78874,91385,1,91385,1
78874,91385,1,91385,1
78874,91385,1,91385,1
78874,91385,1,91385,1
78874,91385,1,91385,1
78874,91385,1,91385,1
78874,91385,1,91385,1
78874,91385,1,91385,1
78874,91385,1,91385,1
78874,91385,1,91385,1
78874,91385,1,91385,1
78874,91385,1,91385,1
78874,91385,1,91385,1
78874,91385,1,91385,1
78874,91385,1,91385,1
78874,91385,1,91385,1
78874,91385,1,91385,1
78874,91385,1,91385,1
78874,91385,1,91385,1
78874,91385,1,91385,1
78874,91385,1,91385,1
78874,91385,1,91385,1
78874,91385,1,91385,1
78874,91385,1,91385,1
78874,91385,1,91385,1
78874,91385,1,91385,1
78874,91385,1,91385,1
78874,91385,1,91385,1
78874,91385,1,91385,1
78874,91385,1,91385,1
78874,91385,1,91385,1
78874,91385,1,91385,1
78874,91385,1,91385,1
78874,91385,1,91385,1
78874,91385,1,91385,1
78874,91385,1,91385,1
78874,91385,1,91385,1
78874,91385,1,91385,1
78874,91385,1,91385,1
78874,91385,1,91385,1
78874,91385,1,91385,1
78874,91385,1,91385,1
78874,91385,1,91385,1
78874,91385,1,91385,1
78874,91385,1,91385,1
78874,91385,1,91385,1
78874,91385,1,91385,1
78874,91385,1,91385,1
78874,91385,1,91385,1
78874,91385,1,91385,1
78874,91385,1,91385,1
78874,91385,1,91385,1
78874,91385,1,91385,1
78874,91385,1,91385,1
78874,91385,1,91385,1
78874,91385,1,91385,1
78874,91385,1,91385,1
78874,91385,1,91385,1
78874,91385,1,91385,1
78874,91385,1,91385,1
78874,91385,1,91385,1
78874,91385,1,91385,1
78874,91385,1,91385,1
78874,91385,1,91385,1
78874,91385,1,91385,1
78874,91385,1,91385,1
78874,91385,1,91385,1
78874,91385,1,91385,1
78874,91385,1,91385,1
78874,91385,1,91385,1
78874,91385,1,91385,1
78874,91385,1,91385,1
78874,91385,1,91385,1
78874,91385,1,89281,1
78874,89281,1,89281,1
78874,89281,1,89281,1
78874,89281,1,89281,1
78874,89281,1,89281,1
78874,89281,1,89281,1
78874,89281,1,89281,1
78874,89281,1,89281,1
78874,89281,1,89281,1
78874,89281,1,89281,1
78874,89281,1,89281,1
78874,89281,1,89281,1
78874,89281,1,89281,1
78874,89281,1,89281,1
78874,89281,1,89281,1
78874,89281,1,89281,1
78874,89281,1,89281,1
78874,89281,1,89281,1
78874,89281,1,89281,1
78874,89281,1,89281,1
78874,89281,1,89281,1
78874,89281,1,89281,1
78874,89281,1,89281,1
78874,89281,1,89281,1
78874,89281,1,89281,1
78874,89281,1,89281,1
78874,89281,1,89281,1
78874,89281,1,89281,1
78874,89281,1,89281,1
78874,89281,1,89281,1
78874,89281,1,89281,1
78874,89281,1,89281,1
78874,89281,1,89281,1
78874,89281,1,89281,1
78874,89281,1,89281,1
78874,89281,1,89281,1
78874,89281,1,89281,1
78874,89281,1,89281,1
78874,89281,1,89281,1
78874,89281,1,89281,1
78874,89281,1,89281,1
78874,89281,1,89281,1
78874,89281,1,89281,1
78874,89281,1,89281,1
78874,89281,1,89281,1
78874,89281,1,89281,1
78874,89281,1,89281,1
78874,89281,1,91385,0
78874,91385,0,91378,1
78874,91378,1,91376,0
78874,91376,0,91384,1
78874,91384,1,89766,1
78874,89766,1,89766,1
78874,89766,1,89766,1
78874,89766,1,89766,1
78874,89766,1,89766,1
78874,89766,1,89766,1
78874,89766,1,89766,1
78874,89766,1,89766,1
78874,89766,1,89766,1
78874,89766,1,89766,1
78874,89766,1,89766,1
78874,89766,1,89766,1
78874,89766,1,89766,1
78874,89766,1,89766,1
78874,89766,1,89766,1
78874,89766,1,89766,1
78874,89766,1,89766,1
78874,89766,1,89766,1
78874,89766,1,89766,1
78874,89766,1,89766,1
78874,89766,1,89766,1
78874,89766,1,89766,1
78874,89766,1,89766,1
78874,89766,1,89766,1
78874,89766,1,89766,1
78874,89766,1,89766,1
78874,89766,1,89766,1
78874,89766,1,89766,1
78874,89766,1,89766,1
78874,89766,1,89766,1
78874,89766,1,89766,1
78874,89766,1,89766,1
78874,89766,1,89766,1
78874,89766,1,89766,1
78874,89766,1,89766,1
78874,89766,1,89766,1
78874,89766,1,89766,1
78874,89766,1,89766,1
78874,89766,1,89766,1
78874,89766,1,89766,1
78874,89766,1,89766,1
78874,89766,1,89766,1
78874,89766,1,89766,1
78874,89766,1,89766,1
78874,89766,1,89766,1
78874,89766,1,89766,1
78874,89766,1,89766,1
78874,89766,1,89766,1
78874,89766,1,89766,1
78874,89766,1,89766,1
78874,89766,1,89766,1
78874,89766,1,89766,1
78874,89766,1,89766,1
78874,89766,1,89766,1
78874,89766,1,89766,1
78874,89766,1,89766,1
78874,89766,1,89766,1
78874,89766,1,89766,1
78874,89766,1,89766,1
78874,89766,1,89766,1
78874,89766,1,89766,1
78874,89766,1,89766,1
78874,89766,1,89766,1
78874,89766,1,89766,1
78874,89766,1,89766,1
78874,89766,1,89766,1
78874,89766,1,89766,1
78874,89766,1,89766,1
78874,89766,1,89766,1
78874,89766,1,89766,1
78874,89766,1,89766,1
78874,89766,1,89766,1
78874,89766,1,89766,1
78874,89766,1,89766,1
78874,89766,1,89766,1
78874,89766,1,89766,1
78874,89766,1,89766,1
78874,89766,1,89766,1
78874,89766,1,89766,1
78874,89766,1,89766,1
78874,89766,1,89766,1
78874,89766,1,89766,1
78874,89766,1,89766,1
78874,89766,1,89766,1
78874,89766,1,89766,1
78874,89766,1,89766,1
78874,89766,1,89766,1
78874,89766,1,89766,1
78874,89766,1,89766,1
78874,89766,1,89766,1
78874,89766,1,89766,1
78874,89766,1,89766,1
78874,89766,1,89766,1
78874,89766,1,89783,0
78874,89783,0,89783,0
78874,89783,0,89783,0
78874,89783,0,89783,0
78874,89783,0,89783,0
78874,89783,0,89783,0
78874,89783,0,89783,0
78874,89783,0,89783,0
78874,89783,0,89783,0
78874,89783,0,89783,0
78874,89783,0,89783,0
78874,89783,0,89783,0
78874,89783,0,89783,0
78874,89783,0,89783,0
78874,89783,0,89783,0
78874,89783,0,89783,0
78874,89783,0,89783,0
78874,89783,0,89783,0
78874,89783,0,89783,0
78874,89783,0,89783,0
78874,89783,0,89783,0
78874,89783,0,89783,0
78874,89783,0,89783,0
78874,89783,0,89783,0
78874,89783,0,89783,0
78874,89783,0,89783,0
78874,89783,0,89783,0
78874,89783,0,89783,0
78874,89783,0,89783,0
78874,89783,0,89783,0
78874,89783,0,89783,0
78874,89783,0,89783,0
78874,89783,0,89783,0
78874,89783,0,89783,0
78874,89783,0,89783,0
78874,89783,0,89783,0
78874,89783,0,89783,0
78874,89783,0,89783,0
78874,89783,0,89783,0
78874,89783,0,89783,0
78874,89783,0,89783,0
78874,89783,0,89783,0
78874,89783,0,89783,0
78874,89783,0,89783,0
78874,89783,0,89783,0
78874,89783,0,89783,0
78874,89783,0,89783,0
78874,89783,0,89783,0
78874,89783,0,89783,0
78874,89783,0,89783,0
78874,89783,0,89783,0
78874,89783,0,89783,0
78874,89783,0,89783,0
78874,89783,0,89783,0
78874,89783,0,89783,0
78874,89783,0,89783,0
78874,89783,0,89783,0
78874,89783,0,89783,0
78874,89783,0,89783,0
78874,89783,0,89783,0
78874,89783,0,89783,0
78874,89783,0,89783,0
78874,89783,0,89783,0
78874,89783,0,89783,0
78874,89783,0,89783,0
78874,89783,0,89783,0
78874,89783,0,89783,0
78874,89783,0,89783,0
78874,89783,0,89783,0
78874,89783,0,89783,0
78874,89783,0,89783,0
78874,89783,0,89783,0
78874,89783,0,89783,0
78874,89783,0,89783,0
78874,89783,0,89783,0
78874,89783,0,89783,0
78874,89783,0,89783,0
78874,89783,0,89783,0
78874,89783,0,89783,0
78874,89783,0,89783,0
78874,89783,0,89783,0
78874,89783,0,89783,0
78874,89783,0,89783,0
78874,89783,0,89783,0
78874,89783,0,89783,0
78874,89783,0,89783,0
78874,89783,0,89783,0
78874,89783,0,89783,0
78874,89783,0,89783,0
78874,89783,0,89783,0
78874,89783,0,89783,0
78874,89783,0,89783,0
78874,89783,0,89783,0
78874,89783,0,89833,1
78874,89833,1,89833,1
78874,89833,1,89833,1
78874,89833,1,89833,1
78874,89833,1,89833,1
78874,89833,1,89833,1
78874,89833,1,89833,1
78874,89833,1,89833,1
78874,89833,1,89833,1
78874,89833,1,89833,1
78874,89833,1,89833,1
78874,89833,1,89833,1
78874,89833,1,89833,1
78874,89833,1,89833,1
78874,89833,1,89833,1
78874,89833,1,89833,1
78874,89833,1,89833,1
78874,89833,1,89833,1
78874,89833,1,89833,1
78874,89833,1,89833,1
78874,89833,1,89833,1
78874,89833,1,89833,1
78874,89833,1,89833,1
78874,89833,1,89833,1
78874,89833,1,89833,1
78874,89833,1,89833,1
78874,89833,1,89833,1
78874,89833,1,89833,1
78874,89833,1,89833,1
78874,89833,1,89833,1
78874,89833,1,89833,1
78874,89833,1,89833,1
78874,89833,1,89833,1
78874,89833,1,89833,1
78874,89833,1,89833,1
78874,89833,1,89833,1
78874,89833,1,89833,1
78874,89833,1,89833,1
78874,89833,1,89833,1
78874,89833,1,89833,1
78874,89833,1,89833,1
78874,89833,1,89833,1
78874,89833,1,89833,1
78874,89833,1,89833,1
78874,89833,1,89833,1
78874,89833,1,89833,1
78874,89833,1,89833,1
78874,89833,1,89833,1
78874,89833,1,89833,1
78874,89833,1,89833,1
78874,89833,1,89833,1
78874,89833,1,89833,1
78874,89833,1,89833,1
78874,89833,1,89833,1
78874,89833,1,89833,1
78874,89833,1,89833,1
78874,89833,1,89833,1
78874,89833,1,89833,1
78874,89833,1,89833,1
78874,89833,1,89833,1
78874,89833,1,89833,1
78874,89833,1,89833,1
78874,89833,1,89833,1
78874,89833,1,89833,1
78874,89833,1,89833,1
78874,89833,1,89833,1
78874,89833,1,89833,1
78874,89833,1,89833,1
78874,89833,1,89833,1
78874,89833,1,89833,1
78874,89833,1,89833,1
78874,89833,1,89833,1
78874,89833,1,89833,1
78874,89833,1,89833,1
78874,89833,1,89833,1
78874,89833,1,89833,1
78874,89833,1,89833,1
78874,89833,1,89833,1
78874,89833,1,89833,1
78874,89833,1,89833,1
78874,89833,1,89833,1
78874,89833,1,89833,1
78874,89833,1,89833,1
78874,89833,1,89833,1
78874,89833,1,89833,1
78874,89833,1,89833,1
78874,89833,1,89833,1
78874,89833,1,89833,1
78874,89833,1,89833,1
78874,89833,1,89833,1
78874,89833,1,89833,1
78874,89833,1,89833,1
78874,89833,1,89833,1
78874,89833,1,89808,1
78874,89808,1,89808,1
78874,89808,1,89808,1
78874,89808,1,89808,1
78874,89808,1,89808,1
78874,89808,1,89808,1
78874,89808,1,89808,1
78874,89808,1,89808,1
78874,89808,1,89808,1
78874,89808,1,89808,1
78874,89808,1,89808,1
78874,89808,1,89808,1
78874,89808,1,89808,1
78874,89808,1,89808,1
78874,89808,1,89808,1
78874,89808,1,89808,1
78874,89808,1,89808,1
78874,89808,1,89808,1
78874,89808,1,89808,1
78874,89808,1,89808,1
78874,89808,1,89808,1
78874,89808,1,89808,1
78874,89808,1,89808,1
78874,89808,1,89808,1
78874,89808,1,89808,1
78874,89808,1,89808,1
78874,89808,1,89808,1
78874,89808,1,89808,1
78874,89808,1,89808,1
78874,89808,1,89808,1
78874,89808,1,89808,1
78874,89808,1,89808,1
78874,89808,1,89808,1
78874,89808,1,89808,1
78874,89808,1,89808,1
78874,89808,1,89808,1
78874,89808,1,89808,1
78874,89808,1,89808,1
78874,89808,1,89808,1
78874,89808,1,89808,1
78874,89808,1,89808,1
78874,89808,1,89808,1
78874,89808,1,89808,1
78874,89808,1,89808,1
78874,89808,1,89808,1
78874,89808,1,89808,1
78874,89808,1,89808,1
78874,89808,1,89808,1
78874,89808,1,89808,1
78874,89808,1,89808,1
78874,89808,1,89808,1
78874,89808,1,89808,1
78874,89808,1,89808,1
78874,89808,1,89808,1
78874,89808,1,89808,1
78874,89808,1,89808,1
78874,89808,1,89808,1
78874,89808,1,89808,1
78874,89808,1,89808,1
78874,89808,1,89808,1
78874,89808,1,89808,1
78874,89808,1,89808,1
78874,89808,1,89808,1
78874,89808,1,89808,1
78874,89808,1,89808,1
78874,89808,1,89808,1
78874,89808,1,89808,1
78874,89808,1,89808,1
78874,89808,1,89808,1
78874,89808,1,89808,1
78874,89808,1,89808,1
78874,89808,1,89808,1
78874,89808,1,89808,1
78874,89808,1,89808,1
78874,89808,1,89808,1
78874,89808,1,89808,1
78874,89808,1,89808,1
78874,89808,1,89808,1
78874,89808,1,89808,1
78874,89808,1,89808,1
78874,89808,1,89808,1
78874,89808,1,89808,1
78874,89808,1,89808,1
78874,89808,1,89808,1
78874,89808,1,89808,1
78874,89808,1,89808,1
78874,89808,1,89808,1
78874,89808,1,89808,1
78874,89808,1,89808,1
78874,89808,1,89808,1
78874,89808,1,89808,1
78874,89808,1,89808,1
78874,89808,1,89808,1
78874,89808,1,89834,1
78874,89834,1,89834,1
78874,89834,1,89834,1
78874,89834,1,89834,1
78874,89834,1,89834,1
78874,89834,1,89834,1
78874,89834,1,89834,1
78874,89834,1,89834,1
78874,89834,1,89834,1
78874,89834,1,89834,1
78874,89834,1,89834,1
78874,89834,1,89834,1
78874,89834,1,89834,1
78874,89834,1,89834,1
78874,89834,1,89834,1
78874,89834,1,89834,1
78874,89834,1,89834,1
78874,89834,1,89834,1
78874,89834,1,89834,1
78874,89834,1,89834,1
78874,89834,1,89834,1
78874,89834,1,89834,1
78874,89834,1,89834,1
78874,89834,1,89834,1
78874,89834,1,89834,1
78874,89834,1,89834,1
78874,89834,1,89834,1
78874,89834,1,89834,1
78874,89834,1,89834,1
78874,89834,1,89834,1
78874,89834,1,89834,1
78874,89834,1,89834,1
78874,89834,1,89834,1
78874,89834,1,89834,1
78874,89834,1,89834,1
78874,89834,1,89834,1
78874,89834,1,89834,1
78874,89834,1,89834,1
78874,89834,1,89834,1
78874,89834,1,89834,1
78874,89834,1,89834,1
78874,89834,1,89834,1
78874,89834,1,89834,1
78874,89834,1,89834,1
78874,89834,1,89844,1
78874,89844,1,173908,1
78874,173908,1,173946,0
78874,173946,0,173935,0
78874,173935,0,173889,0
78874,173889,0,173913,1
78874,173913,1,173938,0
78874,173938,0,173942,1
78874,173942,1,173887,1
78874,173887,1,173936,0
78874,173936,0,174011,1
78874,174011,1,174017,1
78874,174017,1,91652,1
78874,91652,1,91652,1
78874,91652,1,91652,1
78874,91652,1,91652,1
78874,91652,1,91652,1
78874,91652,1,91652,1
78874,91652,1,91652,1
78874,91652,1,91652,1
78874,91652,1,91652,1
78874,91652,1,91652,1
78874,91652,1,91652,1
78874,91652,1,91652,1
78874,91652,1,91652,1
78874,91652,1,91652,1
78874,91652,1,91652,1
78874,91652,1,91652,1
78874,91652,1,91652,1
78874,91652,1,91652,1
78874,91652,1,91652,1
78874,91652,1,91652,1
78874,91652,1,91652,1
78874,91652,1,91652,1
78874,91652,1,91652,1
78874,91652,1,91652,1
78874,91652,1,91652,1
78874,91652,1,91652,1
78874,91652,1,91652,1
78874,91652,1,91652,1
78874,91652,1,91652,1
78874,91652,1,91652,1
78874,91652,1,91652,1
78874,91652,1,91652,1
78874,91652,1,91652,1
78874,91652,1,91652,1
78874,91652,1,91652,1
78874,91652,1,91652,1
78874,91652,1,91652,1
78874,91652,1,91652,1
78874,91652,1,91652,1
78874,91652,1,91652,1
78874,91652,1,91652,1
78874,91652,1,91652,1
78874,91652,1,91652,1
78874,91652,1,91652,1
78874,91652,1,91652,1
78874,91652,1,91652,1
78874,91652,1,91652,1
78874,91652,1,91652,1
78874,91652,1,91652,1
78874,91652,1,91652,1
78874,91652,1,91652,1
78874,91652,1,91652,1
78874,91652,1,91652,1
78874,91652,1,91652,1
78874,91652,1,91652,1
78874,91652,1,91652,1
78874,91652,1,91652,1
78874,91652,1,91652,1
78874,91652,1,91652,1
78874,91652,1,91652,1
78874,91652,1,91652,1
78874,91652,1,91652,1
78874,91652,1,91652,1
78874,91652,1,91652,1
78874,91652,1,91652,1
78874,91652,1,91652,1
78874,91652,1,91652,1
78874,91652,1,91652,1
78874,91652,1,91652,1
78874,91652,1,91652,1
78874,91652,1,91652,1
78874,91652,1,91652,1
78874,91652,1,91652,1
78874,91652,1,91652,1
78874,91652,1,91652,1
78874,91652,1,91652,1
78874,91652,1,91652,1
78874,91652,1,91652,1
78874,91652,1,91652,1
78874,91652,1,91652,1
78874,91652,1,91652,1
78874,91652,1,91652,1
78874,91652,1,91652,1
78874,91652,1,91652,1
78874,91652,1,91652,1
78874,91652,1,91652,1
78874,91652,1,91652,1
78874,91652,1,91652,1
78874,91652,1,91652,1
78874,91652,1,91652,1
78874,91652,1,91652,1
78874,91652,1,91652,1
78874,91652,1,91652,1
78875,93236,0,93236,0
78875,93236,0,93236,0
78875,93236,0,93236,0
78875,93236,0,93236,0
78875,93236,0,93236,0
78875,93236,0,93236,0
78875,93236,0,93236,0
78875,93236,0,93236,0
78875,93236,0,93236,0
78875,93236,0,93236,0
78875,93236,0,93236,0
78875,93236,0,93236,0
78875,93236,0,93236,0
78875,93236,0,93236,0
78875,93236,0,93236,0
78875,93236,0,93236,0
78875,93236,0,93236,0
78875,93236,0,93236,0
78875,93236,0,93236,0
78875,93236,0,93236,0
78875,93236,0,93236,0
78875,93236,0,93236,0
78875,93236,0,93236,0
78875,93236,0,93236,0
78875,93236,0,93236,0
78875,93236,0,93204,0
78875,93204,0,93204,0
78875,93204,0,93204,0
78875,93204,0,93204,0
78875,93204,0,93204,0
78875,93204,0,93204,0
78875,93204,0,93204,0
78875,93204,0,93204,0
78875,93204,0,93204,0
78875,93204,0,93204,0
78875,93204,0,93204,0
78875,93204,0,93204,0
78875,93204,0,93204,0
78875,93204,0,93204,0
78875,93204,0,93204,0
78875,93204,0,93204,0
78875,93204,0,93204,0
78875,93204,0,93204,0
78875,93204,0,93204,0
78875,93204,0,93204,0
78875,93204,0,93204,0
78875,93204,0,93204,0
78875,93204,0,93204,0
78875,93204,0,93204,0
78875,93204,0,93204,0
78875,93204,0,93204,0
78875,93204,0,93231,1
78875,93231,1,93231,1
78875,93231,1,93231,1
78875,93231,1,93231,1
78875,93231,1,93231,1
78875,93231,1,93231,1
78875,93231,1,93231,1
78875,93231,1,93231,1
78875,93231,1,93231,1
78875,93231,1,93231,1
78875,93231,1,93231,1
78875,93231,1,93231,1
78875,93231,1,93231,1
78875,93231,1,93231,1
78875,93231,1,93231,1
78875,93231,1,93231,1
78875,93231,1,93231,1
78875,93231,1,93231,1
78875,93231,1,93231,1
78875,93231,1,93231,1
78875,93231,1,93231,1
78875,93231,1,93231,1
78875,93231,1,93231,1
78875,93231,1,93231,1
78875,93231,1,93231,1
78875,93231,1,93231,1
78875,93231,1,93201,1
78875,93201,1,93201,1
78875,93201,1,93201,1
78875,93201,1,93201,1
78875,93201,1,93201,1
78875,93201,1,93201,1
78875,93201,1,93201,1
78875,93201,1,93201,1
78875,93201,1,93201,1
78875,93201,1,93201,1
78875,93201,1,93201,1
78875,93201,1,93201,1
78875,93201,1,93201,1
78875,93201,1,93201,1
78875,93201,1,93201,1
78875,93201,1,93201,1
78875,93201,1,93201,1
78875,93201,1,93201,1
78875,93201,1,93201,1
78875,93201,1,93201,1
78875,93201,1,93201,1
78875,93201,1,93201,1
78875,93201,1,93201,1
78875,93201,1,93201,1
78875,93201,1,93201,1
78875,93201,1,93201,1
78875,93201,1,93196,0
78875,93196,0,93196,0
78875,93196,0,93196,0
78875,93196,0,93196,0
78875,93196,0,93196,0
78875,93196,0,93196,0
78875,93196,0,93196,0
78875,93196,0,93196,0
78875,93196,0,93196,0
78875,93196,0,93196,0
78875,93196,0,93196,0
78875,93196,0,93196,0
78875,93196,0,93196,0
78875,93196,0,93196,0
78875,93196,0,93196,0
78875,93196,0,93196,0
78875,93196,0,93196,0
78875,93196,0,93196,0
78875,93196,0,93196,0
78875,93196,0,93196,0
78875,93196,0,93196,0
78875,93196,0,93196,0
78875,93196,0,93196,0
78875,93196,0,93196,0
78875,93196,0,93196,0
78875,93196,0,93196,0
78875,93196,0,93177,0
78875,93177,0,93177,0
78875,93177,0,93177,0
78875,93177,0,93177,0
78875,93177,0,93177,0
78875,93177,0,93177,0
78875,93177,0,93177,0
78875,93177,0,93177,0
78875,93177,0,93177,0
78875,93177,0,93177,0
78875,93177,0,93177,0
78875,93177,0,93177,0
78875,93177,0,93177,0
78875,93177,0,93177,0
78875,93177,0,93177,0
78875,93177,0,93177,0
78875,93177,0,93177,0
78875,93177,0,93177,0
78875,93177,0,93177,0
78875,93177,0,93177,0
78875,93177,0,93177,0
78875,93177,0,93177,0
78875,93177,0,93177,0
78875,93177,0,93177,0
78875,93177,0,93177,0
78875,93177,0,93177,0
78875,93177,0,93216,1
78875,93216,1,93216,1
78875,93216,1,93216,1
78875,93216,1,93216,1
78875,93216,1,93216,1
78875,93216,1,93216,1
78875,93216,1,93216,1
78875,93216,1,93216,1
78875,93216,1,93216,1
78875,93216,1,93216,1
78875,93216,1,93216,1
78875,93216,1,93216,1
78875,93216,1,93216,1
78875,93216,1,93216,1
78875,93216,1,93216,1
78875,93216,1,93216,1
78875,93216,1,93216,1
78875,93216,1,93216,1
78875,93216,1,93216,1
78875,93216,1,93216,1
78875,93216,1,93216,1
78875,93216,1,93216,1
78875,93216,1,93216,1
78875,93216,1,93216,1
78875,93216,1,93216,1
78875,93216,1,93216,1
78875,93216,1,85833,1
78875,85833,1,85821,1
78875,85821,1,85927,0
78875,85927,0,86051,0
78875,86051,0,86066,0
78875,86066,0,85925,0
78875,85925,0,85958,1
78875,85958,1,85971,0
78875,85971,0,86062,0
78875,86062,0,85907,0
78875,85907,0,86069,0
78875,86069,0,86075,0
78875,86075,0,85967,0
78875,85967,0,85944,0
78875,85944,0,86079,0
78875,86079,0,86049,0
78875,86049,0,85952,0
78875,85952,0,84965,1
78875,84965,1,84926,1
78875,84926,1,66230,0
78875,66230,0,66294,0
78875,66294,0,66308,0
78875,66308,0,65821,1
78875,65821,1,66186,0
78875,66186,0,66179,1
78875,66179,1,66242,0
78875,66242,0,66199,1
78875,66199,1,66303,1
78875,66303,1,65869,1
78875,65869,1,87126,1
78875,87126,1,87027,1
78875,87027,1,86225,0
78875,86225,0,86206,0
78875,86206,0,86234,1
78875,86234,1,86218,0
78875,86218,0,86215,1
78875,86215,1,86224,1
78875,86224,1,86235,1
78875,86235,1,86165,0
78875,86165,0,86152,0
78875,86152,0,86144,0
78875,86144,0,86162,0
78875,86162,0,86170,1
78875,86170,1,86169,0
78875,86169,0,86139,1
78875,86139,1,86895,1
78875,86895,1,86776,1
78875,86776,1,85098,0
78875,85098,0,85098,0
78875,85098,0,85098,0
78875,85098,0,85098,0
78875,85098,0,85098,0
78875,85098,0,85098,0
78875,85098,0,85098,0
78875,85098,0,85098,0
78875,85098,0,85098,0
78875,85098,0,85098,0
78875,85098,0,85098,0
78875,85098,0,85098,0
78875,85098,0,85098,0
78875,85098,0,85098,0
78875,85098,0,85098,0
78875,85098,0,85098,0
78875,85098,0,85098,0
78875,85098,0,85098,0
78875,85098,0,85098,0
78875,85098,0,85098,0
78875,85098,0,85106,0
78875,85106,0,85106,0
78875,85106,0,85106,0
78875,85106,0,85106,0
78875,85106,0,85106,0
78875,85106,0,85106,0
78875,85106,0,85106,0
78875,85106,0,85106,0
78875,85106,0,85106,0
78875,85106,0,85106,0
78875,85106,0,85106,0
78875,85106,0,85106,0
78875,85106,0,85106,0
78875,85106,0,85106,0
78875,85106,0,85106,0
78875,85106,0,85106,0
78875,85106,0,85106,0
78875,85106,0,85106,0
78875,85106,0,85106,0
78875,85106,0,85106,0
78875,85106,0,86096,0
78875,86096,0,86096,0
78875,86096,0,86096,0
78875,86096,0,86096,0
78875,86096,0,86096,0
78875,86096,0,86096,0
78875,86096,0,86096,0
78875,86096,0,86096,0
78875,86096,0,86096,0
78875,86096,0,86096,0
78875,86096,0,86096,0
78875,86096,0,86096,0
78875,86096,0,86096,0
78875,86096,0,86096,0
78875,86096,0,86096,0
78875,86096,0,86096,0
78875,86096,0,86096,0
78875,86096,0,86096,0
78875,86096,0,86096,0
78875,86096,0,86096,0
78875,86096,0,85093,0
78875,85093,0,85093,0
78875,85093,0,85093,0
78875,85093,0,85093,0
78875,85093,0,85093,0
78875,85093,0,85093,0
78875,85093,0,85093,0
78875,85093,0,85093,0
78875,85093,0,85093,0
78875,85093,0,85093,0
78875,85093,0,85093,0
78875,85093,0,85093,0
78875,85093,0,85093,0
78875,85093,0,85093,0
78875,85093,0,85093,0
78875,85093,0,85093,0
78875,85093,0,85093,0
78875,85093,0,85093,0
78875,85093,0,85093,0
78875,85093,0,85093,0
78875,85093,0,86101,1
78875,86101,1,86101,1
78875,86101,1,86101,1
78875,86101,1,86101,1
78875,86101,1,86101,1
78875,86101,1,86101,1
78875,86101,1,86101,1
78875,86101,1,86101,1
78875,86101,1,86101,1
78875,86101,1,86101,1
78875,86101,1,86101,1
78875,86101,1,86101,1
78875,86101,1,86101,1
78875,86101,1,86101,1
78875,86101,1,86101,1
78875,86101,1,86101,1
78875,86101,1,86101,1
78875,86101,1,86101,1
78875,86101,1,86101,1
78875,86101,1,86101,1
78875,86101,1,85091,1
78875,85091,1,85091,1
78875,85091,1,85091,1
78875,85091,1,85091,1
78875,85091,1,85091,1
78875,85091,1,85091,1
78875,85091,1,85091,1
78875,85091,1,85091,1
78875,85091,1,85091,1
78875,85091,1,85091,1
78875,85091,1,85091,1
78875,85091,1,85091,1
78875,85091,1,85091,1
78875,85091,1,85091,1
78875,85091,1,85091,1
78875,85091,1,85091,1
78875,85091,1,85091,1
78875,85091,1,85091,1
78875,85091,1,85091,1
78875,85091,1,85091,1
78875,85091,1,85100,0
78875,85100,0,85100,0
78875,85100,0,85100,0
78875,85100,0,85100,0
78875,85100,0,85100,0
78875,85100,0,85100,0
78875,85100,0,85100,0
78875,85100,0,85100,0
78875,85100,0,85100,0
78875,85100,0,85100,0
78875,85100,0,85100,0
78875,85100,0,85100,0
78875,85100,0,85100,0
78875,85100,0,85100,0
78875,85100,0,85100,0
78875,85100,0,85100,0
78875,85100,0,85100,0
78875,85100,0,85100,0
78875,85100,0,85100,0
78875,85100,0,85100,0
78875,85100,0,86354,1
78875,86354,1,86509,1
78875,86509,1,89301,1
78875,89301,1,89301,1
78875,89301,1,89301,1
78875,89301,1,89301,1
78875,89301,1,89301,1
78875,89301,1,89301,1
78875,89301,1,89301,1
78875,89301,1,89301,1
78875,89301,1,89301,1
78875,89301,1,89301,1
78875,89301,1,89301,1
78875,89301,1,89301,1
78875,89301,1,89301,1
78875,89301,1,89301,1
78875,89301,1,89301,1
78875,89301,1,89301,1
78875,89301,1,89301,1
78875,89301,1,89301,1
78875,89301,1,89301,1
78875,89301,1,89301,1
78875,89301,1,89301,1
78875,89301,1,91357,1
78875,91357,1,91357,1
78875,91357,1,91357,1
78875,91357,1,91357,1
78875,91357,1,91357,1
78875,91357,1,91357,1
78875,91357,1,91357,1
78875,91357,1,91357,1
78875,91357,1,91357,1
78875,91357,1,91357,1
78875,91357,1,91357,1
78875,91357,1,91357,1
78875,91357,1,91357,1
78875,91357,1,91357,1
78875,91357,1,91357,1
78875,91357,1,91357,1
78875,91357,1,91357,1
78875,91357,1,91357,1
78875,91357,1,91357,1
78875,91357,1,91357,1
78875,91357,1,91357,1
78875,91357,1,91357,1
78875,91357,1,91357,1
78875,91357,1,91357,1
78875,91357,1,91357,1
78875,91357,1,91357,1
78875,91357,1,91357,1
78875,91357,1,91357,1
78875,91357,1,91357,1
78875,91357,1,91357,1
78875,91357,1,91357,1
78875,91357,1,91357,1
78875,91357,1,91357,1
78875,91357,1,91357,1
78875,91357,1,91357,1
78875,91357,1,91357,1
78875,91357,1,91357,1
78875,91357,1,91357,1
78875,91357,1,91357,1
78875,91357,1,91357,1
78875,91357,1,91357,1
78875,91357,1,91357,1
78875,91357,1,91357,1
78875,91357,1,91357,1
78875,91357,1,91357,1
78875,91357,1,91357,1
78875,91357,1,91357,1
78875,91357,1,91357,1
78875,91357,1,91357,1
78875,91357,1,91357,1
78875,91357,1,91357,1
78875,91357,1,91357,1
78875,91357,1,91357,1
78875,91357,1,91357,1
78875,91357,1,91357,1
78875,91357,1,91357,1
78875,91357,1,91357,1
78875,91357,1,91357,1
78875,91357,1,91357,1
78875,91357,1,91357,1
78875,91357,1,89268,1
78875,89268,1,89268,1
78875,89268,1,89268,1
78875,89268,1,89268,1
78875,89268,1,89268,1
78875,89268,1,89268,1
78875,89268,1,89268,1
78875,89268,1,89268,1
78875,89268,1,89268,1
78875,89268,1,89268,1
78875,89268,1,89268,1
78875,89268,1,89268,1
78875,89268,1,89268,1
78875,89268,1,89268,1
78875,89268,1,89268,1
78875,89268,1,89268,1
78875,89268,1,89268,1
78875,89268,1,89268,1
78875,89268,1,89268,1
78875,89268,1,89268,1
78875,89268,1,91350,1
78875,91350,1,91350,1
78875,91350,1,91350,1
78875,91350,1,91350,1
78875,91350,1,91350,1
78875,91350,1,91350,1
78875,91350,1,91350,1
78875,91350,1,91350,1
78875,91350,1,91350,1
78875,91350,1,91350,1
78875,91350,1,91350,1
78875,91350,1,91350,1
78875,91350,1,91350,1
78875,91350,1,91350,1
78875,91350,1,91350,1
78875,91350,1,91350,1
78875,91350,1,91350,1
78875,91350,1,91350,1
78875,91350,1,91350,1
78875,91350,1,91350,1
78875,91350,1,91399,0
78875,91399,0,91399,0
78875,91399,0,91399,0
78875,91399,0,91399,0
78875,91399,0,91399,0
78875,91399,0,91399,0
78875,91399,0,91399,0
78875,91399,0,91399,0
78875,91399,0,91399,0
78875,91399,0,91399,0
78875,91399,0,91399,0
78875,91399,0,91399,0
78875,91399,0,91399,0
78875,91399,0,91399,0
78875,91399,0,91399,0
78875,91399,0,91399,0
78875,91399,0,91399,0
78875,91399,0,91399,0
78875,91399,0,91399,0
78875,91399,0,91399,0
78875,91399,0,91387,1
78875,91387,1,91387,1
78875,91387,1,91387,1
78875,91387,1,91387,1
78875,91387,1,91387,1
78875,91387,1,91387,1
78875,91387,1,91387,1
78875,91387,1,91387,1
78875,91387,1,91387,1
78875,91387,1,91387,1
78875,91387,1,91387,1
78875,91387,1,91387,1
78875,91387,1,91387,1
78875,91387,1,91387,1
78875,91387,1,91387,1
78875,91387,1,91387,1
78875,91387,1,91387,1
78875,91387,1,91387,1
78875,91387,1,91387,1
78875,91387,1,91387,1
78875,91387,1,91387,1
78875,91387,1,91387,1
78875,91387,1,91387,1
78875,91387,1,91387,1
78875,91387,1,91387,1
78875,91387,1,91387,1
78875,91387,1,91387,1
78875,91387,1,91387,1
78875,91387,1,91387,1
78875,91387,1,91387,1
78875,91387,1,91387,1
78875,91387,1,91387,1
78875,91387,1,91387,1
78875,91387,1,91387,1
78875,91387,1,91387,1
78875,91387,1,91387,1
78875,91387,1,91387,1
78875,91387,1,91387,1
78875,91387,1,91387,1
78875,91387,1,91387,1
78875,91387,1,91387,1
78875,91387,1,91387,1
78875,91387,1,91387,1
78875,91387,1,91387,1
78875,91387,1,91387,1
78875,91387,1,91387,1
78875,91387,1,91387,1
78875,91387,1,91387,1
78875,91387,1,91387,1
78875,91387,1,91387,1
78875,91387,1,91387,1
78875,91387,1,91387,1
78875,91387,1,91387,1
78875,91387,1,91387,1
78875,91387,1,91387,1
78875,91387,1,91387,1
78875,91387,1,91387,1
78875,91387,1,91387,1
78875,91387,1,91387,1
78875,91387,1,91387,1
78875,91387,1,91391,1
78875,91391,1,91391,1
78875,91391,1,91391,1
78875,91391,1,91391,1
78875,91391,1,91391,1
78875,91391,1,91391,1
78875,91391,1,91391,1
78875,91391,1,91391,1
78875,91391,1,91391,1
78875,91391,1,91391,1
78875,91391,1,91391,1
78875,91391,1,91391,1
78875,91391,1,91391,1
78875,91391,1,91391,1
78875,91391,1,91391,1
78875,91391,1,91391,1
78875,91391,1,91391,1
78875,91391,1,91391,1
78875,91391,1,91391,1
78875,91391,1,91391,1
78875,91391,1,89771,0
78875,89771,0,89771,0
78875,89771,0,89771,0
78875,89771,0,89771,0
78875,89771,0,89771,0
78875,89771,0,89771,0
78875,89771,0,89771,0
78875,89771,0,89771,0
78875,89771,0,89771,0
78875,89771,0,89771,0
78875,89771,0,89771,0
78875,89771,0,89771,0
78875,89771,0,89771,0
78875,89771,0,89771,0
78875,89771,0,89771,0
78875,89771,0,89771,0
78875,89771,0,89771,0
78875,89771,0,89771,0
78875,89771,0,89771,0
78875,89771,0,89771,0
78875,89771,0,89771,0
78875,89771,0,89771,0
78875,89771,0,91640,1
78875,91640,1,91640,1
78875,91640,1,91640,1
78875,91640,1,91640,1
78875,91640,1,91640,1
78875,91640,1,91640,1
78875,91640,1,91640,1
78875,91640,1,91640,1
78875,91640,1,91640,1
78875,91640,1,91640,1
78875,91640,1,91640,1
78875,91640,1,91640,1
78875,91640,1,91640,1
78875,91640,1,91640,1
78875,91640,1,91640,1
78875,91640,1,91640,1
78875,91640,1,91640,1
78875,91640,1,91640,1
78875,91640,1,91640,1
78875,91640,1,91640,1
78875,91640,1,91640,1
78875,91640,1,91640,1
78875,91640,1,89773,0
78875,89773,0,89773,0
78875,89773,0,89773,0
78875,89773,0,89773,0
78875,89773,0,89773,0
78875,89773,0,89773,0
78875,89773,0,89773,0
78875,89773,0,89773,0
78875,89773,0,89773,0
78875,89773,0,89773,0
78875,89773,0,89773,0
78875,89773,0,89773,0
78875,89773,0,89773,0
78875,89773,0,89773,0
78875,89773,0,89773,0
78875,89773,0,89773,0
78875,89773,0,89773,0
78875,89773,0,89773,0
78875,89773,0,89773,0
78875,89773,0,89773,0
78875,89773,0,89773,0
78875,89773,0,89773,0
78875,89773,0,89762,0
78875,89762,0,89762,0
78875,89762,0,89762,0
78875,89762,0,89762,0
78875,89762,0,89762,0
78875,89762,0,89762,0
78875,89762,0,89762,0
78875,89762,0,89762,0
78875,89762,0,89762,0
78875,89762,0,89762,0
78875,89762,0,89762,0
78875,89762,0,89762,0
78875,89762,0,89762,0
78875,89762,0,89762,0
78875,89762,0,89762,0
78875,89762,0,89762,0
78875,89762,0,89762,0
78875,89762,0,89762,0
78875,89762,0,89762,0
78875,89762,0,89762,0
78875,89762,0,89762,0
78875,89762,0,89762,0
78875,89762,0,89786,0
78875,89786,0,89786,0
78875,89786,0,89786,0
78875,89786,0,89786,0
78875,89786,0,89786,0
78875,89786,0,89786,0
78875,89786,0,89786,0
78875,89786,0,89786,0
78875,89786,0,89786,0
78875,89786,0,89786,0
78875,89786,0,89786,0
78875,89786,0,89786,0
78875,89786,0,89786,0
78875,89786,0,89786,0
78875,89786,0,89786,0
78875,89786,0,89786,0
78875,89786,0,89786,0
78875,89786,0,89786,0
78875,89786,0,89786,0
78875,89786,0,89786,0
78875,89786,0,89786,0
78875,89786,0,89786,0
78875,89786,0,89790,0
78875,89790,0,89790,0
78875,89790,0,89790,0
78875,89790,0,89790,0
78875,89790,0,89790,0
78875,89790,0,89790,0
78875,89790,0,89790,0
78875,89790,0,89790,0
78875,89790,0,89790,0
78875,89790,0,89790,0
78875,89790,0,89790,0
78875,89790,0,89790,0
78875,89790,0,89790,0
78875,89790,0,89790,0
78875,89790,0,89790,0
78875,89790,0,89790,0
78875,89790,0,89790,0
78875,89790,0,89790,0
78875,89790,0,89790,0
78875,89790,0,89790,0
78875,89790,0,89790,0
78875,89790,0,89790,0
78875,89790,0,89766,0
78875,89766,0,89766,0
78875,89766,0,89766,0
78875,89766,0,89766,0
78875,89766,0,89766,0
78875,89766,0,89766,0
78875,89766,0,89766,0
78875,89766,0,89766,0
78875,89766,0,89766,0
78875,89766,0,89766,0
78875,89766,0,89766,0
78875,89766,0,89766,0
78875,89766,0,89766,0
78875,89766,0,89766,0
78875,89766,0,89766,0
78875,89766,0,89766,0
78875,89766,0,89766,0
78875,89766,0,89766,0
78875,89766,0,89766,0
78875,89766,0,89766,0
78875,89766,0,89766,0
78875,89766,0,89766,0
78875,89766,0,89876,1
78875,89876,1,89876,1
78875,89876,1,89876,1
78875,89876,1,89876,1
78875,89876,1,89876,1
78875,89876,1,89876,1
78875,89876,1,89876,1
78875,89876,1,89876,1
78875,89876,1,89876,1
78875,89876,1,89876,1
78875,89876,1,89876,1
78875,89876,1,89876,1
78875,89876,1,89876,1
78875,89876,1,89876,1
78875,89876,1,89876,1
78875,89876,1,89876,1
78875,89876,1,89876,1
78875,89876,1,89876,1
78875,89876,1,89876,1
78875,89876,1,89876,1
78875,89876,1,89876,1
78875,89876,1,89876,1
78875,89876,1,89876,1
78875,89876,1,89876,1
78875,89876,1,89876,1
78875,89876,1,89876,1
78875,89876,1,89876,1
78875,89876,1,89876,1
78875,89876,1,89876,1
78875,89876,1,89876,1
78875,89876,1,89876,1
78875,89876,1,89876,1
78875,89876,1,89876,1
78875,89876,1,89876,1
78875,89876,1,89876,1
78875,89876,1,89876,1
78875,89876,1,89876,1
78875,89876,1,89876,1
78875,89876,1,89876,1
78875,89876,1,89876,1
78875,89876,1,89876,1
78875,89876,1,89876,1
78875,89876,1,89876,1
78875,89876,1,89876,1
78875,89876,1,89876,1
78875,89876,1,89876,1
78875,89876,1,89876,1
78875,89876,1,89876,1
78875,89876,1,89876,1
78875,89876,1,89876,1
78875,89876,1,89876,1
78875,89876,1,89876,1
78875,89876,1,89876,1
78875,89876,1,89876,1
78875,89876,1,89876,1
78875,89876,1,89876,1
78875,89876,1,89876,1
78875,89876,1,89876,1
78875,89876,1,89876,1
78875,89876,1,89876,1
78875,89876,1,89876,1
78875,89876,1,89876,1
78875,89876,1,89880,1
78875,89880,1,89880,1
78875,89880,1,89880,1
78875,89880,1,89880,1
78875,89880,1,89880,1
78875,89880,1,89880,1
78875,89880,1,89880,1
78875,89880,1,89880,1
78875,89880,1,89880,1
78875,89880,1,89880,1
78875,89880,1,89880,1
78875,89880,1,89880,1
78875,89880,1,89880,1
78875,89880,1,89880,1
78875,89880,1,89880,1
78875,89880,1,89880,1
78875,89880,1,89880,1
78875,89880,1,89880,1
78875,89880,1,89880,1
78875,89880,1,89880,1
78875,89880,1,89880,1
78875,89880,1,89880,1
78875,89880,1,89880,1
78875,89880,1,89880,1
78875,89880,1,89880,1
78875,89880,1,89880,1
78875,89880,1,89880,1
78875,89880,1,89880,1
78875,89880,1,89880,1
78875,89880,1,89880,1
78875,89880,1,89880,1
78875,89880,1,89880,1
78875,89880,1,89880,1
78875,89880,1,89880,1
78875,89880,1,89880,1
78875,89880,1,89880,1
78875,89880,1,89880,1
78875,89880,1,89880,1
78875,89880,1,89880,1
78875,89880,1,89880,1
78875,89880,1,89880,1
78875,89880,1,89880,1
78875,89880,1,89880,1
78875,89880,1,89880,1
78875,89880,1,89880,1
78875,89880,1,89880,1
78875,89880,1,89880,1
78875,89880,1,89880,1
78875,89880,1,89880,1
78875,89880,1,89880,1
78875,89880,1,89880,1
78875,89880,1,89880,1
78875,89880,1,89880,1
78875,89880,1,89880,1
78875,89880,1,89880,1
78875,89880,1,89880,1
78875,89880,1,89880,1
78875,89880,1,89880,1
78875,89880,1,89880,1
78875,89880,1,89880,1
78875,89880,1,89880,1
78875,89880,1,89880,1
78875,89880,1,89792,1
78875,89792,1,89792,1
78875,89792,1,89792,1
78875,89792,1,89792,1
78875,89792,1,89792,1
78875,89792,1,89792,1
78875,89792,1,89792,1
78875,89792,1,89792,1
78875,89792,1,89792,1
78875,89792,1,89792,1
78875,89792,1,89792,1
78875,89792,1,89792,1
78875,89792,1,89792,1
78875,89792,1,89792,1
78875,89792,1,89792,1
78875,89792,1,89792,1
78875,89792,1,89792,1
78875,89792,1,89792,1
78875,89792,1,89792,1
78875,89792,1,89792,1
78875,89792,1,89793,1
78875,89793,1,89793,1
78875,89793,1,89793,1
78875,89793,1,89793,1
78875,89793,1,89793,1
78875,89793,1,89793,1
78875,89793,1,89793,1
78875,89793,1,89793,1
78875,89793,1,89793,1
78875,89793,1,89793,1
78875,89793,1,89793,1
78875,89793,1,89793,1
78875,89793,1,89793,1
78875,89793,1,89793,1
78875,89793,1,89793,1
78875,89793,1,89793,1
78875,89793,1,89793,1
78875,89793,1,89793,1
78875,89793,1,89793,1
78875,89793,1,89793,1
78875,89793,1,89793,1
78875,89793,1,89793,1
78875,89793,1,89811,0
78875,89811,0,89811,0
78875,89811,0,89811,0
78875,89811,0,89811,0
78875,89811,0,89811,0
78875,89811,0,89811,0
78875,89811,0,89811,0
78875,89811,0,89811,0
78875,89811,0,89811,0
78875,89811,0,89811,0
78875,89811,0,89811,0
78875,89811,0,89811,0
78875,89811,0,89811,0
78875,89811,0,89811,0
78875,89811,0,89811,0
78875,89811,0,89811,0
78875,89811,0,89811,0
78875,89811,0,89811,0
78875,89811,0,89811,0
78875,89811,0,89811,0
78875,89811,0,89811,0
78875,89811,0,89811,0
78875,89811,0,89838,0
78875,89838,0,89838,0
78875,89838,0,89838,0
78875,89838,0,89838,0
78875,89838,0,89838,0
78875,89838,0,89838,0
78875,89838,0,89838,0
78875,89838,0,89838,0
78875,89838,0,89838,0
78875,89838,0,89838,0
78875,89838,0,89838,0
78875,89838,0,89838,0
78875,89838,0,89838,0
78875,89838,0,89838,0
78875,89838,0,89838,0
78875,89838,0,89838,0
78875,89838,0,89838,0
78875,89838,0,89838,0
78875,89838,0,89838,0
78875,89838,0,89838,0
78875,89838,0,89838,0
78875,89838,0,89838,0
78875,89838,0,89812,0
78875,89812,0,89812,0
78875,89812,0,89812,0
78875,89812,0,89812,0
78875,89812,0,89812,0
78875,89812,0,89812,0
78875,89812,0,89812,0
78875,89812,0,89812,0
78875,89812,0,89812,0
78875,89812,0,89812,0
78875,89812,0,89812,0
78875,89812,0,89812,0
78875,89812,0,89812,0
78875,89812,0,89812,0
78875,89812,0,89812,0
78875,89812,0,89812,0
78875,89812,0,89812,0
78875,89812,0,89812,0
78875,89812,0,89812,0
78875,89812,0,89812,0
78875,89812,0,89812,0
78875,89812,0,89812,0
78875,89812,0,89845,0
78875,89845,0,89845,0
78875,89845,0,89845,0
78875,89845,0,89845,0
78875,89845,0,89845,0
78875,89845,0,89845,0
78875,89845,0,89845,0
78875,89845,0,89845,0
78875,89845,0,89845,0
78875,89845,0,89845,0
78875,89845,0,89845,0
78875,89845,0,89845,0
78875,89845,0,89845,0
78875,89845,0,89845,0
78875,89845,0,89845,0
78875,89845,0,89845,0
78875,89845,0,89845,0
78875,89845,0,89845,0
78875,89845,0,89845,0
78875,89845,0,89845,0
78875,89845,0,89845,0
78875,89845,0,89845,0
78875,89845,0,84644,1
78875,84644,1,85028,1
78875,85028,1,91649,1
78875,91649,1,91649,1
78875,91649,1,91649,1
78875,91649,1,91649,1
78875,91649,1,91649,1
78875,91649,1,91649,1
78875,91649,1,91649,1
78875,91649,1,91649,1
78875,91649,1,91649,1
78875,91649,1,91649,1
78875,91649,1,91649,1
78875,91649,1,91649,1
78875,91649,1,91649,1
78875,91649,1,91649,1
78875,91649,1,91649,1
78875,91649,1,91649,1
78875,91649,1,91649,1
78875,91649,1,91649,1
78875,91649,1,91649,1
78875,91649,1,91649,1
78875,91649,1,91649,1
78875,91649,1,91649,1
78875,91649,1,91648,1
78875,91648,1,91648,1
78875,91648,1,91648,1
78875,91648,1,91648,1
78875,91648,1,91648,1
78875,91648,1,91648,1
78875,91648,1,91648,1
78875,91648,1,91648,1
78875,91648,1,91648,1
78875,91648,1,91648,1
78875,91648,1,91648,1
78875,91648,1,91648,1
78875,91648,1,91648,1
78875,91648,1,91648,1
78875,91648,1,91648,1
78875,91648,1,91648,1
78875,91648,1,91648,1
78875,91648,1,91648,1
78875,91648,1,91648,1
78875,91648,1,91648,1
78875,91648,1,91648,1
78875,91648,1,91648,1
78875,91648,1,91656,1
78875,91656,1,91656,1
78875,91656,1,91656,1
78875,91656,1,91656,1
78875,91656,1,91656,1
78875,91656,1,91656,1
78875,91656,1,91656,1
78875,91656,1,91656,1
78875,91656,1,91656,1
78875,91656,1,91656,1
78875,91656,1,91656,1
78875,91656,1,91656,1
78875,91656,1,91656,1
78875,91656,1,91656,1
78875,91656,1,91656,1
78875,91656,1,91656,1
78875,91656,1,91656,1
78875,91656,1,91656,1
78875,91656,1,91656,1
78875,91656,1,91656,1
78875,91656,1,91656,1
78875,91656,1,91656,1
78899,93163,1,93163,1
78899,93163,1,93163,1
78899,93163,1,93163,1
78899,93163,1,93163,1
78899,93163,1,93163,1
78899,93163,1,93163,1
78899,93163,1,93163,1
78899,93163,1,93163,1
78899,93163,1,93163,1
78899,93163,1,93163,1
78899,93163,1,93163,1
78899,93163,1,93163,1
78899,93163,1,93163,1
78899,93163,1,93163,1
78899,93163,1,93163,1
78899,93163,1,93163,1
78899,93163,1,93163,1
78899,93163,1,93163,1
78899,93163,1,93163,1
78899,93163,1,93163,1
78899,93163,1,93163,1
78899,93163,1,93163,1
78899,93163,1,93163,1
78899,93163,1,93163,1
78899,93163,1,93163,1
78899,93163,1,93245,0
78899,93245,0,93245,0
78899,93245,0,93245,0
78899,93245,0,93245,0
78899,93245,0,93245,0
78899,93245,0,93245,0
78899,93245,0,93245,0
78899,93245,0,93245,0
78899,93245,0,93245,0
78899,93245,0,93245,0
78899,93245,0,93245,0
78899,93245,0,93245,0
78899,93245,0,93245,0
78899,93245,0,93245,0
78899,93245,0,93245,0
78899,93245,0,93245,0
78899,93245,0,93245,0
78899,93245,0,93245,0
78899,93245,0,93245,0
78899,93245,0,93245,0
78899,93245,0,93245,0
78899,93245,0,93245,0
78899,93245,0,93245,0
78899,93245,0,93245,0
78899,93245,0,93245,0
78899,93245,0,93245,0
78899,93245,0,93241,1
78899,93241,1,93241,1
78899,93241,1,93241,1
78899,93241,1,93241,1
78899,93241,1,93241,1
78899,93241,1,93241,1
78899,93241,1,93241,1
78899,93241,1,93241,1
78899,93241,1,93241,1
78899,93241,1,93241,1
78899,93241,1,93241,1
78899,93241,1,93241,1
78899,93241,1,93241,1
78899,93241,1,93241,1
78899,93241,1,93241,1
78899,93241,1,93241,1
78899,93241,1,93241,1
78899,93241,1,93241,1
78899,93241,1,93241,1
78899,93241,1,93241,1
78899,93241,1,93241,1
78899,93241,1,93241,1
78899,93241,1,93241,1
78899,93241,1,93241,1
78899,93241,1,93241,1
78899,93241,1,93241,1
78899,93241,1,93154,1
78899,93154,1,93154,1
78899,93154,1,93154,1
78899,93154,1,93154,1
78899,93154,1,93154,1
78899,93154,1,93154,1
78899,93154,1,93154,1
78899,93154,1,93154,1
78899,93154,1,93154,1
78899,93154,1,93154,1
78899,93154,1,93154,1
78899,93154,1,93154,1
78899,93154,1,93154,1
78899,93154,1,93154,1
78899,93154,1,93154,1
78899,93154,1,93154,1
78899,93154,1,93154,1
78899,93154,1,93154,1
78899,93154,1,93154,1
78899,93154,1,93154,1
78899,93154,1,93154,1
78899,93154,1,93154,1
78899,93154,1,93154,1
78899,93154,1,93154,1
78899,93154,1,93154,1
78899,93154,1,93154,1
78899,93154,1,93217,1
78899,93217,1,93217,1
78899,93217,1,93217,1
78899,93217,1,93217,1
78899,93217,1,93217,1
78899,93217,1,93217,1
78899,93217,1,93217,1
78899,93217,1,93217,1
78899,93217,1,93217,1
78899,93217,1,93217,1
78899,93217,1,93217,1
78899,93217,1,93217,1
78899,93217,1,93217,1
78899,93217,1,93217,1
78899,93217,1,93217,1
78899,93217,1,93217,1
78899,93217,1,93217,1
78899,93217,1,93217,1
78899,93217,1,93217,1
78899,93217,1,93217,1
78899,93217,1,93217,1
78899,93217,1,93217,1
78899,93217,1,93217,1
78899,93217,1,93217,1
78899,93217,1,93217,1
78899,93217,1,93217,1
78899,93217,1,93187,1
78899,93187,1,93187,1
78899,93187,1,93187,1
78899,93187,1,93187,1
78899,93187,1,93187,1
78899,93187,1,93187,1
78899,93187,1,93187,1
78899,93187,1,93187,1
78899,93187,1,93187,1
78899,93187,1,93187,1
78899,93187,1,93187,1
78899,93187,1,93187,1
78899,93187,1,93187,1
78899,93187,1,93187,1
78899,93187,1,84628,1
78899,84628,1,84628,1
78899,84628,1,84628,1
78899,84628,1,84628,1
78899,84628,1,84628,1
78899,84628,1,84628,1
78899,84628,1,84628,1
78899,84628,1,84628,1
78899,84628,1,84628,1
78899,84628,1,84628,1
78899,84628,1,84628,1
78899,84628,1,84628,1
78899,84628,1,84628,1
78899,84628,1,84628,1
78899,84628,1,84628,1
78899,84628,1,84628,1
78899,84628,1,84628,1
78899,84628,1,84628,1
78899,84628,1,84628,1
78899,84628,1,84628,1
78899,84628,1,86099,0
78899,86099,0,86099,0
78899,86099,0,86099,0
78899,86099,0,86099,0
78899,86099,0,86099,0
78899,86099,0,86099,0
78899,86099,0,86099,0
78899,86099,0,86099,0
78899,86099,0,86099,0
78899,86099,0,86099,0
78899,86099,0,86099,0
78899,86099,0,86099,0
78899,86099,0,86099,0
78899,86099,0,86099,0
78899,86099,0,86099,0
78899,86099,0,86099,0
78899,86099,0,86099,0
78899,86099,0,86099,0
78899,86099,0,86099,0
78899,86099,0,86099,0
78899,86099,0,85663,1
78899,85663,1,85663,1
78899,85663,1,85663,1
78899,85663,1,85663,1
78899,85663,1,85663,1
78899,85663,1,85663,1
78899,85663,1,85663,1
78899,85663,1,85663,1
78899,85663,1,85663,1
78899,85663,1,85663,1
78899,85663,1,85663,1
78899,85663,1,85663,1
78899,85663,1,85663,1
78899,85663,1,85663,1
78899,85663,1,85663,1
78899,85663,1,85663,1
78899,85663,1,85663,1
78899,85663,1,85663,1
78899,85663,1,85663,1
78899,85663,1,85663,1
78899,85663,1,85652,1
78899,85652,1,85652,1
78899,85652,1,85652,1
78899,85652,1,85652,1
78899,85652,1,85652,1
78899,85652,1,85652,1
78899,85652,1,85652,1
78899,85652,1,85652,1
78899,85652,1,85652,1
78899,85652,1,85652,1
78899,85652,1,85652,1
78899,85652,1,85652,1
78899,85652,1,85652,1
78899,85652,1,85652,1
78899,85652,1,85652,1
78899,85652,1,85652,1
78899,85652,1,85652,1
78899,85652,1,85652,1
78899,85652,1,85652,1
78899,85652,1,85652,1
78899,85652,1,85656,0
78899,85656,0,85656,0
78899,85656,0,85656,0
78899,85656,0,85656,0
78899,85656,0,85656,0
78899,85656,0,85656,0
78899,85656,0,85656,0
78899,85656,0,85656,0
78899,85656,0,85656,0
78899,85656,0,85656,0
78899,85656,0,85656,0
78899,85656,0,85656,0
78899,85656,0,85656,0
78899,85656,0,85656,0
78899,85656,0,85656,0
78899,85656,0,85656,0
78899,85656,0,85656,0
78899,85656,0,85656,0
78899,85656,0,85656,0
78899,85656,0,85656,0
78899,85656,0,86103,1
78899,86103,1,86103,1
78899,86103,1,86103,1
78899,86103,1,86103,1
78899,86103,1,86103,1
78899,86103,1,86103,1
78899,86103,1,86103,1
78899,86103,1,86103,1
78899,86103,1,86103,1
78899,86103,1,86103,1
78899,86103,1,86103,1
78899,86103,1,86103,1
78899,86103,1,86103,1
78899,86103,1,86103,1
78899,86103,1,86103,1
78899,86103,1,86103,1
78899,86103,1,86103,1
78899,86103,1,86103,1
78899,86103,1,86103,1
78899,86103,1,86103,1
78899,86103,1,86124,1
78899,86124,1,86124,1
78899,86124,1,86124,1
78899,86124,1,86124,1
78899,86124,1,86124,1
78899,86124,1,86124,1
78899,86124,1,86124,1
78899,86124,1,86124,1
78899,86124,1,86124,1
78899,86124,1,86124,1
78899,86124,1,86124,1
78899,86124,1,86124,1
78899,86124,1,86124,1
78899,86124,1,86124,1
78899,86124,1,86124,1
78899,86124,1,86124,1
78899,86124,1,86124,1
78899,86124,1,86124,1
78899,86124,1,86124,1
78899,86124,1,86124,1
78899,86124,1,85678,1
78899,85678,1,85678,1
78899,85678,1,85678,1
78899,85678,1,85678,1
78899,85678,1,85678,1
78899,85678,1,85678,1
78899,85678,1,85678,1
78899,85678,1,85678,1
78899,85678,1,85678,1
78899,85678,1,85678,1
78899,85678,1,85678,1
78899,85678,1,85678,1
78899,85678,1,85678,1
78899,85678,1,85678,1
78899,85678,1,85678,1
78899,85678,1,85678,1
78899,85678,1,85678,1
78899,85678,1,85678,1
78899,85678,1,85678,1
78899,85678,1,85678,1
78899,85678,1,89293,1
78899,89293,1,89293,1
78899,89293,1,89293,1
78899,89293,1,89293,1
78899,89293,1,89293,1
78899,89293,1,89293,1
78899,89293,1,89293,1
78899,89293,1,89293,1
78899,89293,1,89293,1
78899,89293,1,89293,1
78899,89293,1,89293,1
78899,89293,1,89293,1
78899,89293,1,89293,1
78899,89293,1,89293,1
78899,89293,1,89293,1
78899,89293,1,89293,1
78899,89293,1,89293,1
78899,89293,1,89293,1
78899,89293,1,89293,1
78899,89293,1,89293,1
78899,89293,1,89267,1
78899,89267,1,89267,1
78899,89267,1,89267,1
78899,89267,1,89267,1
78899,89267,1,89267,1
78899,89267,1,89267,1
78899,89267,1,89267,1
78899,89267,1,89267,1
78899,89267,1,89267,1
78899,89267,1,89267,1
78899,89267,1,89267,1
78899,89267,1,89267,1
78899,89267,1,89267,1
78899,89267,1,89267,1
78899,89267,1,89267,1
78899,89267,1,89267,1
78899,89267,1,89267,1
78899,89267,1,89267,1
78899,89267,1,89267,1
78899,89267,1,89267,1
78899,89267,1,89267,1
78899,89267,1,91402,0
78899,91402,0,91402,0
78899,91402,0,91402,0
78899,91402,0,91402,0
78899,91402,0,91402,0
78899,91402,0,91402,0
78899,91402,0,91402,0
78899,91402,0,91402,0
78899,91402,0,91402,0
78899,91402,0,91402,0
78899,91402,0,91402,0
78899,91402,0,91402,0
78899,91402,0,91402,0
78899,91402,0,91402,0
78899,91402,0,91402,0
78899,91402,0,91402,0
78899,91402,0,91402,0
78899,91402,0,91402,0
78899,91402,0,91402,0
78899,91402,0,91402,0
78899,91402,0,91402,0
78899,91402,0,91402,0
78899,91402,0,91402,0
78899,91402,0,91402,0
78899,91402,0,91402,0
78899,91402,0,91402,0
78899,91402,0,91402,0
78899,91402,0,91402,0
78899,91402,0,91402,0
78899,91402,0,91402,0
78899,91402,0,91402,0
78899,91402,0,91402,0
78899,91402,0,91402,0
78899,91402,0,91402,0
78899,91402,0,91402,0
78899,91402,0,91402,0
78899,91402,0,91402,0
78899,91402,0,91402,0
78899,91402,0,91402,0
78899,91402,0,91402,0
78899,91402,0,91402,0
78899,91402,0,91402,0
78899,91402,0,91402,0
78899,91402,0,91402,0
78899,91402,0,91402,0
78899,91402,0,91402,0
78899,91402,0,91402,0
78899,91402,0,91402,0
78899,91402,0,91402,0
78899,91402,0,91402,0
78899,91402,0,91402,0
78899,91402,0,91402,0
78899,91402,0,91402,0
78899,91402,0,91402,0
78899,91402,0,91402,0
78899,91402,0,91402,0
78899,91402,0,91402,0
78899,91402,0,91402,0
78899,91402,0,91402,0
78899,91402,0,91402,0
78899,91402,0,91400,1
78899,91400,1,91400,1
78899,91400,1,91400,1
78899,91400,1,91400,1
78899,91400,1,91400,1
78899,91400,1,91400,1
78899,91400,1,91400,1
78899,91400,1,91400,1
78899,91400,1,91400,1
78899,91400,1,91400,1
78899,91400,1,91400,1
78899,91400,1,91400,1
78899,91400,1,91400,1
78899,91400,1,91400,1
78899,91400,1,91400,1
78899,91400,1,91400,1
78899,91400,1,91400,1
78899,91400,1,91400,1
78899,91400,1,91400,1
78899,91400,1,91400,1
78899,91400,1,91400,1
78899,91400,1,91400,1
78899,91400,1,91400,1
78899,91400,1,91400,1
78899,91400,1,91400,1
78899,91400,1,91400,1
78899,91400,1,91400,1
78899,91400,1,91400,1
78899,91400,1,91400,1
78899,91400,1,91400,1
78899,91400,1,91400,1
78899,91400,1,91400,1
78899,91400,1,91400,1
78899,91400,1,91400,1
78899,91400,1,91400,1
78899,91400,1,91400,1
78899,91400,1,91400,1
78899,91400,1,91400,1
78899,91400,1,91400,1
78899,91400,1,91400,1
78899,91400,1,91400,1
78899,91400,1,91400,1
78899,91400,1,91400,1
78899,91400,1,91400,1
78899,91400,1,91400,1
78899,91400,1,91400,1
78899,91400,1,91400,1
78899,91400,1,91400,1
78899,91400,1,91400,1
78899,91400,1,91400,1
78899,91400,1,91400,1
78899,91400,1,91400,1
78899,91400,1,91400,1
78899,91400,1,91400,1
78899,91400,1,91400,1
78899,91400,1,91400,1
78899,91400,1,91400,1
78899,91400,1,91400,1
78899,91400,1,91400,1
78899,91400,1,91400,1
78899,91400,1,91382,1
78899,91382,1,91382,1
78899,91382,1,91382,1
78899,91382,1,91382,1
78899,91382,1,91382,1
78899,91382,1,91382,1
78899,91382,1,91382,1
78899,91382,1,91382,1
78899,91382,1,91382,1
78899,91382,1,91382,1
78899,91382,1,91382,1
78899,91382,1,91382,1
78899,91382,1,91382,1
78899,91382,1,91382,1
78899,91382,1,91382,1
78899,91382,1,91382,1
78899,91382,1,91382,1
78899,91382,1,91382,1
78899,91382,1,91382,1
78899,91382,1,91382,1
78899,91382,1,91382,1
78899,91382,1,91382,1
78899,91382,1,91382,1
78899,91382,1,91382,1
78899,91382,1,91382,1
78899,91382,1,91382,1
78899,91382,1,91382,1
78899,91382,1,91382,1
78899,91382,1,91382,1
78899,91382,1,91382,1
78899,91382,1,91382,1
78899,91382,1,91382,1
78899,91382,1,91382,1
78899,91382,1,91382,1
78899,91382,1,91382,1
78899,91382,1,91382,1
78899,91382,1,91382,1
78899,91382,1,91382,1
78899,91382,1,91382,1
78899,91382,1,91382,1
78899,91382,1,91382,1
78899,91382,1,91382,1
78899,91382,1,91382,1
78899,91382,1,91382,1
78899,91382,1,91382,1
78899,91382,1,91382,1
78899,91382,1,91382,1
78899,91382,1,91382,1
78899,91382,1,91382,1
78899,91382,1,91382,1
78899,91382,1,91382,1
78899,91382,1,91382,1
78899,91382,1,91382,1
78899,91382,1,91382,1
78899,91382,1,91382,1
78899,91382,1,91382,1
78899,91382,1,91382,1
78899,91382,1,91382,1
78899,91382,1,91382,1
78899,91382,1,91382,1
78899,91382,1,89281,1
78899,89281,1,89281,1
78899,89281,1,89281,1
78899,89281,1,89281,1
78899,89281,1,89281,1
78899,89281,1,89281,1
78899,89281,1,89281,1
78899,89281,1,89281,1
78899,89281,1,89281,1
78899,89281,1,89281,1
78899,89281,1,89281,1
78899,89281,1,89281,1
78899,89281,1,89281,1
78899,89281,1,89281,1
78899,89281,1,89281,1
78899,89281,1,89281,1
78899,89281,1,89281,1
78899,89281,1,89281,1
78899,89281,1,89281,1
78899,89281,1,89281,1
78899,89281,1,89281,1
78899,89281,1,89281,1
78899,89281,1,89281,1
78899,89281,1,89281,1
78899,89281,1,89281,1
78899,89281,1,89281,1
78899,89281,1,89281,1
78899,89281,1,89281,1
78899,89281,1,89281,1
78899,89281,1,89281,1
78899,89281,1,89281,1
78899,89281,1,89281,1
78899,89281,1,89281,1
78899,89281,1,89281,1
78899,89281,1,89281,1
78899,89281,1,89281,1
78899,89281,1,89281,1
78899,89281,1,89281,1
78899,89281,1,89281,1
78899,89281,1,89281,1
78899,89281,1,89281,1
78899,89281,1,89281,1
78899,89281,1,89281,1
78899,89281,1,89281,1
78899,89281,1,89281,1
78899,89281,1,89281,1
78899,89281,1,89281,1
78899,89281,1,89281,1
78899,89281,1,89281,1
78899,89281,1,89281,1
78899,89281,1,89281,1
78899,89281,1,89281,1
78899,89281,1,89281,1
78899,89281,1,89281,1
78899,89281,1,89281,1
78899,89281,1,89281,1
78899,89281,1,89281,1
78899,89281,1,89281,1
78899,89281,1,89281,1
78899,89281,1,89281,1
78899,89281,1,89274,1
78899,89274,1,89274,1
78899,89274,1,89274,1
78899,89274,1,89274,1
78899,89274,1,89274,1
78899,89274,1,89274,1
78899,89274,1,89274,1
78899,89274,1,89274,1
78899,89274,1,89274,1
78899,89274,1,89274,1
78899,89274,1,89274,1
78899,89274,1,89274,1
78899,89274,1,89274,1
78899,89274,1,89274,1
78899,89274,1,89274,1
78899,89274,1,89274,1
78899,89274,1,89274,1
78899,89274,1,89274,1
78899,89274,1,89274,1
78899,89274,1,89274,1
78899,89274,1,89274,1
78899,89274,1,89274,1
78899,89274,1,89274,1
78899,89274,1,89274,1
78899,89274,1,89274,1
78899,89274,1,89274,1
78899,89274,1,89274,1
78899,89274,1,89274,1
78899,89274,1,89274,1
78899,89274,1,89274,1
78899,89274,1,89274,1
78899,89274,1,89274,1
78899,89274,1,89274,1
78899,89274,1,89274,1
78899,89274,1,89274,1
78899,89274,1,89274,1
78899,89274,1,89274,1
78899,89274,1,89274,1
78899,89274,1,89274,1
78899,89274,1,89274,1
78899,89274,1,89274,1
78899,89274,1,89274,1
78899,89274,1,89274,1
78899,89274,1,89274,1
78899,89274,1,89274,1
78899,89274,1,89274,1
78899,89274,1,89274,1
78899,89274,1,89274,1
78899,89274,1,89274,1
78899,89274,1,89274,1
78899,89274,1,89274,1
78899,89274,1,89274,1
78899,89274,1,89274,1
78899,89274,1,89274,1
78899,89274,1,89274,1
78899,89274,1,89274,1
78899,89274,1,89274,1
78899,89274,1,89274,1
78899,89274,1,89274,1
78899,89274,1,89274,1
78899,89274,1,89774,1
78899,89774,1,89774,1
78899,89774,1,89774,1
78899,89774,1,89774,1
78899,89774,1,89774,1
78899,89774,1,89774,1
78899,89774,1,89774,1
78899,89774,1,89774,1
78899,89774,1,89774,1
78899,89774,1,89774,1
78899,89774,1,89774,1
78899,89774,1,89774,1
78899,89774,1,89774,1
78899,89774,1,89774,1
78899,89774,1,89774,1
78899,89774,1,89774,1
78899,89774,1,89774,1
78899,89774,1,89774,1
78899,89774,1,89774,1
78899,89774,1,89774,1
78899,89774,1,89774,1
78899,89774,1,89774,1
78899,89774,1,89774,1
78899,89774,1,89774,1
78899,89774,1,89774,1
78899,89774,1,89774,1
78899,89774,1,89774,1
78899,89774,1,89774,1
78899,89774,1,89774,1
78899,89774,1,89774,1
78899,89774,1,89774,1
78899,89774,1,89774,1
78899,89774,1,89774,1
78899,89774,1,89774,1
78899,89774,1,89774,1
78899,89774,1,89774,1
78899,89774,1,89774,1
78899,89774,1,89774,1
78899,89774,1,89774,1
78899,89774,1,89774,1
78899,89774,1,89774,1
78899,89774,1,89774,1
78899,89774,1,89774,1
78899,89774,1,89774,1
78899,89774,1,89774,1
78899,89774,1,89774,1
78899,89774,1,89774,1
78899,89774,1,89774,1
78899,89774,1,89774,1
78899,89774,1,89774,1
78899,89774,1,89774,1
78899,89774,1,89774,1
78899,89774,1,89774,1
78899,89774,1,89774,1
78899,89774,1,89774,1
78899,89774,1,89774,1
78899,89774,1,89774,1
78899,89774,1,89774,1
78899,89774,1,89774,1
78899,89774,1,89774,1
78899,89774,1,89774,1
78899,89774,1,89774,1
78899,89774,1,91641,1
78899,91641,1,91641,1
78899,91641,1,91641,1
78899,91641,1,91641,1
78899,91641,1,91641,1
78899,91641,1,91641,1
78899,91641,1,91641,1
78899,91641,1,91641,1
78899,91641,1,91641,1
78899,91641,1,91641,1
78899,91641,1,91641,1
78899,91641,1,91641,1
78899,91641,1,91641,1
78899,91641,1,91641,1
78899,91641,1,91641,1
78899,91641,1,91641,1
78899,91641,1,91641,1
78899,91641,1,91641,1
78899,91641,1,91641,1
78899,91641,1,91641,1
78899,91641,1,91641,1
78899,91641,1,91641,1
78899,91641,1,89809,1
78899,89809,1,89809,1
78899,89809,1,89809,1
78899,89809,1,89809,1
78899,89809,1,89809,1
78899,89809,1,89809,1
78899,89809,1,89809,1
78899,89809,1,89809,1
78899,89809,1,89809,1
78899,89809,1,89809,1
78899,89809,1,89809,1
78899,89809,1,89809,1
78899,89809,1,89809,1
78899,89809,1,89809,1
78899,89809,1,89809,1
78899,89809,1,89809,1
78899,89809,1,89809,1
78899,89809,1,89809,1
78899,89809,1,89809,1
78899,89809,1,89809,1
78899,89809,1,89809,1
78899,89809,1,89809,1
78899,89809,1,89809,1
78899,89809,1,89809,1
78899,89809,1,89809,1
78899,89809,1,89809,1
78899,89809,1,89809,1
78899,89809,1,89809,1
78899,89809,1,89809,1
78899,89809,1,89809,1
78899,89809,1,89809,1
78899,89809,1,89809,1
78899,89809,1,89809,1
78899,89809,1,89809,1
78899,89809,1,89809,1
78899,89809,1,89809,1
78899,89809,1,89809,1
78899,89809,1,89809,1
78899,89809,1,89809,1
78899,89809,1,89809,1
78899,89809,1,89809,1
78899,89809,1,89809,1
78899,89809,1,89809,1
78899,89809,1,89809,1
78899,89809,1,89809,1
78899,89809,1,89809,1
78899,89809,1,89809,1
78899,89809,1,89809,1
78899,89809,1,89809,1
78899,89809,1,89809,1
78899,89809,1,89809,1
78899,89809,1,89809,1
78899,89809,1,89809,1
78899,89809,1,89809,1
78899,89809,1,89809,1
78899,89809,1,89809,1
78899,89809,1,89809,1
78899,89809,1,89809,1
78899,89809,1,89809,1
78899,89809,1,89809,1
78899,89809,1,89809,1
78899,89809,1,89809,1
78899,89809,1,91651,1
78899,91651,1,91651,1
78899,91651,1,91651,1
78899,91651,1,91651,1
78899,91651,1,91651,1
78899,91651,1,91651,1
78899,91651,1,91651,1
78899,91651,1,91651,1
78899,91651,1,91651,1
78899,91651,1,91651,1
78899,91651,1,91651,1
78899,91651,1,91651,1
78899,91651,1,91651,1
78899,91651,1,91651,1
78899,91651,1,91651,1
78899,91651,1,91651,1
78899,91651,1,91651,1
78899,91651,1,91651,1
78899,91651,1,91651,1
78899,91651,1,91651,1
78899,91651,1,174077,1
78899,174077,1,174055,1
78902,93148,1,93148,1
78902,93148,1,93148,1
78902,93148,1,93148,1
78902,93148,1,93148,1
78902,93148,1,93148,1
78902,93148,1,93148,1
78902,93148,1,93148,1
78902,93148,1,93148,1
78902,93148,1,93148,1
78902,93148,1,93148,1
78902,93148,1,93148,1
78902,93148,1,93148,1
78902,93148,1,93148,1
78902,93148,1,93148,1
78902,93148,1,93148,1
78902,93148,1,93148,1
78902,93148,1,93148,1
78902,93148,1,93148,1
78902,93148,1,93148,1
78902,93148,1,93148,1
78902,93148,1,93148,1
78902,93148,1,93148,1
78902,93148,1,93148,1
78902,93148,1,93148,1
78902,93148,1,93148,1
78902,93148,1,93177,0
78902,93177,0,93177,0
78902,93177,0,93177,0
78902,93177,0,93177,0
78902,93177,0,93177,0
78902,93177,0,93177,0
78902,93177,0,93177,0
78902,93177,0,93177,0
78902,93177,0,93177,0
78902,93177,0,93177,0
78902,93177,0,93177,0
78902,93177,0,93177,0
78902,93177,0,93177,0
78902,93177,0,93177,0
78902,93177,0,93177,0
78902,93177,0,93177,0
78902,93177,0,93177,0
78902,93177,0,93177,0
78902,93177,0,93177,0
78902,93177,0,93177,0
78902,93177,0,93177,0
78902,93177,0,93177,0
78902,93177,0,93177,0
78902,93177,0,93177,0
78902,93177,0,93177,0
78902,93177,0,93177,0
78902,93177,0,93167,1
78902,93167,1,93167,1
78902,93167,1,93167,1
78902,93167,1,93167,1
78902,93167,1,93167,1
78902,93167,1,93167,1
78902,93167,1,93167,1
78902,93167,1,93167,1
78902,93167,1,93167,1
78902,93167,1,93167,1
78902,93167,1,93167,1
78902,93167,1,93167,1
78902,93167,1,93167,1
78902,93167,1,93167,1
78902,93167,1,93167,1
78902,93167,1,93167,1
78902,93167,1,93167,1
78902,93167,1,93167,1
78902,93167,1,93167,1
78902,93167,1,93167,1
78902,93167,1,93167,1
78902,93167,1,93167,1
78902,93167,1,93167,1
78902,93167,1,93167,1
78902,93167,1,93167,1
78902,93167,1,93167,1
78902,93167,1,93199,1
78902,93199,1,93199,1
78902,93199,1,93199,1
78902,93199,1,93199,1
78902,93199,1,93199,1
78902,93199,1,93199,1
78902,93199,1,93199,1
78902,93199,1,93199,1
78902,93199,1,93199,1
78902,93199,1,93199,1
78902,93199,1,93199,1
78902,93199,1,93199,1
78902,93199,1,93199,1
78902,93199,1,93199,1
78902,93199,1,93199,1
78902,93199,1,93199,1
78902,93199,1,93199,1
78902,93199,1,93199,1
78902,93199,1,93199,1
78902,93199,1,93199,1
78902,93199,1,93199,1
78902,93199,1,93199,1
78902,93199,1,93199,1
78902,93199,1,93199,1
78902,93199,1,93199,1
78902,93199,1,93199,1
78902,93199,1,93201,1
78902,93201,1,93201,1
78902,93201,1,93201,1
78902,93201,1,93201,1
78902,93201,1,93201,1
78902,93201,1,93201,1
78902,93201,1,93201,1
78902,93201,1,93201,1
78902,93201,1,93201,1
78902,93201,1,93201,1
78902,93201,1,93201,1
78902,93201,1,93201,1
78902,93201,1,93201,1
78902,93201,1,93201,1
78902,93201,1,93201,1
78902,93201,1,93201,1
78902,93201,1,93201,1
78902,93201,1,93201,1
78902,93201,1,93201,1
78902,93201,1,93201,1
78902,93201,1,93201,1
78902,93201,1,93201,1
78902,93201,1,93201,1
78902,93201,1,93201,1
78902,93201,1,93201,1
78902,93201,1,93201,1
78902,93201,1,93236,1
78902,93236,1,93236,1
78902,93236,1,93236,1
78902,93236,1,93236,1
78902,93236,1,93236,1
78902,93236,1,93236,1
78902,93236,1,93236,1
78902,93236,1,93236,1
78902,93236,1,93236,1
78902,93236,1,93236,1
78902,93236,1,93236,1
78902,93236,1,93236,1
78902,93236,1,93236,1
78902,93236,1,93236,1
78902,93236,1,85091,0
78902,85091,0,85091,0
78902,85091,0,85091,0
78902,85091,0,85091,0
78902,85091,0,85091,0
78902,85091,0,85091,0
78902,85091,0,85091,0
78902,85091,0,85091,0
78902,85091,0,85091,0
78902,85091,0,85091,0
78902,85091,0,85091,0
78902,85091,0,85091,0
78902,85091,0,85091,0
78902,85091,0,85091,0
78902,85091,0,85091,0
78902,85091,0,85091,0
78902,85091,0,85091,0
78902,85091,0,85091,0
78902,85091,0,85091,0
78902,85091,0,85091,0
78902,85091,0,84627,1
78902,84627,1,84627,1
78902,84627,1,84627,1
78902,84627,1,84627,1
78902,84627,1,84627,1
78902,84627,1,84627,1
78902,84627,1,84627,1
78902,84627,1,84627,1
78902,84627,1,84627,1
78902,84627,1,84627,1
78902,84627,1,84627,1
78902,84627,1,84627,1
78902,84627,1,84627,1
78902,84627,1,84627,1
78902,84627,1,84627,1
78902,84627,1,84627,1
78902,84627,1,84627,1
78902,84627,1,84627,1
78902,84627,1,84627,1
78902,84627,1,84627,1
78902,84627,1,84623,1
78902,84623,1,84623,1
78902,84623,1,84623,1
78902,84623,1,84623,1
78902,84623,1,84623,1
78902,84623,1,84623,1
78902,84623,1,84623,1
78902,84623,1,84623,1
78902,84623,1,84623,1
78902,84623,1,84623,1
78902,84623,1,84623,1
78902,84623,1,84623,1
78902,84623,1,84623,1
78902,84623,1,84623,1
78902,84623,1,84623,1
78902,84623,1,84623,1
78902,84623,1,84623,1
78902,84623,1,84623,1
78902,84623,1,84623,1
78902,84623,1,84623,1
78902,84623,1,85653,0
78902,85653,0,85653,0
78902,85653,0,85653,0
78902,85653,0,85653,0
78902,85653,0,85653,0
78902,85653,0,85653,0
78902,85653,0,85653,0
78902,85653,0,85653,0
78902,85653,0,85653,0
78902,85653,0,85653,0
78902,85653,0,85653,0
78902,85653,0,85653,0
78902,85653,0,85653,0
78902,85653,0,85653,0
78902,85653,0,85653,0
78902,85653,0,85653,0
78902,85653,0,85653,0
78902,85653,0,85653,0
78902,85653,0,85653,0
78902,85653,0,85653,0
78902,85653,0,84622,1
78902,84622,1,84622,1
78902,84622,1,84622,1
78902,84622,1,84622,1
78902,84622,1,84622,1
78902,84622,1,84622,1
78902,84622,1,84622,1
78902,84622,1,84622,1
78902,84622,1,84622,1
78902,84622,1,84622,1
78902,84622,1,84622,1
78902,84622,1,84622,1
78902,84622,1,84622,1
78902,84622,1,84622,1
78902,84622,1,84622,1
78902,84622,1,84622,1
78902,84622,1,84622,1
78902,84622,1,84622,1
78902,84622,1,84622,1
78902,84622,1,84622,1
78902,84622,1,85651,1
78902,85651,1,85651,1
78902,85651,1,85651,1
78902,85651,1,85651,1
78902,85651,1,85651,1
78902,85651,1,85651,1
78902,85651,1,85651,1
78902,85651,1,85651,1
78902,85651,1,85651,1
78902,85651,1,85651,1
78902,85651,1,85651,1
78902,85651,1,85651,1
78902,85651,1,85651,1
78902,85651,1,85651,1
78902,85651,1,85651,1
78902,85651,1,85651,1
78902,85651,1,85651,1
78902,85651,1,85651,1
78902,85651,1,85651,1
78902,85651,1,85651,1
78902,85651,1,85684,1
78902,85684,1,85684,1
78902,85684,1,85684,1
78902,85684,1,85684,1
78902,85684,1,85684,1
78902,85684,1,85684,1
78902,85684,1,85684,1
78902,85684,1,85684,1
78902,85684,1,85684,1
78902,85684,1,85684,1
78902,85684,1,85684,1
78902,85684,1,85684,1
78902,85684,1,85684,1
78902,85684,1,85684,1
78902,85684,1,85684,1
78902,85684,1,85684,1
78902,85684,1,85684,1
78902,85684,1,85684,1
78902,85684,1,85684,1
78902,85684,1,85684,1
78902,85684,1,85649,0
78902,85649,0,85649,0
78902,85649,0,85649,0
78902,85649,0,85649,0
78902,85649,0,85649,0
78902,85649,0,85649,0
78902,85649,0,85649,0
78902,85649,0,85649,0
78902,85649,0,85649,0
78902,85649,0,85649,0
78902,85649,0,85102,0
78902,85102,0,85102,0
78902,85102,0,85102,0
78902,85102,0,85102,0
78902,85102,0,85102,0
78902,85102,0,85102,0
78902,85102,0,85102,0
78902,85102,0,85102,0
78902,85102,0,85102,0
78902,85102,0,85102,0
78902,85102,0,86121,0
78902,86121,0,86121,0
78902,86121,0,86121,0
78902,86121,0,86121,0
78902,86121,0,86121,0
78902,86121,0,86121,0
78902,86121,0,86121,0
78902,86121,0,86121,0
78902,86121,0,86121,0
78902,86121,0,86121,0
78902,86121,0,84623,1
78902,84623,1,84623,1
78902,84623,1,84623,1
78902,84623,1,84623,1
78902,84623,1,84623,1
78902,84623,1,84623,1
78902,84623,1,84623,1
78902,84623,1,84623,1
78902,84623,1,84623,1
78902,84623,1,84623,1
78902,84623,1,85101,0
78902,85101,0,85101,0
78902,85101,0,85101,0
78902,85101,0,85101,0
78902,85101,0,85101,0
78902,85101,0,85101,0
78902,85101,0,85101,0
78902,85101,0,85101,0
78902,85101,0,85101,0
78902,85101,0,85101,0
78902,85101,0,85092,1
78902,85092,1,85092,1
78902,85092,1,85092,1
78902,85092,1,85092,1
78902,85092,1,85092,1
78902,85092,1,85092,1
78902,85092,1,85092,1
78902,85092,1,85092,1
78902,85092,1,85092,1
78902,85092,1,85092,1
78902,85092,1,86117,1
78902,86117,1,86117,1
78902,86117,1,86117,1
78902,86117,1,86117,1
78902,86117,1,86117,1
78902,86117,1,86117,1
78902,86117,1,86117,1
78902,86117,1,86117,1
78902,86117,1,86117,1
78902,86117,1,86117,1
78902,86117,1,89243,1
78902,89243,1,89243,1
78902,89243,1,89243,1
78902,89243,1,89243,1
78902,89243,1,89243,1
78902,89243,1,89243,1
78902,89243,1,89243,1
78902,89243,1,89243,1
78902,89243,1,89243,1
78902,89243,1,89243,1
78902,89243,1,89243,1
78902,89243,1,89243,1
78902,89243,1,89243,1
78902,89243,1,89243,1
78902,89243,1,89243,1
78902,89243,1,89243,1
78902,89243,1,89243,1
78902,89243,1,89243,1
78902,89243,1,89243,1
78902,89243,1,89243,1
78902,89243,1,89243,1
78902,89243,1,89243,1
78902,89243,1,89243,1
78902,89243,1,89243,1
78902,89243,1,89243,1
78902,89243,1,89243,1
78902,89243,1,89243,1
78902,89243,1,89243,1
78902,89243,1,89243,1
78902,89243,1,89243,1
78902,89243,1,89243,1
78902,89243,1,89243,1
78902,89243,1,89243,1
78902,89243,1,89243,1
78902,89243,1,89243,1
78902,89243,1,89243,1
78902,89243,1,89243,1
78902,89243,1,89243,1
78902,89243,1,89243,1
78902,89243,1,89243,1
78902,89243,1,89243,1
78902,89243,1,89243,1
78902,89243,1,89243,1
78902,89243,1,89243,1
78902,89243,1,89243,1
78902,89243,1,89243,1
78902,89243,1,89243,1
78902,89243,1,89243,1
78902,89243,1,89243,1
78902,89243,1,89243,1
78902,89243,1,89243,1
78902,89243,1,89243,1
78902,89243,1,89243,1
78902,89243,1,89243,1
78902,89243,1,89243,1
78902,89243,1,89243,1
78902,89243,1,89243,1
78902,89243,1,89243,1
78902,89243,1,89243,1
78902,89243,1,89243,1
78902,89243,1,89241,1
78902,89241,1,89241,1
78902,89241,1,89241,1
78902,89241,1,89241,1
78902,89241,1,89241,1
78902,89241,1,89241,1
78902,89241,1,89241,1
78902,89241,1,89241,1
78902,89241,1,89241,1
78902,89241,1,89241,1
78902,89241,1,89241,1
78902,89241,1,89241,1
78902,89241,1,89241,1
78902,89241,1,89241,1
78902,89241,1,89241,1
78902,89241,1,89241,1
78902,89241,1,89241,1
78902,89241,1,89241,1
78902,89241,1,89241,1
78902,89241,1,89241,1
78902,89241,1,89241,1
78902,89241,1,91350,1
78902,91350,1,91350,1
78902,91350,1,91350,1
78902,91350,1,91350,1
78902,91350,1,91350,1
78902,91350,1,91350,1
78902,91350,1,91350,1
78902,91350,1,91350,1
78902,91350,1,91350,1
78902,91350,1,91350,1
78902,91350,1,91350,1
78902,91350,1,91350,1
78902,91350,1,91350,1
78902,91350,1,91350,1
78902,91350,1,91350,1
78902,91350,1,91350,1
78902,91350,1,91350,1
78902,91350,1,91350,1
78902,91350,1,91350,1
78902,91350,1,91350,1
78902,91350,1,91401,1
78902,91401,1,91401,1
78902,91401,1,91401,1
78902,91401,1,91401,1
78902,91401,1,91401,1
78902,91401,1,91401,1
78902,91401,1,91401,1
78902,91401,1,91401,1
78902,91401,1,91401,1
78902,91401,1,91401,1
78902,91401,1,91401,1
78902,91401,1,91401,1
78902,91401,1,91401,1
78902,91401,1,91401,1
78902,91401,1,91401,1
78902,91401,1,91401,1
78902,91401,1,91401,1
78902,91401,1,91401,1
78902,91401,1,91401,1
78902,91401,1,91401,1
78902,91401,1,91401,1
78902,91401,1,91401,1
78902,91401,1,91401,1
78902,91401,1,91401,1
78902,91401,1,91401,1
78902,91401,1,91401,1
78902,91401,1,91401,1
78902,91401,1,91401,1
78902,91401,1,91401,1
78902,91401,1,91401,1
78902,91401,1,91401,1
78902,91401,1,91401,1
78902,91401,1,91401,1
78902,91401,1,91401,1
78902,91401,1,91401,1
78902,91401,1,91401,1
78902,91401,1,91401,1
78902,91401,1,91401,1
78902,91401,1,91401,1
78902,91401,1,91401,1
78902,91401,1,91401,1
78902,91401,1,91401,1
78902,91401,1,91401,1
78902,91401,1,91401,1
78902,91401,1,91401,1
78902,91401,1,91401,1
78902,91401,1,91401,1
78902,91401,1,91401,1
78902,91401,1,91401,1
78902,91401,1,91401,1
78902,91401,1,91401,1
78902,91401,1,91401,1
78902,91401,1,91401,1
78902,91401,1,91401,1
78902,91401,1,91401,1
78902,91401,1,91401,1
78902,91401,1,91401,1
78902,91401,1,91401,1
78902,91401,1,91401,1
78902,91401,1,91401,1
78902,91401,1,91639,1
78902,91639,1,91639,1
78902,91639,1,91639,1
78902,91639,1,91639,1
78902,91639,1,91639,1
78902,91639,1,91639,1
78902,91639,1,91639,1
78902,91639,1,91639,1
78902,91639,1,91639,1
78902,91639,1,91639,1
78902,91639,1,91639,1
78902,91639,1,91639,1
78902,91639,1,91639,1
78902,91639,1,91639,1
78902,91639,1,91639,1
78902,91639,1,91639,1
78902,91639,1,91639,1
78902,91639,1,91639,1
78902,91639,1,91639,1
78902,91639,1,91639,1
78902,91639,1,91639,1
78902,91639,1,91639,1
78902,91639,1,89817,1
78902,89817,1,89817,1
78902,89817,1,89817,1
78902,89817,1,89817,1
78902,89817,1,89817,1
78902,89817,1,89817,1
78902,89817,1,89817,1
78902,89817,1,89817,1
78902,89817,1,89817,1
78902,89817,1,89817,1
78902,89817,1,89817,1
78902,89817,1,89817,1
78902,89817,1,89817,1
78902,89817,1,89817,1
78902,89817,1,89817,1
78902,89817,1,89817,1
78902,89817,1,89817,1
78902,89817,1,89817,1
78902,89817,1,89817,1
78902,89817,1,89817,1
78902,89817,1,89817,1
78902,89817,1,89817,1
78902,89817,1,89817,1
78902,89817,1,89817,1
78902,89817,1,89817,1
78902,89817,1,89817,1
78902,89817,1,89817,1
78902,89817,1,89817,1
78902,89817,1,89817,1
78902,89817,1,89817,1
78902,89817,1,89817,1
78902,89817,1,89817,1
78902,89817,1,89817,1
78902,89817,1,89817,1
78902,89817,1,89817,1
78902,89817,1,89817,1
78902,89817,1,89817,1
78902,89817,1,89817,1
78902,89817,1,89817,1
78902,89817,1,89817,1
78902,89817,1,89817,1
78902,89817,1,89817,1
78902,89817,1,89817,1
78902,89817,1,89817,1
78902,89817,1,89817,1
78902,89817,1,89817,1
78902,89817,1,89817,1
78902,89817,1,89817,1
78902,89817,1,89817,1
78902,89817,1,89817,1
78902,89817,1,89817,1
78902,89817,1,89817,1
78902,89817,1,89817,1
78902,89817,1,89817,1
78902,89817,1,89817,1
78902,89817,1,89817,1
78902,89817,1,89817,1
78902,89817,1,89817,1
78902,89817,1,89817,1
78902,89817,1,89817,1
78902,89817,1,89817,1
78902,89817,1,89817,1
78902,89817,1,89837,1
78902,89837,1,89837,1
78902,89837,1,89837,1
78902,89837,1,89837,1
78902,89837,1,89837,1
78902,89837,1,89837,1
78902,89837,1,89837,1
78902,89837,1,89837,1
78902,89837,1,89837,1
78902,89837,1,89837,1
78902,89837,1,89837,1
78902,89837,1,89837,1
78902,89837,1,89837,1
78902,89837,1,89837,1
78902,89837,1,89837,1
78902,89837,1,89837,1
78902,89837,1,89837,1
78902,89837,1,89837,1
78902,89837,1,89837,1
78902,89837,1,89837,1
78902,89837,1,89837,1
78902,89837,1,89837,1
78902,89837,1,89837,1
78902,89837,1,89837,1
78902,89837,1,89837,1
78902,89837,1,89837,1
78902,89837,1,89837,1
78902,89837,1,89837,1
78902,89837,1,89837,1
78902,89837,1,89837,1
78902,89837,1,89837,1
78902,89837,1,89837,1
78902,89837,1,89837,1
78902,89837,1,89837,1
78902,89837,1,89837,1
78902,89837,1,89837,1
78902,89837,1,89837,1
78902,89837,1,89837,1
78902,89837,1,89837,1
78902,89837,1,89837,1
78902,89837,1,89837,1
78902,89837,1,89837,1
78902,89837,1,89837,1
78902,89837,1,89837,1
78902,89837,1,89837,1
78902,89837,1,89837,1
78902,89837,1,89837,1
78902,89837,1,89837,1
78902,89837,1,89837,1
78902,89837,1,89837,1
78902,89837,1,89837,1
78902,89837,1,89837,1
78902,89837,1,89837,1
78902,89837,1,89837,1
78902,89837,1,89837,1
78902,89837,1,89837,1
78902,89837,1,89837,1
78902,89837,1,89837,1
78902,89837,1,89837,1
78902,89837,1,89837,1
78902,89837,1,89837,1
78902,89837,1,89837,1
78902,89837,1,89814,1
78902,89814,1,89814,1
78902,89814,1,89814,1
78902,89814,1,89814,1
78902,89814,1,89814,1
78902,89814,1,89814,1
78902,89814,1,89814,1
78902,89814,1,89814,1
78902,89814,1,89814,1
78902,89814,1,89814,1
78902,89814,1,89814,1
78902,89814,1,89814,1
78902,89814,1,89814,1
78902,89814,1,89814,1
78902,89814,1,89814,1
78902,89814,1,89814,1
78902,89814,1,89814,1
78902,89814,1,89814,1
78902,89814,1,89814,1
78902,89814,1,89814,1
78927,93155,0,93155,0
78927,93155,0,93155,0
78927,93155,0,93155,0
78927,93155,0,93155,0
78927,93155,0,93155,0
78927,93155,0,93155,0
78927,93155,0,93155,0
78927,93155,0,93155,0
78927,93155,0,93155,0
78927,93155,0,93155,0
78927,93155,0,93155,0
78927,93155,0,93155,0
78927,93155,0,93155,0
78927,93155,0,93155,0
78927,93155,0,93155,0
78927,93155,0,93155,0
78927,93155,0,93155,0
78927,93155,0,93155,0
78927,93155,0,93155,0
78927,93155,0,93155,0
78927,93155,0,93155,0
78927,93155,0,93155,0
78927,93155,0,93155,0
78927,93155,0,93155,0
78927,93155,0,93155,0
78927,93155,0,93153,1
78927,93153,1,93153,1
78927,93153,1,93153,1
78927,93153,1,93153,1
78927,93153,1,93153,1
78927,93153,1,93153,1
78927,93153,1,93153,1
78927,93153,1,93153,1
78927,93153,1,93153,1
78927,93153,1,93153,1
78927,93153,1,93153,1
78927,93153,1,93153,1
78927,93153,1,93153,1
78927,93153,1,93153,1
78927,93153,1,93153,1
78927,93153,1,93153,1
78927,93153,1,93153,1
78927,93153,1,93153,1
78927,93153,1,93153,1
78927,93153,1,93153,1
78927,93153,1,93153,1
78927,93153,1,93153,1
78927,93153,1,93153,1
78927,93153,1,93153,1
78927,93153,1,93153,1
78927,93153,1,93153,1
78927,93153,1,93147,1
78927,93147,1,93147,1
78927,93147,1,93147,1
78927,93147,1,93147,1
78927,93147,1,93147,1
78927,93147,1,93147,1
78927,93147,1,93147,1
78927,93147,1,93147,1
78927,93147,1,93147,1
78927,93147,1,93147,1
78927,93147,1,93147,1
78927,93147,1,93147,1
78927,93147,1,93147,1
78927,93147,1,93147,1
78927,93147,1,93147,1
78927,93147,1,93147,1
78927,93147,1,93147,1
78927,93147,1,93147,1
78927,93147,1,93147,1
78927,93147,1,93147,1
78927,93147,1,93147,1
78927,93147,1,93147,1
78927,93147,1,93147,1
78927,93147,1,93147,1
78927,93147,1,93147,1
78927,93147,1,93147,1
78927,93147,1,93191,1
78927,93191,1,93191,1
78927,93191,1,93191,1
78927,93191,1,93191,1
78927,93191,1,93191,1
78927,93191,1,93191,1
78927,93191,1,93191,1
78927,93191,1,93191,1
78927,93191,1,93191,1
78927,93191,1,93191,1
78927,93191,1,93191,1
78927,93191,1,93191,1
78927,93191,1,93191,1
78927,93191,1,93191,1
78927,93191,1,93191,1
78927,93191,1,93191,1
78927,93191,1,93191,1
78927,93191,1,93191,1
78927,93191,1,93191,1
78927,93191,1,93191,1
78927,93191,1,93191,1
78927,93191,1,93191,1
78927,93191,1,93191,1
78927,93191,1,93191,1
78927,93191,1,93191,1
78927,93191,1,93191,1
78927,93191,1,91365,1
78927,91365,1,91365,1
78927,91365,1,91365,1
78927,91365,1,91365,1
78927,91365,1,91365,1
78927,91365,1,91365,1
78927,91365,1,91365,1
78927,91365,1,91365,1
78927,91365,1,91365,1
78927,91365,1,91365,1
78927,91365,1,91365,1
78927,91365,1,91365,1
78927,91365,1,91365,1
78927,91365,1,91365,1
78927,91365,1,91365,1
78927,91365,1,91365,1
78927,91365,1,91365,1
78927,91365,1,91365,1
78927,91365,1,91365,1
78927,91365,1,91365,1
78927,91365,1,91365,1
78927,91365,1,91365,1
78927,91365,1,91365,1
78927,91365,1,91365,1
78927,91365,1,91365,1
78927,91365,1,91365,1
78927,91365,1,91365,1
78927,91365,1,91365,1
78927,91365,1,91365,1
78927,91365,1,91365,1
78927,91365,1,91365,1
78927,91365,1,91365,1
78927,91365,1,91365,1
78927,91365,1,91365,1
78927,91365,1,91365,1
78927,91365,1,91365,1
78927,91365,1,91365,1
78927,91365,1,91365,1
78927,91365,1,91365,1
78927,91365,1,91365,1
78927,91365,1,91365,1
78927,91365,1,91365,1
78927,91365,1,91365,1
78927,91365,1,91365,1
78927,91365,1,91365,1
78927,91365,1,91365,1
78927,91365,1,91365,1
78927,91365,1,91365,1
78927,91365,1,91365,1
78927,91365,1,91365,1
78927,91365,1,91365,1
78927,91365,1,91365,1
78927,91365,1,91365,1
78927,91365,1,91365,1
78927,91365,1,91365,1
78927,91365,1,91365,1
78927,91365,1,91365,1
78927,91365,1,91365,1
78927,91365,1,91365,1
78927,91365,1,91365,1
78927,91365,1,91355,1
78927,91355,1,91355,1
78927,91355,1,91355,1
78927,91355,1,91355,1
78927,91355,1,91355,1
78927,91355,1,91355,1
78927,91355,1,91355,1
78927,91355,1,91355,1
78927,91355,1,91355,1
78927,91355,1,91355,1
78927,91355,1,91355,1
78927,91355,1,91355,1
78927,91355,1,91355,1
78927,91355,1,91355,1
78927,91355,1,91355,1
78927,91355,1,91355,1
78927,91355,1,91355,1
78927,91355,1,91355,1
78927,91355,1,91355,1
78927,91355,1,91355,1
78927,91355,1,91355,1
78927,91355,1,91355,1
78927,91355,1,91355,1
78927,91355,1,91355,1
78927,91355,1,91355,1
78927,91355,1,91355,1
78927,91355,1,91355,1
78927,91355,1,91355,1
78927,91355,1,91355,1
78927,91355,1,91355,1
78927,91355,1,91355,1
78927,91355,1,91355,1
78927,91355,1,91355,1
78927,91355,1,91355,1
78927,91355,1,91355,1
78927,91355,1,91355,1
78927,91355,1,91355,1
78927,91355,1,91355,1
78927,91355,1,91355,1
78927,91355,1,91355,1
78927,91355,1,91355,1
78927,91355,1,91355,1
78927,91355,1,91355,1
78927,91355,1,91355,1
78927,91355,1,91355,1
78927,91355,1,91355,1
78927,91355,1,91355,1
78927,91355,1,91355,1
78927,91355,1,91355,1
78927,91355,1,91355,1
78927,91355,1,91355,1
78927,91355,1,91355,1
78927,91355,1,91355,1
78927,91355,1,91355,1
78927,91355,1,91355,1
78927,91355,1,91355,1
78927,91355,1,91355,1
78927,91355,1,91355,1
78927,91355,1,91355,1
78927,91355,1,91355,1
78927,91355,1,89273,0
78927,89273,0,89273,0
78927,89273,0,89273,0
78927,89273,0,89273,0
78927,89273,0,89273,0
78927,89273,0,89273,0
78927,89273,0,89273,0
78927,89273,0,89273,0
78927,89273,0,89273,0
78927,89273,0,89273,0
78927,89273,0,89273,0
78927,89273,0,89273,0
78927,89273,0,89273,0
78927,89273,0,89273,0
78927,89273,0,89273,0
78927,89273,0,89273,0
78927,89273,0,89273,0
78927,89273,0,89273,0
78927,89273,0,89273,0
78927,89273,0,89273,0
78927,89273,0,91383,1
78927,91383,1,91383,1
78927,91383,1,91383,1
78927,91383,1,91383,1
78927,91383,1,91383,1
78927,91383,1,91383,1
78927,91383,1,91383,1
78927,91383,1,91383,1
78927,91383,1,91383,1
78927,91383,1,91383,1
78927,91383,1,91383,1
78927,91383,1,91383,1
78927,91383,1,91383,1
78927,91383,1,91383,1
78927,91383,1,91383,1
78927,91383,1,91383,1
78927,91383,1,91383,1
78927,91383,1,91383,1
78927,91383,1,91383,1
78927,91383,1,91383,1
78927,91383,1,91392,1
78927,91392,1,91392,1
78927,91392,1,91392,1
78927,91392,1,91392,1
78927,91392,1,91392,1
78927,91392,1,91392,1
78927,91392,1,91392,1
78927,91392,1,91392,1
78927,91392,1,91392,1
78927,91392,1,91392,1
78927,91392,1,91392,1
78927,91392,1,91392,1
78927,91392,1,91392,1
78927,91392,1,91392,1
78927,91392,1,91392,1
78927,91392,1,91392,1
78927,91392,1,91392,1
78927,91392,1,91392,1
78927,91392,1,91392,1
78927,91392,1,91392,1
78927,91392,1,89281,1
78927,89281,1,89281,1
78927,89281,1,89281,1
78927,89281,1,89281,1
78927,89281,1,89281,1
78927,89281,1,89281,1
78927,89281,1,89281,1
78927,89281,1,89281,1
78927,89281,1,89281,1
78927,89281,1,89281,1
78927,89281,1,89281,1
78927,89281,1,89281,1
78927,89281,1,89281,1
78927,89281,1,89281,1
78927,89281,1,89281,1
78927,89281,1,89281,1
78927,89281,1,89281,1
78927,89281,1,89281,1
78927,89281,1,89281,1
78927,89281,1,89281,1
78927,89281,1,89772,0
78927,89772,0,89772,0
78927,89772,0,89772,0
78927,89772,0,89772,0
78927,89772,0,89772,0
78927,89772,0,89772,0
78927,89772,0,89772,0
78927,89772,0,89772,0
78927,89772,0,89772,0
78927,89772,0,89772,0
78927,89772,0,89772,0
78927,89772,0,89772,0
78927,89772,0,89772,0
78927,89772,0,89772,0
78927,89772,0,89772,0
78927,89772,0,89772,0
78927,89772,0,89772,0
78927,89772,0,89772,0
78927,89772,0,89772,0
78927,89772,0,89772,0
78927,89772,0,89772,0
78927,89772,0,89772,0
78927,89772,0,89772,0
78927,89772,0,89772,0
78927,89772,0,89772,0
78927,89772,0,89772,0
78927,89772,0,89772,0
78927,89772,0,89772,0
78927,89772,0,89772,0
78927,89772,0,89772,0
78927,89772,0,89772,0
78927,89772,0,89772,0
78927,89772,0,89772,0
78927,89772,0,89772,0
78927,89772,0,89772,0
78927,89772,0,89772,0
78927,89772,0,89772,0
78927,89772,0,89772,0
78927,89772,0,89772,0
78927,89772,0,89772,0
78927,89772,0,89772,0
78927,89772,0,89772,0
78927,89772,0,89772,0
78927,89772,0,89772,0
78927,89772,0,89772,0
78927,89772,0,89772,0
78927,89772,0,89772,0
78927,89772,0,89772,0
78927,89772,0,89772,0
78927,89772,0,89772,0
78927,89772,0,89772,0
78927,89772,0,89772,0
78927,89772,0,89772,0
78927,89772,0,89772,0
78927,89772,0,89772,0
78927,89772,0,89772,0
78927,89772,0,89772,0
78927,89772,0,89772,0
78927,89772,0,89772,0
78927,89772,0,89772,0
78927,89772,0,89772,0
78927,89772,0,89772,0
78927,89772,0,91644,0
78927,91644,0,91644,0
78927,91644,0,91644,0
78927,91644,0,91644,0
78927,91644,0,91644,0
78927,91644,0,91644,0
78927,91644,0,91644,0
78927,91644,0,91644,0
78927,91644,0,91644,0
78927,91644,0,91644,0
78927,91644,0,91644,0
78927,91644,0,91644,0
78927,91644,0,91644,0
78927,91644,0,91644,0
78927,91644,0,91644,0
78927,91644,0,91644,0
78927,91644,0,91644,0
78927,91644,0,91644,0
78927,91644,0,91644,0
78927,91644,0,91644,0
78927,91644,0,91644,0
78927,91644,0,91644,0
78927,91644,0,91644,0
78927,91644,0,91644,0
78927,91644,0,91644,0
78927,91644,0,91644,0
78927,91644,0,91644,0
78927,91644,0,91644,0
78927,91644,0,91644,0
78927,91644,0,91644,0
78927,91644,0,91644,0
78927,91644,0,91644,0
78927,91644,0,91644,0
78927,91644,0,91644,0
78927,91644,0,91644,0
78927,91644,0,91644,0
78927,91644,0,91644,0
78927,91644,0,91644,0
78927,91644,0,91644,0
78927,91644,0,91644,0
78927,91644,0,91644,0
78927,91644,0,91644,0
78927,91644,0,91644,0
78927,91644,0,91644,0
78927,91644,0,91644,0
78927,91644,0,91644,0
78927,91644,0,91644,0
78927,91644,0,91644,0
78927,91644,0,91644,0
78927,91644,0,91644,0
78927,91644,0,91644,0
78927,91644,0,91644,0
78927,91644,0,91644,0
78927,91644,0,91644,0
78927,91644,0,91644,0
78927,91644,0,91644,0
78927,91644,0,91644,0
78927,91644,0,91644,0
78927,91644,0,91644,0
78927,91644,0,91644,0
78927,91644,0,91644,0
78927,91644,0,91644,0
78927,91644,0,89769,0
78927,89769,0,89769,0
78927,89769,0,89769,0
78927,89769,0,89769,0
78927,89769,0,89769,0
78927,89769,0,89769,0
78927,89769,0,89769,0
78927,89769,0,89769,0
78927,89769,0,89769,0
78927,89769,0,89769,0
78927,89769,0,89769,0
78927,89769,0,89769,0
78927,89769,0,89769,0
78927,89769,0,89769,0
78927,89769,0,89769,0
78927,89769,0,89769,0
78927,89769,0,89769,0
78927,89769,0,89769,0
78927,89769,0,89769,0
78927,89769,0,89769,0
78927,89769,0,89769,0
78927,89769,0,89769,0
78927,89769,0,89769,0
78927,89769,0,89769,0
78927,89769,0,89769,0
78927,89769,0,89769,0
78927,89769,0,89769,0
78927,89769,0,89769,0
78927,89769,0,89769,0
78927,89769,0,89769,0
78927,89769,0,89769,0
78927,89769,0,89769,0
78927,89769,0,89769,0
78927,89769,0,89769,0
78927,89769,0,89769,0
78927,89769,0,89769,0
78927,89769,0,89769,0
78927,89769,0,89769,0
78927,89769,0,89769,0
78927,89769,0,89769,0
78927,89769,0,89769,0
78927,89769,0,89769,0
78927,89769,0,89769,0
78927,89769,0,89769,0
78927,89769,0,89769,0
78927,89769,0,89769,0
78927,89769,0,89769,0
78927,89769,0,89769,0
78927,89769,0,89769,0
78927,89769,0,89769,0
78927,89769,0,89769,0
78927,89769,0,89769,0
78927,89769,0,89769,0
78927,89769,0,89769,0
78927,89769,0,89769,0
78927,89769,0,89769,0
78927,89769,0,89769,0
78927,89769,0,89769,0
78927,89769,0,89769,0
78927,89769,0,89769,0
78927,89769,0,89769,0
78927,89769,0,89769,0
78927,89769,0,89781,0
78927,89781,0,89781,0
78927,89781,0,89781,0
78927,89781,0,89781,0
78927,89781,0,89781,0
78927,89781,0,89781,0
78927,89781,0,89781,0
78927,89781,0,89781,0
78927,89781,0,89781,0
78927,89781,0,89781,0
78927,89781,0,89781,0
78927,89781,0,89781,0
78927,89781,0,89781,0
78927,89781,0,89781,0
78927,89781,0,89781,0
78927,89781,0,89781,0
78927,89781,0,89781,0
78927,89781,0,89781,0
78927,89781,0,89781,0
78927,89781,0,89781,0
78927,89781,0,89781,0
78927,89781,0,89781,0
78927,89781,0,89781,0
78927,89781,0,89781,0
78927,89781,0,89781,0
78927,89781,0,89781,0
78927,89781,0,89781,0
78927,89781,0,89781,0
78927,89781,0,89781,0
78927,89781,0,89781,0
78927,89781,0,89781,0
78927,89781,0,89781,0
78927,89781,0,89781,0
78927,89781,0,89781,0
78927,89781,0,89781,0
78927,89781,0,89781,0
78927,89781,0,89781,0
78927,89781,0,89781,0
78927,89781,0,89781,0
78927,89781,0,89781,0
78927,89781,0,89781,0
78927,89781,0,89781,0
78927,89781,0,89781,0
78927,89781,0,89781,0
78927,89781,0,89781,0
78927,89781,0,89781,0
78927,89781,0,89781,0
78927,89781,0,89781,0
78927,89781,0,89781,0
78927,89781,0,89781,0
78927,89781,0,89781,0
78927,89781,0,89781,0
78927,89781,0,89781,0
78927,89781,0,89781,0
78927,89781,0,89781,0
78927,89781,0,89781,0
78927,89781,0,89781,0
78927,89781,0,89781,0
78927,89781,0,89781,0
78927,89781,0,89781,0
78927,89781,0,89781,0
78927,89781,0,89781,0
78927,89781,0,89816,1
78927,89816,1,89816,1
78927,89816,1,89816,1
78927,89816,1,89816,1
78927,89816,1,89816,1
78927,89816,1,89816,1
78927,89816,1,89816,1
78927,89816,1,89816,1
78927,89816,1,89816,1
78927,89816,1,89816,1
78927,89816,1,89816,1
78927,89816,1,89816,1
78927,89816,1,89816,1
78927,89816,1,89816,1
78927,89816,1,89816,1
78927,89816,1,89816,1
78927,89816,1,89816,1
78927,89816,1,89816,1
78927,89816,1,89816,1
78927,89816,1,89816,1
78927,89816,1,89816,1
78927,89816,1,89816,1
78927,89816,1,89816,1
78927,89816,1,89816,1
78927,89816,1,89816,1
78927,89816,1,89816,1
78927,89816,1,89816,1
78927,89816,1,89816,1
78927,89816,1,89816,1
78927,89816,1,89816,1
78927,89816,1,89816,1
78927,89816,1,89816,1
78927,89816,1,89816,1
78927,89816,1,89816,1
78927,89816,1,89816,1
78927,89816,1,89816,1
78927,89816,1,89816,1
78927,89816,1,89816,1
78927,89816,1,89816,1
78927,89816,1,89816,1
78927,89816,1,89816,1
78927,89816,1,89816,1
78927,89816,1,89816,1
78927,89816,1,89816,1
78927,89816,1,89816,1
78927,89816,1,89816,1
78927,89816,1,89816,1
78927,89816,1,89816,1
78927,89816,1,89816,1
78927,89816,1,89816,1
78927,89816,1,89816,1
78927,89816,1,89816,1
78927,89816,1,89816,1
78927,89816,1,89816,1
78927,89816,1,89816,1
78927,89816,1,89816,1
78927,89816,1,89816,1
78927,89816,1,89816,1
78927,89816,1,89816,1
78927,89816,1,89816,1
78927,89816,1,89816,1
78927,89816,1,89816,1
78927,89816,1,89795,1
78927,89795,1,89795,1
78927,89795,1,89795,1
78927,89795,1,89795,1
78927,89795,1,89795,1
78927,89795,1,89795,1
78927,89795,1,89795,1
78927,89795,1,89795,1
78927,89795,1,89795,1
78927,89795,1,89795,1
78927,89795,1,89795,1
78927,89795,1,89795,1
78927,89795,1,89795,1
78927,89795,1,89795,1
78927,89795,1,89795,1
78927,89795,1,89795,1
78927,89795,1,89795,1
78927,89795,1,89795,1
78927,89795,1,89795,1
78927,89795,1,89795,1
78927,89795,1,89795,1
78927,89795,1,89795,1
78927,89795,1,89795,1
78927,89795,1,89795,1
78927,89795,1,89795,1
78927,89795,1,89795,1
78927,89795,1,89795,1
78927,89795,1,89795,1
78927,89795,1,89795,1
78927,89795,1,89795,1
78927,89795,1,89795,1
78927,89795,1,89795,1
78927,89795,1,89795,1
78927,89795,1,89795,1
78927,89795,1,89795,1
78927,89795,1,89795,1
78927,89795,1,89795,1
78927,89795,1,89795,1
78927,89795,1,89795,1
78927,89795,1,89795,1
78927,89795,1,89795,1
78927,89795,1,89795,1
78927,89795,1,89795,1
78927,89795,1,89795,1
78927,89795,1,89795,1
78927,89795,1,89795,1
78927,89795,1,89795,1
78927,89795,1,89795,1
78927,89795,1,89795,1
78927,89795,1,89795,1
78927,89795,1,89795,1
78927,89795,1,89795,1
78927,89795,1,89795,1
78927,89795,1,89795,1
78927,89795,1,89795,1
78927,89795,1,89795,1
78927,89795,1,89795,1
78927,89795,1,89795,1
78927,89795,1,89795,1
78927,89795,1,89795,1
78927,89795,1,89795,1
78927,89795,1,89795,1
78927,89795,1,89797,1
78927,89797,1,89797,1
78927,89797,1,89797,1
78927,89797,1,89797,1
78927,89797,1,89797,1
78927,89797,1,89797,1
78927,89797,1,89797,1
78927,89797,1,89797,1
78927,89797,1,89797,1
78927,89797,1,89797,1
78927,89797,1,89797,1
78927,89797,1,89797,1
78927,89797,1,89797,1
78927,89797,1,89797,1
78927,89797,1,89797,1
78927,89797,1,89797,1
78927,89797,1,89797,1
78927,89797,1,89797,1
78927,89797,1,89797,1
78927,89797,1,89797,1
78927,89797,1,89797,1
78927,89797,1,89797,1
78927,89797,1,89797,1
78927,89797,1,89797,1
78927,89797,1,89797,1
78927,89797,1,89797,1
78927,89797,1,89797,1
78927,89797,1,89797,1
78927,89797,1,89797,1
78927,89797,1,89797,1
78927,89797,1,89797,1
78927,89797,1,89797,1
78927,89797,1,89797,1
78927,89797,1,89797,1
78927,89797,1,89797,1
78927,89797,1,89797,1
78927,89797,1,89797,1
78927,89797,1,89797,1
78927,89797,1,89797,1
78927,89797,1,89797,1
78927,89797,1,89797,1
78927,89797,1,89797,1
78927,89797,1,89797,1
78927,89797,1,89797,1
78927,89797,1,89797,1
78927,89797,1,89797,1
78927,89797,1,89797,1
78927,89797,1,89797,1
78927,89797,1,89797,1
78927,89797,1,89797,1
78927,89797,1,89797,1
78927,89797,1,89797,1
78927,89797,1,89797,1
78927,89797,1,89797,1
78927,89797,1,89797,1
78927,89797,1,89797,1
78927,89797,1,89797,1
78927,89797,1,89797,1
78927,89797,1,89797,1
78927,89797,1,89797,1
78927,89797,1,89797,1
78927,89797,1,89797,1
78927,89797,1,89809,1
78927,89809,1,89809,1
78927,89809,1,89809,1
78927,89809,1,89809,1
78927,89809,1,89809,1
78927,89809,1,89809,1
78927,89809,1,89809,1
78927,89809,1,89809,1
78927,89809,1,89809,1
78927,89809,1,89809,1
78927,89809,1,89809,1
78927,89809,1,89809,1
78927,89809,1,89809,1
78927,89809,1,89809,1
78927,89809,1,89809,1
78927,89809,1,89809,1
78927,89809,1,89809,1
78927,89809,1,89809,1
78927,89809,1,89809,1
78927,89809,1,89809,1
78927,89809,1,89809,1
78927,89809,1,89809,1
78927,89809,1,89809,1
78927,89809,1,89809,1
78927,89809,1,89809,1
78927,89809,1,89809,1
78927,89809,1,89809,1
78927,89809,1,89809,1
78927,89809,1,89809,1
78927,89809,1,89809,1
78927,89809,1,89809,1
78927,89809,1,89809,1
78927,89809,1,89809,1
78927,89809,1,89809,1
78927,89809,1,89809,1
78927,89809,1,89809,1
78927,89809,1,89809,1
78927,89809,1,89809,1
78927,89809,1,89809,1
78927,89809,1,89809,1
78927,89809,1,89809,1
78927,89809,1,89809,1
78927,89809,1,89809,1
78927,89809,1,89809,1
78927,89809,1,89809,1
78927,89809,1,89809,1
78927,89809,1,89809,1
78927,89809,1,89809,1
78927,89809,1,89809,1
78927,89809,1,89809,1
78927,89809,1,89809,1
78927,89809,1,89809,1
78927,89809,1,89809,1
78927,89809,1,89809,1
78927,89809,1,89809,1
78927,89809,1,89809,1
78927,89809,1,89809,1
78927,89809,1,89809,1
78927,89809,1,89809,1
78927,89809,1,89809,1
78927,89809,1,89809,1
78927,89809,1,89809,1
78927,89809,1,89804,1
78927,89804,1,89804,1
78927,89804,1,89804,1
78927,89804,1,89804,1
78927,89804,1,89804,1
78927,89804,1,89804,1
78927,89804,1,89804,1
78927,89804,1,89804,1
78927,89804,1,89804,1
78927,89804,1,89804,1
78927,89804,1,89804,1
78927,89804,1,89804,1
78927,89804,1,89804,1
78927,89804,1,89804,1
78927,89804,1,89804,1
78927,89804,1,89804,1
78927,89804,1,89804,1
78927,89804,1,89804,1
78927,89804,1,89804,1
78927,89804,1,89804,1
78927,89804,1,89804,1
78927,89804,1,89804,1
78927,89804,1,91667,0
78927,91667,0,91667,0
78927,91667,0,91667,0
78927,91667,0,91667,0
78927,91667,0,91667,0
78927,91667,0,91667,0
78927,91667,0,91667,0
78927,91667,0,91667,0
78927,91667,0,91667,0
78927,91667,0,91667,0
78927,91667,0,91667,0
78927,91667,0,91667,0
78927,91667,0,91667,0
78927,91667,0,91667,0
78927,91667,0,91667,0
78927,91667,0,91667,0
78927,91667,0,91667,0
78927,91667,0,91667,0
78927,91667,0,91667,0
78927,91667,0,91667,0
78927,91667,0,91667,0
78927,91667,0,91667,0
78927,91667,0,91667,0
78927,91667,0,91667,0
78927,91667,0,91667,0
78927,91667,0,91667,0
78927,91667,0,91667,0
78927,91667,0,91667,0
78927,91667,0,91667,0
78927,91667,0,91667,0
78927,91667,0,91667,0
78927,91667,0,91667,0
78927,91667,0,91667,0
78927,91667,0,91667,0
78927,91667,0,91667,0
78927,91667,0,91667,0
78927,91667,0,91667,0
78927,91667,0,91667,0
78927,91667,0,91667,0
78927,91667,0,91667,0
78927,91667,0,91667,0
78927,91667,0,91667,0
78927,91667,0,91667,0
78927,91667,0,91667,0
78927,91667,0,91667,0
78927,91667,0,91667,0
78927,91667,0,91667,0
78927,91667,0,91667,0
78927,91667,0,91667,0
78927,91667,0,91667,0
78927,91667,0,91667,0
78927,91667,0,91667,0
78927,91667,0,91667,0
78927,91667,0,91667,0
78927,91667,0,91667,0
78927,91667,0,91667,0
78927,91667,0,91667,0
78927,91667,0,91667,0
78927,91667,0,91667,0
78927,91667,0,91667,0
78927,91667,0,91667,0
78927,91667,0,91667,0
78927,91667,0,91662,0
78927,91662,0,91662,0
78927,91662,0,91662,0
78927,91662,0,91662,0
78927,91662,0,91662,0
78927,91662,0,91662,0
78927,91662,0,91662,0
78927,91662,0,91662,0
78927,91662,0,91662,0
78927,91662,0,91662,0
78927,91662,0,91662,0
78927,91662,0,91662,0
78927,91662,0,91662,0
78927,91662,0,91662,0
78927,91662,0,91662,0
78927,91662,0,91662,0
78927,91662,0,91662,0
78927,91662,0,91662,0
78927,91662,0,91662,0
78927,91662,0,91662,0
78927,91662,0,91662,0
78927,91662,0,91662,0
78927,91662,0,91662,0
78927,91662,0,91662,0
78927,91662,0,91662,0
78927,91662,0,91662,0
78927,91662,0,91662,0
78927,91662,0,91662,0
78927,91662,0,91662,0
78927,91662,0,91662,0
78927,91662,0,91662,0
78927,91662,0,91662,0
78927,91662,0,91662,0
78927,91662,0,91662,0
78927,91662,0,91662,0
78927,91662,0,91662,0
78927,91662,0,91662,0
78927,91662,0,91662,0
78927,91662,0,91662,0
78927,91662,0,91662,0
78927,91662,0,91662,0
78927,91662,0,91662,0
78927,91662,0,91662,0
78927,91662,0,91662,0
78927,91662,0,91662,0
78927,91662,0,91662,0
78927,91662,0,91662,0
78927,91662,0,91662,0
78927,91662,0,91662,0
78927,91662,0,91662,0
78927,91662,0,91662,0
78927,91662,0,91662,0
78927,91662,0,91662,0
78927,91662,0,91662,0
78927,91662,0,91662,0
78927,91662,0,91662,0
78927,91662,0,91662,0
78927,91662,0,91662,0
78927,91662,0,91662,0
78927,91662,0,91662,0
78927,91662,0,91662,0
78927,91662,0,91662,0
78927,91662,0,91658,1
78927,91658,1,91658,1
78927,91658,1,91658,1
78927,91658,1,91658,1
78927,91658,1,91658,1
78927,91658,1,91658,1
78927,91658,1,91658,1
78927,91658,1,91658,1
78927,91658,1,91658,1
78927,91658,1,91658,1
78927,91658,1,91658,1
78927,91658,1,91658,1
78927,91658,1,91658,1
78927,91658,1,91658,1
78927,91658,1,91658,1
78927,91658,1,91658,1
78927,91658,1,91658,1
78927,91658,1,91658,1
78927,91658,1,91658,1
78927,91658,1,91658,1
78927,91658,1,91658,1
78927,91658,1,91658,1
78927,91658,1,91658,1
78927,91658,1,91658,1
78927,91658,1,91658,1
78927,91658,1,91658,1
78927,91658,1,91658,1
78927,91658,1,91658,1
78927,91658,1,91658,1
78927,91658,1,91658,1
78927,91658,1,91658,1
78927,91658,1,91658,1
78927,91658,1,91658,1
78927,91658,1,91658,1
78927,91658,1,91658,1
78927,91658,1,91658,1
78927,91658,1,91658,1
78927,91658,1,91658,1
78927,91658,1,91658,1
78927,91658,1,91658,1
78927,91658,1,91658,1
78927,91658,1,91658,1
78927,91658,1,91658,1
78927,91658,1,91658,1
78927,91658,1,91658,1
78927,91658,1,91658,1
78927,91658,1,91658,1
78927,91658,1,91658,1
78927,91658,1,91658,1
78927,91658,1,91658,1
78927,91658,1,91658,1
78927,91658,1,91658,1
78927,91658,1,91658,1
78927,91658,1,91658,1
78927,91658,1,91658,1
78927,91658,1,91658,1
78927,91658,1,91658,1
78927,91658,1,91658,1
78927,91658,1,91658,1
78927,91658,1,91658,1
78927,91658,1,91658,1
78927,91658,1,91658,1
78927,91658,1,174030,1
78927,174030,1,174031,0
78927,174031,0,174063,0
78927,174063,0,174064,0
78927,174064,0,174066,1
78927,174066,1,174033,1
79316,57494,0,53673,1
79316,53673,1,49279,0
79316,49279,0,49275,1
79316,49275,1,49268,1
79316,49268,1,49278,1
79316,49278,1,49286,1
79316,49286,1,49269,0
79316,49269,0,49284,1
79316,49284,1,49288,1
79316,49288,1,49264,0
79316,49264,0,85510,1
79316,85510,1,85510,1
79316,85510,1,53673,1
79316,53673,1,84907,0
79316,84907,0,89730,0
79316,89730,0,89739,1
79316,89739,1,89728,1
79316,89728,1,89729,1
79316,89729,1,53995,0
79316,53995,0,54063,1
79316,54063,1,54217,0
79316,54217,0,58801,1
79316,58801,1,86343,1
79316,86343,1,53791,1
79316,53791,1,53996,0
79316,53996,0,53997,0
79316,53997,0,53998,1
79316,53998,1,54218,1
79316,54218,1,54219,1
79316,54219,1,57495,0
79316,57495,0,57496,0
79333,93148,1,93148,1
79333,93148,1,93148,1
79333,93148,1,93148,1
79333,93148,1,93148,1
79333,93148,1,93148,1
79333,93148,1,93148,1
79333,93148,1,93148,1
79333,93148,1,93148,1
79333,93148,1,93148,1
79333,93148,1,93148,1
79333,93148,1,93148,1
79333,93148,1,93148,1
79333,93148,1,93148,1
79333,93148,1,93148,1
79333,93148,1,93148,1
79333,93148,1,93148,1
79333,93148,1,93148,1
79333,93148,1,93148,1
79333,93148,1,93148,1
79333,93148,1,93148,1
79333,93148,1,93148,1
79333,93148,1,93148,1
79333,93148,1,93148,1
79333,93148,1,93148,1
79333,93148,1,93148,1
79333,93148,1,93217,1
79333,93217,1,93217,1
79333,93217,1,93217,1
79333,93217,1,93217,1
79333,93217,1,93217,1
79333,93217,1,93217,1
79333,93217,1,93217,1
79333,93217,1,93217,1
79333,93217,1,93217,1
79333,93217,1,93217,1
79333,93217,1,93217,1
79333,93217,1,93217,1
79333,93217,1,93217,1
79333,93217,1,93217,1
79333,93217,1,93217,1
79333,93217,1,93217,1
79333,93217,1,93217,1
79333,93217,1,93217,1
79333,93217,1,93217,1
79333,93217,1,93217,1
79333,93217,1,93217,1
79333,93217,1,93217,1
79333,93217,1,93217,1
79333,93217,1,93217,1
79333,93217,1,93217,1
79333,93217,1,93217,1
79333,93217,1,93194,1
79333,93194,1,93194,1
79333,93194,1,93194,1
79333,93194,1,93194,1
79333,93194,1,93194,1
79333,93194,1,93194,1
79333,93194,1,93194,1
79333,93194,1,93194,1
79333,93194,1,93194,1
79333,93194,1,93194,1
79333,93194,1,93194,1
79333,93194,1,93194,1
79333,93194,1,93194,1
79333,93194,1,93194,1
79333,93194,1,85107,1
79333,85107,1,85107,1
79333,85107,1,85107,1
79333,85107,1,85107,1
79333,85107,1,85107,1
79333,85107,1,85107,1
79333,85107,1,85107,1
79333,85107,1,85107,1
79333,85107,1,85107,1
79333,85107,1,85107,1
79333,85107,1,85107,1
79333,85107,1,85107,1
79333,85107,1,85107,1
79333,85107,1,85107,1
79333,85107,1,85107,1
79333,85107,1,85107,1
79333,85107,1,85107,1
79333,85107,1,85107,1
79333,85107,1,85107,1
79333,85107,1,85107,1
79333,85107,1,85100,1
79333,85100,1,85100,1
79333,85100,1,85100,1
79333,85100,1,85100,1
79333,85100,1,85100,1
79333,85100,1,85100,1
79333,85100,1,85100,1
79333,85100,1,85100,1
79333,85100,1,85100,1
79333,85100,1,85100,1
79333,85100,1,85100,1
79333,85100,1,85100,1
79333,85100,1,85100,1
79333,85100,1,85100,1
79333,85100,1,85100,1
79333,85100,1,85100,1
79333,85100,1,85100,1
79333,85100,1,85100,1
79333,85100,1,85100,1
79333,85100,1,85100,1
79333,85100,1,84619,1
79333,84619,1,84619,1
79333,84619,1,84619,1
79333,84619,1,84619,1
79333,84619,1,84619,1
79333,84619,1,84619,1
79333,84619,1,84619,1
79333,84619,1,84619,1
79333,84619,1,84619,1
79333,84619,1,84619,1
79333,84619,1,89241,1
79333,89241,1,89241,1
79333,89241,1,89241,1
79333,89241,1,89241,1
79333,89241,1,89241,1
79333,89241,1,89241,1
79333,89241,1,89241,1
79333,89241,1,89241,1
79333,89241,1,89241,1
79333,89241,1,89241,1
79333,89241,1,89241,1
79333,89241,1,89241,1
79333,89241,1,89241,1
79333,89241,1,89241,1
79333,89241,1,89241,1
79333,89241,1,89241,1
79333,89241,1,89241,1
79333,89241,1,89241,1
79333,89241,1,89241,1
79333,89241,1,89241,1
79333,89241,1,89241,1
79333,89241,1,89241,1
79333,89241,1,89241,1
79333,89241,1,89241,1
79333,89241,1,89241,1
79333,89241,1,89241,1
79333,89241,1,89241,1
79333,89241,1,89241,1
79333,89241,1,89241,1
79333,89241,1,89241,1
79333,89241,1,89241,1
79333,89241,1,89241,1
79333,89241,1,89241,1
79333,89241,1,89241,1
79333,89241,1,89241,1
79333,89241,1,89241,1
79333,89241,1,89241,1
79333,89241,1,89241,1
79333,89241,1,89241,1
79333,89241,1,89241,1
79333,89241,1,89241,1
79333,89241,1,89241,1
79333,89241,1,89241,1
79333,89241,1,89241,1
79333,89241,1,89241,1
79333,89241,1,89241,1
79333,89241,1,89241,1
79333,89241,1,89241,1
79333,89241,1,89241,1
79333,89241,1,89241,1
79333,89241,1,89241,1
79333,89241,1,89241,1
79333,89241,1,89241,1
79333,89241,1,89241,1
79333,89241,1,89241,1
79333,89241,1,89241,1
79333,89241,1,89241,1
79333,89241,1,89241,1
79333,89241,1,89241,1
79333,89241,1,89241,1
79333,89241,1,89235,1
79333,89235,1,89235,1
79333,89235,1,89235,1
79333,89235,1,89235,1
79333,89235,1,89235,1
79333,89235,1,89235,1
79333,89235,1,89235,1
79333,89235,1,89235,1
79333,89235,1,89235,1
79333,89235,1,89235,1
79333,89235,1,89235,1
79333,89235,1,89235,1
79333,89235,1,89235,1
79333,89235,1,89235,1
79333,89235,1,89235,1
79333,89235,1,89235,1
79333,89235,1,89235,1
79333,89235,1,89235,1
79333,89235,1,89235,1
79333,89235,1,89235,1
79333,89235,1,89235,1
79333,89235,1,91399,0
79333,91399,0,91399,0
79333,91399,0,91399,0
79333,91399,0,91399,0
79333,91399,0,91399,0
79333,91399,0,91399,0
79333,91399,0,91399,0
79333,91399,0,91399,0
79333,91399,0,91399,0
79333,91399,0,91399,0
79333,91399,0,91399,0
79333,91399,0,91399,0
79333,91399,0,91399,0
79333,91399,0,91399,0
79333,91399,0,91399,0
79333,91399,0,91399,0
79333,91399,0,91399,0
79333,91399,0,91399,0
79333,91399,0,91399,0
79333,91399,0,91399,0
79333,91399,0,91399,0
79333,91399,0,89280,1
79333,89280,1,89280,1
79333,89280,1,89280,1
79333,89280,1,89280,1
79333,89280,1,89280,1
79333,89280,1,89280,1
79333,89280,1,89280,1
79333,89280,1,89280,1
79333,89280,1,89280,1
79333,89280,1,89280,1
79333,89280,1,89280,1
79333,89280,1,89280,1
79333,89280,1,89280,1
79333,89280,1,89280,1
79333,89280,1,89280,1
79333,89280,1,89280,1
79333,89280,1,89280,1
79333,89280,1,89280,1
79333,89280,1,89280,1
79333,89280,1,89280,1
79333,89280,1,89280,1
79333,89280,1,89280,1
79333,89280,1,89280,1
79333,89280,1,89280,1
79333,89280,1,89280,1
79333,89280,1,89280,1
79333,89280,1,89280,1
79333,89280,1,89280,1
79333,89280,1,89280,1
79333,89280,1,89280,1
79333,89280,1,89280,1
79333,89280,1,89280,1
79333,89280,1,89280,1
79333,89280,1,89280,1
79333,89280,1,89280,1
79333,89280,1,89280,1
79333,89280,1,89280,1
79333,89280,1,89280,1
79333,89280,1,89280,1
79333,89280,1,89280,1
79333,89280,1,89280,1
79333,89280,1,89280,1
79333,89280,1,89280,1
79333,89280,1,89280,1
79333,89280,1,89280,1
79333,89280,1,89280,1
79333,89280,1,89280,1
79333,89280,1,89280,1
79333,89280,1,89280,1
79333,89280,1,89280,1
79333,89280,1,89280,1
79333,89280,1,89280,1
79333,89280,1,89280,1
79333,89280,1,89280,1
79333,89280,1,89280,1
79333,89280,1,89280,1
79333,89280,1,89280,1
79333,89280,1,89280,1
79333,89280,1,89280,1
79333,89280,1,89280,1
79333,89280,1,91381,1
79333,91381,1,91381,1
79333,91381,1,91381,1
79333,91381,1,91381,1
79333,91381,1,91381,1
79333,91381,1,91381,1
79333,91381,1,91381,1
79333,91381,1,91381,1
79333,91381,1,91381,1
79333,91381,1,91381,1
79333,91381,1,91381,1
79333,91381,1,91381,1
79333,91381,1,91381,1
79333,91381,1,91381,1
79333,91381,1,91381,1
79333,91381,1,91381,1
79333,91381,1,91381,1
79333,91381,1,91381,1
79333,91381,1,91381,1
79333,91381,1,91381,1
79333,91381,1,91381,1
79333,91381,1,91380,1
79333,91380,1,91380,1
79333,91380,1,91380,1
79333,91380,1,91380,1
79333,91380,1,91380,1
79333,91380,1,91380,1
79333,91380,1,91380,1
79333,91380,1,91380,1
79333,91380,1,91380,1
79333,91380,1,91380,1
79333,91380,1,91380,1
79333,91380,1,91380,1
79333,91380,1,91380,1
79333,91380,1,91380,1
79333,91380,1,91380,1
79333,91380,1,91380,1
79333,91380,1,91380,1
79333,91380,1,91380,1
79333,91380,1,91380,1
79333,91380,1,91380,1
79333,91380,1,91380,1
79333,91380,1,91382,1
79333,91382,1,91382,1
79333,91382,1,91382,1
79333,91382,1,91382,1
79333,91382,1,91382,1
79333,91382,1,91382,1
79333,91382,1,91382,1
79333,91382,1,91382,1
79333,91382,1,91382,1
79333,91382,1,91382,1
79333,91382,1,91382,1
79333,91382,1,91382,1
79333,91382,1,91382,1
79333,91382,1,91382,1
79333,91382,1,91382,1
79333,91382,1,91382,1
79333,91382,1,91382,1
79333,91382,1,91382,1
79333,91382,1,91382,1
79333,91382,1,91382,1
79333,91382,1,91638,1
79333,91638,1,91638,1
79333,91638,1,91638,1
79333,91638,1,91638,1
79333,91638,1,91638,1
79333,91638,1,91638,1
79333,91638,1,91638,1
79333,91638,1,91638,1
79333,91638,1,91638,1
79333,91638,1,91638,1
79333,91638,1,91638,1
79333,91638,1,91638,1
79333,91638,1,91638,1
79333,91638,1,91638,1
79333,91638,1,91638,1
79333,91638,1,91638,1
79333,91638,1,91638,1
79333,91638,1,91638,1
79333,91638,1,91638,1
79333,91638,1,91638,1
79333,91638,1,91638,1
79333,91638,1,91638,1
79333,91638,1,91638,1
79333,91638,1,91638,1
79333,91638,1,91638,1
79333,91638,1,91638,1
79333,91638,1,91638,1
79333,91638,1,91638,1
79333,91638,1,91638,1
79333,91638,1,91638,1
79333,91638,1,91638,1
79333,91638,1,91638,1
79333,91638,1,91638,1
79333,91638,1,91638,1
79333,91638,1,91638,1
79333,91638,1,91638,1
79333,91638,1,91638,1
79333,91638,1,91638,1
79333,91638,1,91638,1
79333,91638,1,91638,1
79333,91638,1,91638,1
79333,91638,1,91638,1
79333,91638,1,91638,1
79333,91638,1,91638,1
79333,91638,1,91638,1
79333,91638,1,91638,1
79333,91638,1,91638,1
79333,91638,1,91638,1
79333,91638,1,91638,1
79333,91638,1,91638,1
79333,91638,1,91638,1
79333,91638,1,91638,1
79333,91638,1,91638,1
79333,91638,1,91638,1
79333,91638,1,91638,1
79333,91638,1,91638,1
79333,91638,1,91638,1
79333,91638,1,91638,1
79333,91638,1,91638,1
79333,91638,1,91638,1
79333,91638,1,91638,1
79333,91638,1,91638,1
79333,91638,1,89820,1
79333,89820,1,89820,1
79333,89820,1,89820,1
79333,89820,1,89820,1
79333,89820,1,89820,1
79333,89820,1,89820,1
79333,89820,1,89820,1
79333,89820,1,89820,1
79333,89820,1,89820,1
79333,89820,1,89820,1
79333,89820,1,89820,1
79333,89820,1,89820,1
79333,89820,1,89820,1
79333,89820,1,89820,1
79333,89820,1,89820,1
79333,89820,1,89820,1
79333,89820,1,89820,1
79333,89820,1,89820,1
79333,89820,1,89820,1
79333,89820,1,89820,1
79333,89820,1,89820,1
79333,89820,1,89820,1
79333,89820,1,89820,1
79333,89820,1,89820,1
79333,89820,1,89820,1
79333,89820,1,89820,1
79333,89820,1,89820,1
79333,89820,1,89820,1
79333,89820,1,89820,1
79333,89820,1,89820,1
79333,89820,1,89820,1
79333,89820,1,89820,1
79333,89820,1,89820,1
79333,89820,1,89820,1
79333,89820,1,89820,1
79333,89820,1,89820,1
79333,89820,1,89820,1
79333,89820,1,89820,1
79333,89820,1,89820,1
79333,89820,1,89820,1
79333,89820,1,89820,1
79333,89820,1,89820,1
79333,89820,1,89820,1
79333,89820,1,89820,1
79333,89820,1,89820,1
79333,89820,1,89820,1
79333,89820,1,89820,1
79333,89820,1,89820,1
79333,89820,1,89820,1
79333,89820,1,89820,1
79333,89820,1,89820,1
79333,89820,1,89820,1
79333,89820,1,89820,1
79333,89820,1,89820,1
79333,89820,1,89820,1
79333,89820,1,89820,1
79333,89820,1,89820,1
79333,89820,1,89820,1
79333,89820,1,89820,1
79333,89820,1,89820,1
79333,89820,1,89820,1
79333,89820,1,89820,1
79333,89820,1,89835,1
79333,89835,1,89835,1
79333,89835,1,89835,1
79333,89835,1,89835,1
79333,89835,1,89835,1
79333,89835,1,89835,1
79333,89835,1,89835,1
79333,89835,1,89835,1
79333,89835,1,89835,1
79333,89835,1,89835,1
79333,89835,1,89835,1
79333,89835,1,89835,1
79333,89835,1,89835,1
79333,89835,1,89835,1
79333,89835,1,89835,1
79333,89835,1,89835,1
79333,89835,1,89835,1
79333,89835,1,89835,1
79333,89835,1,89835,1
79333,89835,1,89835,1
79333,89835,1,91660,1
79333,91660,1,91660,1
79333,91660,1,91660,1
79333,91660,1,91660,1
79333,91660,1,91660,1
79333,91660,1,91660,1
79333,91660,1,91660,1
79333,91660,1,91660,1
79333,91660,1,91660,1
79333,91660,1,91660,1
79333,91660,1,91660,1
79333,91660,1,91660,1
79333,91660,1,91660,1
79333,91660,1,91660,1
79333,91660,1,91660,1
79333,91660,1,91660,1
79333,91660,1,91660,1
79333,91660,1,91660,1
79333,91660,1,91660,1
79333,91660,1,91660,1
79333,91660,1,91660,1
79333,91660,1,91660,1
79333,91660,1,174056,1
79333,174056,1,174075,0
79333,174075,0,174068,1
79333,174068,1,174072,1
79333,174072,1,174032,1
79605,93238,0,93238,0
79605,93238,0,93238,0
79605,93238,0,93238,0
79605,93238,0,93238,0
79605,93238,0,93238,0
79605,93238,0,93238,0
79605,93238,0,93238,0
79605,93238,0,93238,0
79605,93238,0,93238,0
79605,93238,0,93238,0
79605,93238,0,93238,0
79605,93238,0,93238,0
79605,93238,0,93238,0
79605,93238,0,93238,0
79605,93238,0,93238,0
79605,93238,0,93238,0
79605,93238,0,93238,0
79605,93238,0,93238,0
79605,93238,0,93238,0
79605,93238,0,93238,0
79605,93238,0,93238,0
79605,93238,0,93238,0
79605,93238,0,93238,0
79605,93238,0,93238,0
79605,93238,0,93238,0
79605,93238,0,93174,0
79605,93174,0,93174,0
79605,93174,0,93174,0
79605,93174,0,93174,0
79605,93174,0,93174,0
79605,93174,0,93174,0
79605,93174,0,93174,0
79605,93174,0,93174,0
79605,93174,0,93174,0
79605,93174,0,93174,0
79605,93174,0,93174,0
79605,93174,0,93174,0
79605,93174,0,93174,0
79605,93174,0,93174,0
79605,93174,0,93174,0
79605,93174,0,93174,0
79605,93174,0,93174,0
79605,93174,0,93174,0
79605,93174,0,93174,0
79605,93174,0,93174,0
79605,93174,0,93174,0
79605,93174,0,93174,0
79605,93174,0,93174,0
79605,93174,0,93174,0
79605,93174,0,93174,0
79605,93174,0,93174,0
79605,93174,0,93163,0
79605,93163,0,93163,0
79605,93163,0,93163,0
79605,93163,0,93163,0
79605,93163,0,93163,0
79605,93163,0,93163,0
79605,93163,0,93163,0
79605,93163,0,93163,0
79605,93163,0,93163,0
79605,93163,0,93163,0
79605,93163,0,93163,0
79605,93163,0,93163,0
79605,93163,0,93163,0
79605,93163,0,93163,0
79605,93163,0,93163,0
79605,93163,0,93163,0
79605,93163,0,93163,0
79605,93163,0,93163,0
79605,93163,0,93163,0
79605,93163,0,93163,0
79605,93163,0,93163,0
79605,93163,0,93163,0
79605,93163,0,93163,0
79605,93163,0,93163,0
79605,93163,0,93163,0
79605,93163,0,93163,0
79605,93163,0,93192,1
79605,93192,1,93192,1
79605,93192,1,93192,1
79605,93192,1,93192,1
79605,93192,1,93192,1
79605,93192,1,93192,1
79605,93192,1,93192,1
79605,93192,1,93192,1
79605,93192,1,93192,1
79605,93192,1,93192,1
79605,93192,1,93192,1
79605,93192,1,93192,1
79605,93192,1,93192,1
79605,93192,1,93192,1
79605,93192,1,93192,1
79605,93192,1,93192,1
79605,93192,1,93192,1
79605,93192,1,93192,1
79605,93192,1,93192,1
79605,93192,1,93192,1
79605,93192,1,93192,1
79605,93192,1,93192,1
79605,93192,1,93192,1
79605,93192,1,93192,1
79605,93192,1,93192,1
79605,93192,1,93192,1
79605,93192,1,93191,1
79605,93191,1,93191,1
79605,93191,1,93191,1
79605,93191,1,93191,1
79605,93191,1,93191,1
79605,93191,1,93191,1
79605,93191,1,93191,1
79605,93191,1,93191,1
79605,93191,1,93191,1
79605,93191,1,93191,1
79605,93191,1,93191,1
79605,93191,1,93191,1
79605,93191,1,93191,1
79605,93191,1,93191,1
79605,93191,1,93191,1
79605,93191,1,93191,1
79605,93191,1,93191,1
79605,93191,1,93191,1
79605,93191,1,93191,1
79605,93191,1,93191,1
79605,93191,1,93191,1
79605,93191,1,93191,1
79605,93191,1,93191,1
79605,93191,1,93191,1
79605,93191,1,93191,1
79605,93191,1,93191,1
79605,93191,1,93178,1
79605,93178,1,93178,1
79605,93178,1,93178,1
79605,93178,1,93178,1
79605,93178,1,93178,1
79605,93178,1,93178,1
79605,93178,1,93178,1
79605,93178,1,93178,1
79605,93178,1,93178,1
79605,93178,1,93178,1
79605,93178,1,93178,1
79605,93178,1,93178,1
79605,93178,1,93178,1
79605,93178,1,93178,1
79605,93178,1,93178,1
79605,93178,1,93178,1
79605,93178,1,93178,1
79605,93178,1,93178,1
79605,93178,1,93178,1
79605,93178,1,93178,1
79605,93178,1,93178,1
79605,93178,1,93178,1
79605,93178,1,93178,1
79605,93178,1,93178,1
79605,93178,1,93178,1
79605,93178,1,93178,1
79605,93178,1,93212,1
79605,93212,1,93212,1
79605,93212,1,93212,1
79605,93212,1,93212,1
79605,93212,1,93212,1
79605,93212,1,93212,1
79605,93212,1,93212,1
79605,93212,1,93212,1
79605,93212,1,93212,1
79605,93212,1,93212,1
79605,93212,1,93212,1
79605,93212,1,93212,1
79605,93212,1,93212,1
79605,93212,1,93212,1
79605,93212,1,91357,1
79605,91357,1,91357,1
79605,91357,1,91357,1
79605,91357,1,91357,1
79605,91357,1,91357,1
79605,91357,1,91357,1
79605,91357,1,91357,1
79605,91357,1,91357,1
79605,91357,1,91357,1
79605,91357,1,91357,1
79605,91357,1,91357,1
79605,91357,1,91357,1
79605,91357,1,91357,1
79605,91357,1,91357,1
79605,91357,1,91357,1
79605,91357,1,91357,1
79605,91357,1,91357,1
79605,91357,1,91357,1
79605,91357,1,91357,1
79605,91357,1,91357,1
79605,91357,1,91403,0
79605,91403,0,91403,0
79605,91403,0,91403,0
79605,91403,0,91403,0
79605,91403,0,91403,0
79605,91403,0,91403,0
79605,91403,0,91403,0
79605,91403,0,91403,0
79605,91403,0,91403,0
79605,91403,0,91403,0
79605,91403,0,91403,0
79605,91403,0,91403,0
79605,91403,0,91403,0
79605,91403,0,91403,0
79605,91403,0,91403,0
79605,91403,0,91403,0
79605,91403,0,91403,0
79605,91403,0,91403,0
79605,91403,0,91403,0
79605,91403,0,91403,0
79605,91403,0,91403,0
79605,91403,0,91403,0
79605,91403,0,91403,0
79605,91403,0,91403,0
79605,91403,0,91403,0
79605,91403,0,91403,0
79605,91403,0,91403,0
79605,91403,0,91403,0
79605,91403,0,91403,0
79605,91403,0,91403,0
79605,91403,0,91403,0
79605,91403,0,91403,0
79605,91403,0,91403,0
79605,91403,0,91403,0
79605,91403,0,91403,0
79605,91403,0,91403,0
79605,91403,0,91403,0
79605,91403,0,91403,0
79605,91403,0,91403,0
79605,91403,0,91403,0
79605,91403,0,91403,0
79605,91403,0,91403,0
79605,91403,0,91403,0
79605,91403,0,91403,0
79605,91403,0,91403,0
79605,91403,0,91403,0
79605,91403,0,91403,0
79605,91403,0,91403,0
79605,91403,0,91403,0
79605,91403,0,91403,0
79605,91403,0,91403,0
79605,91403,0,91403,0
79605,91403,0,91403,0
79605,91403,0,91403,0
79605,91403,0,91403,0
79605,91403,0,91403,0
79605,91403,0,91403,0
79605,91403,0,91403,0
79605,91403,0,91403,0
79605,91403,0,91403,0
79605,91403,0,89287,0
79605,89287,0,89287,0
79605,89287,0,89287,0
79605,89287,0,89287,0
79605,89287,0,89287,0
79605,89287,0,89287,0
79605,89287,0,89287,0
79605,89287,0,89287,0
79605,89287,0,89287,0
79605,89287,0,89287,0
79605,89287,0,89287,0
79605,89287,0,89287,0
79605,89287,0,89287,0
79605,89287,0,89287,0
79605,89287,0,89287,0
79605,89287,0,89287,0
79605,89287,0,89287,0
79605,89287,0,89287,0
79605,89287,0,89287,0
79605,89287,0,89287,0
79605,89287,0,89287,0
79605,89287,0,89287,0
79605,89287,0,89287,0
79605,89287,0,89287,0
79605,89287,0,89287,0
79605,89287,0,89287,0
79605,89287,0,89287,0
79605,89287,0,89287,0
79605,89287,0,89287,0
79605,89287,0,89287,0
79605,89287,0,89287,0
79605,89287,0,89287,0
79605,89287,0,89287,0
79605,89287,0,89287,0
79605,89287,0,89287,0
79605,89287,0,89287,0
79605,89287,0,89287,0
79605,89287,0,89287,0
79605,89287,0,89287,0
79605,89287,0,89287,0
79605,89287,0,89287,0
79605,89287,0,89287,0
79605,89287,0,89287,0
79605,89287,0,89287,0
79605,89287,0,89287,0
79605,89287,0,89287,0
79605,89287,0,89287,0
79605,89287,0,89287,0
79605,89287,0,89287,0
79605,89287,0,89287,0
79605,89287,0,89287,0
79605,89287,0,89287,0
79605,89287,0,89287,0
79605,89287,0,89287,0
79605,89287,0,89287,0
79605,89287,0,89287,0
79605,89287,0,89287,0
79605,89287,0,89287,0
79605,89287,0,89287,0
79605,89287,0,89287,0
79605,89287,0,91396,1
79605,91396,1,91396,1
79605,91396,1,91396,1
79605,91396,1,91396,1
79605,91396,1,91396,1
79605,91396,1,91396,1
79605,91396,1,91396,1
79605,91396,1,91396,1
79605,91396,1,91396,1
79605,91396,1,91396,1
79605,91396,1,91396,1
79605,91396,1,91396,1
79605,91396,1,91396,1
79605,91396,1,91396,1
79605,91396,1,91396,1
79605,91396,1,91396,1
79605,91396,1,91396,1
79605,91396,1,91396,1
79605,91396,1,91396,1
79605,91396,1,91396,1
79605,91396,1,91396,1
79605,91396,1,91396,1
79605,91396,1,91396,1
79605,91396,1,91396,1
79605,91396,1,91396,1
79605,91396,1,91396,1
79605,91396,1,91396,1
79605,91396,1,91396,1
79605,91396,1,91396,1
79605,91396,1,91396,1
79605,91396,1,91396,1
79605,91396,1,91396,1
79605,91396,1,91396,1
79605,91396,1,91396,1
79605,91396,1,91396,1
79605,91396,1,91396,1
79605,91396,1,91396,1
79605,91396,1,91396,1
79605,91396,1,91396,1
79605,91396,1,91396,1
79605,91396,1,91396,1
79605,91396,1,91396,1
79605,91396,1,91396,1
79605,91396,1,91396,1
79605,91396,1,91396,1
79605,91396,1,91396,1
79605,91396,1,91396,1
79605,91396,1,91396,1
79605,91396,1,91396,1
79605,91396,1,91396,1
79605,91396,1,91396,1
79605,91396,1,91396,1
79605,91396,1,91396,1
79605,91396,1,91396,1
79605,91396,1,91396,1
79605,91396,1,91396,1
79605,91396,1,91396,1
79605,91396,1,91396,1
79605,91396,1,91396,1
79605,91396,1,91396,1
79605,91396,1,91386,1
79605,91386,1,91386,1
79605,91386,1,91386,1
79605,91386,1,91386,1
79605,91386,1,91386,1
79605,91386,1,91386,1
79605,91386,1,91386,1
79605,91386,1,91386,1
79605,91386,1,91386,1
79605,91386,1,91386,1
79605,91386,1,91386,1
79605,91386,1,91386,1
79605,91386,1,91386,1
79605,91386,1,91386,1
79605,91386,1,91386,1
79605,91386,1,91386,1
79605,91386,1,91386,1
79605,91386,1,91386,1
79605,91386,1,91386,1
79605,91386,1,91386,1
79605,91386,1,91386,1
79605,91386,1,91386,1
79605,91386,1,91386,1
79605,91386,1,91386,1
79605,91386,1,91386,1
79605,91386,1,91386,1
79605,91386,1,91386,1
79605,91386,1,91386,1
79605,91386,1,91386,1
79605,91386,1,91386,1
79605,91386,1,91386,1
79605,91386,1,91386,1
79605,91386,1,91386,1
79605,91386,1,91386,1
79605,91386,1,91386,1
79605,91386,1,91386,1
79605,91386,1,91386,1
79605,91386,1,91386,1
79605,91386,1,91386,1
79605,91386,1,91386,1
79605,91386,1,91386,1
79605,91386,1,91386,1
79605,91386,1,91386,1
79605,91386,1,91386,1
79605,91386,1,91386,1
79605,91386,1,91386,1
79605,91386,1,91386,1
79605,91386,1,91386,1
79605,91386,1,91386,1
79605,91386,1,91386,1
79605,91386,1,91386,1
79605,91386,1,91386,1
79605,91386,1,91386,1
79605,91386,1,91386,1
79605,91386,1,91386,1
79605,91386,1,91386,1
79605,91386,1,91386,1
79605,91386,1,91386,1
79605,91386,1,91386,1
79605,91386,1,91386,1
79605,91386,1,89281,1
79605,89281,1,89281,1
79605,89281,1,89281,1
79605,89281,1,89281,1
79605,89281,1,89281,1
79605,89281,1,89281,1
79605,89281,1,89281,1
79605,89281,1,89281,1
79605,89281,1,89281,1
79605,89281,1,89281,1
79605,89281,1,89281,1
79605,89281,1,89281,1
79605,89281,1,89281,1
79605,89281,1,89281,1
79605,89281,1,89281,1
79605,89281,1,89281,1
79605,89281,1,89281,1
79605,89281,1,89281,1
79605,89281,1,89281,1
79605,89281,1,89281,1
79605,89281,1,89281,1
79605,89281,1,89281,1
79605,89281,1,89281,1
79605,89281,1,89281,1
79605,89281,1,89281,1
79605,89281,1,89281,1
79605,89281,1,89281,1
79605,89281,1,89281,1
79605,89281,1,89281,1
79605,89281,1,89281,1
79605,89281,1,89281,1
79605,89281,1,89281,1
79605,89281,1,89281,1
79605,89281,1,89281,1
79605,89281,1,89281,1
79605,89281,1,89281,1
79605,89281,1,89281,1
79605,89281,1,89281,1
79605,89281,1,89281,1
79605,89281,1,89281,1
79605,89281,1,89281,1
79605,89281,1,89281,1
79605,89281,1,89281,1
79605,89281,1,89281,1
79605,89281,1,89281,1
79605,89281,1,89281,1
79605,89281,1,89281,1
79605,89281,1,89281,1
79605,89281,1,89281,1
79605,89281,1,89281,1
79605,89281,1,89281,1
79605,89281,1,89281,1
79605,89281,1,89281,1
79605,89281,1,89281,1
79605,89281,1,89281,1
79605,89281,1,89281,1
79605,89281,1,89281,1
79605,89281,1,89281,1
79605,89281,1,89281,1
79605,89281,1,89281,1
79605,89281,1,89769,0
79605,89769,0,89769,0
79605,89769,0,89769,0
79605,89769,0,89769,0
79605,89769,0,89769,0
79605,89769,0,89769,0
79605,89769,0,89769,0
79605,89769,0,89769,0
79605,89769,0,89769,0
79605,89769,0,89769,0
79605,89769,0,89769,0
79605,89769,0,89769,0
79605,89769,0,89769,0
79605,89769,0,89769,0
79605,89769,0,89769,0
79605,89769,0,89769,0
79605,89769,0,89769,0
79605,89769,0,89769,0
79605,89769,0,89769,0
79605,89769,0,89769,0
79605,89769,0,89769,0
79605,89769,0,89769,0
79605,89769,0,89775,0
79605,89775,0,89775,0
79605,89775,0,89775,0
79605,89775,0,89775,0
79605,89775,0,89775,0
79605,89775,0,89775,0
79605,89775,0,89775,0
79605,89775,0,89775,0
79605,89775,0,89775,0
79605,89775,0,89775,0
79605,89775,0,89775,0
79605,89775,0,89775,0
79605,89775,0,89775,0
79605,89775,0,89775,0
79605,89775,0,89775,0
79605,89775,0,89775,0
79605,89775,0,89775,0
79605,89775,0,89775,0
79605,89775,0,89775,0
79605,89775,0,89775,0
79605,89775,0,89775,0
79605,89775,0,89775,0
79605,89775,0,89848,1
79605,89848,1,89848,1
79605,89848,1,89848,1
79605,89848,1,89848,1
79605,89848,1,89848,1
79605,89848,1,89848,1
79605,89848,1,89848,1
79605,89848,1,89848,1
79605,89848,1,89848,1
79605,89848,1,89848,1
79605,89848,1,89848,1
79605,89848,1,89848,1
79605,89848,1,89848,1
79605,89848,1,89848,1
79605,89848,1,89848,1
79605,89848,1,89848,1
79605,89848,1,89848,1
79605,89848,1,89848,1
79605,89848,1,89848,1
79605,89848,1,89848,1
79605,89848,1,89848,1
79605,89848,1,89848,1
79605,89848,1,89848,1
79605,89848,1,89848,1
79605,89848,1,89848,1
79605,89848,1,89848,1
79605,89848,1,89848,1
79605,89848,1,89848,1
79605,89848,1,89848,1
79605,89848,1,89848,1
79605,89848,1,89848,1
79605,89848,1,89848,1
79605,89848,1,89848,1
79605,89848,1,89848,1
79605,89848,1,89848,1
79605,89848,1,89848,1
79605,89848,1,89848,1
79605,89848,1,89848,1
79605,89848,1,89848,1
79605,89848,1,89848,1
79605,89848,1,89848,1
79605,89848,1,89848,1
79605,89848,1,89848,1
79605,89848,1,89848,1
79605,89848,1,89848,1
79605,89848,1,89848,1
79605,89848,1,89848,1
79605,89848,1,89848,1
79605,89848,1,89848,1
79605,89848,1,89848,1
79605,89848,1,89848,1
79605,89848,1,89848,1
79605,89848,1,89848,1
79605,89848,1,89848,1
79605,89848,1,89848,1
79605,89848,1,89848,1
79605,89848,1,89848,1
79605,89848,1,89848,1
79605,89848,1,89848,1
79605,89848,1,89848,1
79605,89848,1,89848,1
79605,89848,1,89848,1
79605,89848,1,89801,1
79605,89801,1,89801,1
79605,89801,1,89801,1
79605,89801,1,89801,1
79605,89801,1,89801,1
79605,89801,1,89801,1
79605,89801,1,89801,1
79605,89801,1,89801,1
79605,89801,1,89801,1
79605,89801,1,89801,1
79605,89801,1,89801,1
79605,89801,1,89801,1
79605,89801,1,89801,1
79605,89801,1,89801,1
79605,89801,1,89801,1
79605,89801,1,89801,1
79605,89801,1,89801,1
79605,89801,1,89801,1
79605,89801,1,89801,1
79605,89801,1,89801,1
79605,89801,1,89801,1
79605,89801,1,89801,1
79605,89801,1,89801,1
79605,89801,1,89801,1
79605,89801,1,89801,1
79605,89801,1,89801,1
79605,89801,1,89801,1
79605,89801,1,89801,1
79605,89801,1,89801,1
79605,89801,1,89801,1
79605,89801,1,89801,1
79605,89801,1,89801,1
79605,89801,1,89801,1
79605,89801,1,89801,1
79605,89801,1,89801,1
79605,89801,1,89801,1
79605,89801,1,89801,1
79605,89801,1,89801,1
79605,89801,1,89801,1
79605,89801,1,89801,1
79605,89801,1,89801,1
79605,89801,1,89801,1
79605,89801,1,89801,1
79605,89801,1,89801,1
79605,89801,1,89801,1
79605,89801,1,89801,1
79605,89801,1,89801,1
79605,89801,1,89801,1
79605,89801,1,89801,1
79605,89801,1,89801,1
79605,89801,1,89801,1
79605,89801,1,89801,1
79605,89801,1,89801,1
79605,89801,1,89801,1
79605,89801,1,89801,1
79605,89801,1,89801,1
79605,89801,1,89801,1
79605,89801,1,89801,1
79605,89801,1,89801,1
79605,89801,1,89801,1
79605,89801,1,89801,1
79605,89801,1,89801,1
79605,89801,1,89843,1
79605,89843,1,89843,1
79605,89843,1,89843,1
79605,89843,1,89843,1
79605,89843,1,89843,1
79605,89843,1,89843,1
79605,89843,1,89843,1
79605,89843,1,89843,1
79605,89843,1,89843,1
79605,89843,1,89843,1
79605,89843,1,89843,1
79605,89843,1,89843,1
79605,89843,1,89843,1
79605,89843,1,89843,1
79605,89843,1,89843,1
79605,89843,1,89843,1
79605,89843,1,89843,1
79605,89843,1,89843,1
79605,89843,1,89843,1
79605,89843,1,89843,1
79605,89843,1,89843,1
79605,89843,1,89843,1
79605,89843,1,89797,1
79605,89797,1,89797,1
79605,89797,1,89797,1
79605,89797,1,89797,1
79605,89797,1,89797,1
79605,89797,1,89797,1
79605,89797,1,89797,1
79605,89797,1,89797,1
79605,89797,1,89797,1
79605,89797,1,89797,1
79605,89797,1,89797,1
79605,89797,1,89797,1
79605,89797,1,89797,1
79605,89797,1,89797,1
79605,89797,1,89797,1
79605,89797,1,89797,1
79605,89797,1,89797,1
79605,89797,1,89797,1
79605,89797,1,89797,1
79605,89797,1,89797,1
79605,89797,1,89797,1
79605,89797,1,89797,1
79605,89797,1,91660,0
79605,91660,0,91660,0
79605,91660,0,91660,0
79605,91660,0,91660,0
79605,91660,0,91660,0
79605,91660,0,91660,0
79605,91660,0,91660,0
79605,91660,0,91660,0
79605,91660,0,91660,0
79605,91660,0,91660,0
79605,91660,0,91660,0
79605,91660,0,91660,0
79605,91660,0,91660,0
79605,91660,0,91660,0
79605,91660,0,91660,0
79605,91660,0,91660,0
79605,91660,0,91660,0
79605,91660,0,91660,0
79605,91660,0,91660,0
79605,91660,0,91660,0
79605,91660,0,91660,0
79605,91660,0,91660,0
80925,93234,1,57485,0
80925,57485,0,57632,1
80925,57632,1,57563,1
80925,57563,1,57518,1
80925,57518,1,92389,1
80925,92389,1,93324,1
80925,93324,1,57486,1
80925,57486,1,57487,1
80958,93152,0,93168,0
80958,93168,0,93225,0
80958,93225,0,93161,0
80958,93161,0,93214,0
80958,93214,0,93238,0
80958,93238,0,93151,0
80958,93151,0,57602,0
80958,57602,0,57473,0
80958,57473,0,91066,0
80958,91066,0,91153,0
80958,91153,0,91155,0
80958,91155,0,91098,0
80958,91098,0,91526,0
80958,91526,0,91114,0
80958,91114,0,92387,0
80958,92387,0,57603,0
80958,57603,0,57604,0
80958,57604,0,57474,0
80958,57474,0,57475,0
80987,57560,0,57575,0
80987,57575,0,57464,0
80987,57464,0,57561,1
80987,57561,1,57562,0
80987,57562,0,57576,1
80987,57576,1,57577,1
80987,57577,1,57465,0
80987,57465,0,57466,0
80991,57521,0,57506,0
80991,57506,0,57533,0
80991,57533,0,57482,0
80991,57482,0,57464,0
80991,57464,0,57522,0
80991,57522,0,57523,0
80991,57523,0,57507,0
80991,57507,0,57508,0
80991,57508,0,57534,0
80991,57534,0,57535,0
80991,57535,0,57483,0
80991,57483,0,57484,0
80991,57484,0,57465,0
80991,57465,0,57466,0
81347,93210,1,57620,1
81347,57620,1,57482,0
81347,57482,0,91075,0
81347,91075,0,91513,0
81347,91513,0,91101,0
81347,91101,0,91100,0
81347,91100,0,91096,0
81347,91096,0,92381,1
81347,92381,1,92377,1
81347,92377,1,57483,0
81347,57483,0,57484,0
81350,93245,0,93171,0
81350,93171,0,93244,0
81350,93244,0,93184,0
81350,93184,0,93188,1
81350,93188,1,93160,0
81350,93160,0,93167,1
81350,93167,1,91541,1
81351,93235,1,57554,1
81351,57554,1,57545,0
81351,57545,0,57488,1
81351,57488,1,57509,1
81351,57509,1,57638,1
81351,57638,1,91524,1
81351,91524,1,57546,1
81351,57546,1,57547,0
81363,93149,0,93160,1
81363,93160,1,93237,0
81363,93237,0,93172,0
81363,93172,0,93203,1
81363,93203,1,93210,1
81363,93210,1,93239,1
81363,93239,1,57491,1
81363,57491,1,57482,0
81363,57482,0,91519,0
81363,91519,0,91074,0
81363,91074,0,91101,0
81363,91101,0,91112,0
81363,91112,0,91120,0
81363,91120,0,92378,0
81363,92378,0,92366,1
81363,92366,1,57483,0
81363,57483,0,57484,0
81390,93223,0,93179,0
81390,93179,0,93198,0
81390,93198,0,93233,0
81390,93233,0,93234,0
81390,93234,0,93203,0
81390,93203,0,93212,0
81390,93212,0,57557,0
81390,57557,0,91058,0
81390,91058,0,91126,0
81390,91126,0,91102,0
81390,91102,0,91525,0
81390,91525,0,91112,0
81390,91112,0,91099,0
81390,91099,0,92376,0
81407,93242,0,93172,0
81407,93172,0,93158,0
81407,93158,0,93207,0
81407,93207,0,91067,0
81407,91067,0,91073,0
81407,91073,0,91083,0
81407,91083,0,91535,0
81407,91535,0,91094,0
81407,91094,0,91533,0
81407,91533,0,92376,0
81468,57464,0,57506,0
81468,57506,0,57581,0
81468,57581,0,57602,1
81468,57602,1,57470,0
81468,57470,0,91518,0
81468,91518,0,91078,0
81468,91078,0,91514,0
81468,91514,0,91093,0
81468,91093,0,91091,0
81468,91091,0,91116,0
81468,91116,0,91150,0
81468,91150,0,57465,0
81468,57465,0,57466,0
81468,57466,0,57507,0
81468,57507,0,57508,0
81468,57508,0,57582,0
81468,57582,0,57583,1
81468,57583,1,57471,0
81468,57471,0,57472,0
83912,57563,0,57467,0
83912,57467,0,57590,0
83912,57590,0,57617,0
83912,57617,0,57527,0
83912,57527,0,46896,0
83912,46896,0,46896,0
83912,46896,0,57564,1
83912,57564,1,57565,1
83912,57565,1,57468,1
83912,57468,1,57469,1
83912,57469,1,57591,1
83912,57591,1,57592,1
83912,57592,1,57618,0
83912,57618,0,57619,1
83912,57619,1,57528,1
83912,57528,1,57529,1
83912,57529,1,46897,0
83912,46897,0,46898,1
84306,93236,0,93161,0
84306,93161,0,93228,0
84306,93228,0,93230,1
84306,93230,1,93192,0
84306,93192,0,93178,0
84306,93178,0,87607,1
84306,87607,1,88160,1
84306,88160,1,88031,1
84306,88031,1,87809,0
84306,87809,0,87739,0
84306,87739,0,87806,0
84306,87806,0,87719,0
84306,87719,0,87702,0
84310,93239,0,93167,0
84310,93167,0,93186,0
84310,93186,0,93158,0
84310,93158,0,93220,0
84310,93220,0,93240,0
84310,93240,0,93153,0
84310,93153,0,57485,0
84310,57485,0,57470,0
84310,57470,0,93190,0
84310,93190,0,93156,0
84310,93156,0,93161,0
84310,93161,0,93174,0
84310,93174,0,93218,0
84310,93218,0,93178,0
84310,93178,0,93231,0
84310,93231,0,93179,0
84310,93179,0,93203,1
84310,93203,1,57608,1
84310,57608,1,57494,1
84310,57494,1,46914,0
84310,46914,0,46815,1
84310,46815,1,46839,1
84310,46839,1,46929,1
84310,46929,1,46878,1
84310,46878,1,46821,0
84310,46821,0,46914,0
84310,46914,0,46815,1
84310,46815,1,46839,1
84310,46839,1,46929,1
84310,46929,1,46878,1
84310,46878,1,46821,0
84310,46821,0,87492,1
84310,87492,1,88161,0
84310,88161,0,88127,1
84310,88127,1,57486,0
84310,57486,0,57487,0
84310,57487,0,57471,0
84310,57471,0,57472,0
84310,57472,0,46915,0
84310,46915,0,46916,1
84310,46916,1,46822,1
84310,46822,1,46823,0
84317,93203,0,93214,0
84317,93214,0,93164,0
84317,93164,0,93221,0
84317,93221,0,93155,0
84317,93155,0,93179,0
84317,93179,0,93227,0
84317,93227,0,87620,1
84317,87620,1,88151,0
84322,46827,0,46854,0
84322,46854,0,46827,0
84322,46827,0,46854,0
84322,46854,0,97727,0
84322,97727,0,97728,1
84322,97728,1,97729,1
84322,97729,1,97730,0
84322,97730,0,97691,0
84322,97691,0,97743,0
84322,97743,0,97744,1
84322,97744,1,97745,1
84322,97745,1,97746,1
84322,97746,1,97531,0
84322,97531,0,97532,1
84322,97532,1,97533,0
84322,97533,0,97534,1
84322,97534,1,97639,0
84322,97639,0,97650,0
84322,97650,0,97652,1
84322,97652,1,97653,0
84322,97653,0,97654,0
84322,97654,0,97643,0
84322,97643,0,97644,1
84322,97644,1,97645,1
84322,97645,1,97646,0
84322,97646,0,46828,0
84322,46828,0,46829,0
84322,46829,0,46855,0
85334,93153,0,93204,1
85334,93204,1,93203,1
85334,93203,1,93220,1
85334,93220,1,85681,1
85334,85681,1,85099,1
85334,85099,1,91403,1
85334,91403,1,91402,1
85334,91402,1,89774,1
85334,89774,1,89817,1
85334,89817,1,173916,1
85334,173916,1,173917,1
85334,173917,1,173979,1
85334,173979,1,174015,1
86341,93175,0,93174,1
86341,93174,1,93170,1
86341,93170,1,93205,0
86341,93205,0,93239,0
86341,93239,0,93160,0
86341,93160,0,93221,0
86341,93221,0,93164,0
86341,93164,0,91155,0
86341,91155,0,88238,0
86341,88238,0,88236,0
86341,88236,0,88230,0
86341,88230,0,88228,0
86341,88228,0,88259,0
86341,88259,0,88239,0
86341,88239,0,88205,0
86341,88205,0,88271,0
86341,88271,0,88269,0
86341,88269,0,88260,0
86341,88260,0,88243,0
86341,88243,0,88242,1
86341,88242,1,88251,1
86341,88251,1,88211,1
86341,88211,1,59714,0
86341,59714,0,59717,0
86341,59717,0,59714,0
86341,59714,0,59716,0
86341,59716,0,59714,0
86341,59714,0,59715,0
86341,59715,0,88361,0
86341,88361,0,88365,1
86341,88365,1,88364,1
86341,88364,1,88336,0
86341,88336,0,88391,0
86341,88391,0,107710,0
86341,107710,0,88290,1
86341,88290,1,88323,1
86341,88323,1,88394,1
86341,88394,1,107711,0
86341,107711,0,107712,0
86341,107712,0,107713,0
86341,107713,0,59718,0
86341,59718,0,59719,0
86341,59719,0,59720,0
86341,59720,0,59721,0
86341,59721,0,59762,0
86341,59762,0,59763,0
86341,59763,0,59764,0
86341,59764,0,59765,0
86341,59765,0,59682,0
86341,59682,0,59683,0
86341,59683,0,59684,0
86341,59684,0,59685,0
86341,59685,0,59806,0
86341,59806,0,59807,0
86341,59807,0,59808,0
86341,59808,0,59809,0
86341,59809,0,59686,0
86341,59686,0,59687,0
86341,59687,0,59688,0
86341,59688,0,59689,0
91114,93229,1,93201,1
91114,93201,1,85658,0
91114,85658,0,173911,0
91114,173911,0,173933,0
91114,173933,0,173893,1
91114,173893,1,173886,0
91114,173886,0,173953,1
91114,173953,1,173960,1
91115,93151,1,93167,1
91115,93167,1,85684,1
91115,85684,1,86096,1
91115,86096,1,89295,1
91115,89295,1,91348,1
91115,91348,1,173900,0
91115,173900,0,173945,1
91115,173945,1,173937,1
91115,173937,1,173892,1
91118,93154,1,93245,1
91118,93245,1,85100,1
91118,85100,1,84701,1
91118,84701,1,91361,1
91118,91361,1,91378,1
91118,91378,1,89833,1
91118,89833,1,173932,1
91118,173932,1,173948,1
91118,173948,1,173982,1
91118,173982,1,173991,1
91119,93220,1,93215,1
91119,93215,1,173938,0
91119,173938,0,173946,0
91119,173946,0,173903,0
91119,173903,0,173885,0
91120,93173,1,93151,1
91120,93151,1,85098,1
91120,85098,1,86124,1
91120,86124,1,89299,1
91120,89299,1,89236,1
91120,89236,1,89814,1
91120,89814,1,173907,1
91120,173907,1,173905,1
91120,173905,1,173988,1
91120,173988,1,173959,1
91120,173959,1,91660,1
91441,93163,1,57563,1
91441,57563,1,57503,1
91441,57503,1,97559,1
91441,97559,1,107905,1
91441,107905,1,108112,1
91441,108112,1,107880,1
91441,107880,1,108242,1
91441,108242,1,107925,1
91441,107925,1,108283,1
91887,57629,0,57599,0
91887,57599,0,57482,0
91887,57482,0,57536,0
91887,57536,0,57491,0
91887,57491,0,57630,0
91887,57630,0,57631,0
91887,57631,0,57600,0
91887,57600,0,57601,0
91887,57601,0,57483,0
91887,57483,0,57484,1
91887,57484,1,57537,1
91887,57537,1,57538,1
91887,57538,1,57492,0
91887,57492,0,57493,0
71883,91062,0,91067,1
71883,91067,1,91073,0
71883,91073,0,91079,1
71883,91079,1,91131,0
71883,91131,0,91100,0
71883,91100,0,91533,0
71883,91533,0,71778,0
71883,71778,0,71783,1
71883,71783,1,71775,1
71883,71775,1,71774,1
71883,71774,1,84787,0
71883,84787,0,84949,0
71883,84949,0,84884,0
71883,84884,0,84723,0
71883,84723,0,84937,0
71883,84937,0,84934,0
71883,84934,0,84744,1
71883,84744,1,84742,0
71883,84742,0,84911,0
71883,84911,0,84936,0
71883,84936,0,84943,1
71883,84943,1,84788,0
71883,84788,0,84966,1
71883,84966,1,85857,0
71883,85857,0,85823,0
71883,85823,0,85813,0
71883,85813,0,85867,1
71883,85867,1,85809,1
71883,85809,1,85830,1
71883,85830,1,85926,0
71883,85926,0,86067,1
71883,86067,1,86062,0
71883,86062,0,85893,0
71883,85893,0,86074,1
71883,86074,1,85965,1
71883,85965,1,85941,1
71883,85941,1,61103,0
71883,61103,0,61109,0
71883,61109,0,61100,0
71883,61100,0,61089,1
71883,61089,1,61097,1
71883,61097,1,84947,1
71883,84947,1,84881,1
71883,84881,1,61104,0
71883,61104,0,61113,0
71883,61113,0,61091,0
71883,61091,0,61118,1
71883,61118,1,61116,0
71883,61116,0,61112,1
71883,61112,1,61095,0
71883,61095,0,61107,1
71883,61107,1,61101,0
71883,61101,0,61093,1
71883,61093,1,85711,0
71883,85711,0,85698,0
71883,85698,0,85745,0
71883,85745,0,85729,0
71883,85729,0,85703,0
71883,85703,0,85700,1
71883,85700,1,85734,1
71883,85734,1,85740,0
71883,85740,0,85736,1
71883,85736,1,85707,0
71883,85707,0,85701,1
71883,85701,1,85712,0
71883,85712,0,85750,1
71883,85750,1,85740,1
71883,85740,1,85742,0
71883,85742,0,85749,0
71883,85749,0,85727,0
71883,85727,0,85726,1
71883,85726,1,53340,0
71883,53340,0,53332,1
71883,53332,1,53337,1
71883,53337,1,53316,1
71883,53316,1,66664,0
71883,66664,0,66619,1
71883,66619,1,66612,1
71883,66612,1,66698,1
71883,66698,1,60018,0
71883,60018,0,59978,0
71883,59978,0,59990,0
71883,59990,0,60003,0
71883,60003,0,60033,0
71883,60033,0,59981,1
71883,59981,1,60012,0
71883,60012,0,60005,1
71883,60005,1,60006,1
71883,60006,1,88427,0
71883,88427,0,88416,1
71883,88416,1,88432,1
71883,88432,1,88470,1
71883,88470,1,49290,1
71883,49290,1,53569,0
71883,53569,0,53637,1
71883,53637,1,53577,1
71883,53577,1,53533,1
71883,53533,1,49268,1
71883,49268,1,49264,1
71883,49264,1,49265,1
71883,49265,1,49263,1
71883,49263,1,49270,1
71883,49270,1,53561,1
71883,53561,1,49278,1
71883,49278,1,49287,1
71883,49287,1,49289,1
71883,49289,1,49274,1
71883,49274,1,49281,1
71883,49281,1,87125,1
71883,87125,1,87090,0
71883,87090,0,87025,0
71883,87025,0,87132,1
71883,87132,1,87106,1
71883,87106,1,87047,1
71883,87047,1,80388,1
71883,80388,1,80334,1
71883,80334,1,80454,1
71883,80454,1,80634,0
71883,80634,0,80436,0
71883,80436,0,80316,1
71883,80316,1,54114,0
71883,54114,0,54126,1
71883,54126,1,86879,1
71883,86879,1,54149,1
71883,54149,1,86836,0
71883,86836,0,86848,0
71883,86848,0,86797,1
71883,86797,1,86857,1
71883,86857,1,86877,1
71883,86877,1,54151,0
71883,54151,0,54133,1
71883,54133,1,54141,1
71883,54141,1,54115,1
71883,54115,1,53745,0
71883,53745,0,85395,1
71883,85395,1,84747,0
71883,84747,0,85310,1
71883,85310,1,85301,1
71883,85301,1,80388,1
71883,80388,1,89599,1
71883,89599,1,80334,1
71883,80334,1,80454,1
71883,80454,1,80634,0
71883,80634,0,80436,0
71883,80436,0,80316,1
71883,80316,1,53569,0
71883,53569,0,53745,0
71883,53745,0,53637,1
71883,53637,1,53577,1
71883,53577,1,53533,1
71883,53533,1,85395,1
71883,85395,1,85338,0
71883,85338,0,84747,0
71883,84747,0,85310,1
71883,85310,1,85301,1
71883,85301,1,84735,1
71883,84735,1,53561,1
71883,53561,1,88538,1
71883,88538,1,88526,1
71883,88526,1,53837,1
71883,53837,1,53848,1
71883,53848,1,89916,1
71883,89916,1,84889,1
71883,84889,1,89750,1
71883,89750,1,89909,0
71883,89909,0,89857,0
71883,89857,0,89967,1
71883,89967,1,89940,1
71883,89940,1,89865,1
71883,89865,1,89717,1
71883,89717,1,89956,1
71883,89956,1,53850,1
71883,53850,1,89726,1
71883,89726,1,89904,1
71883,89904,1,53834,1
71883,53834,1,53987,1
71883,53987,1,54031,1
71883,54031,1,54019,1
71883,54019,1,54059,0
71883,54059,0,53987,1
71883,53987,1,54091,1
71883,54091,1,53991,1
71883,53991,1,54083,1
71883,54083,1,54250,0
71883,54250,0,54376,1
71883,54376,1,54247,1
71883,54247,1,54361,1
71883,54361,1,54325,1
71883,54325,1,54532,1
71883,54532,1,90449,1
71883,90449,1,90145,1
71883,90145,1,54459,0
71883,54459,0,54460,1
71883,54460,1,54452,1
71883,54452,1,54458,1
71883,54458,1,54499,1
71883,54499,1,90043,1
71883,90043,1,90404,1
71883,90404,1,90600,1
71883,90600,1,90088,1
71883,90088,1,54427,1
71883,54427,1,54563,1
71883,54563,1,90178,1
71883,90178,1,90446,1
71883,90446,1,54364,0
71883,54364,0,54175,1
71883,54175,1,54388,1
71883,54388,1,54391,1
71883,54391,1,58799,1
71883,58799,1,58811,1
71883,58811,1,86348,0
71883,86348,0,86440,1
71883,86440,1,86346,1
71883,86346,1,86456,1
71883,86456,1,58806,1
71883,58806,1,86349,1
71883,86349,1,53773,1
71883,53773,1,86741,1
71883,86741,1,51177,0
71883,51177,0,51141,1
71883,51141,1,51153,1
71883,51153,1,66828,0
71883,66828,0,66829,0
71883,66829,0,66830,1
71883,66830,1,66819,0
71883,66819,0,66820,1
71883,66820,1,66821,1
71883,66821,1,54251,1
71883,54251,1,54252,1
71883,54252,1,54060,0
71883,54060,0,54061,1
71883,54061,1,54062,0
71883,54062,0,53570,0
71883,53570,0,53571,0
71883,53571,0,53572,1
71883,53572,1,53746,0
71883,53746,0,53747,1
71883,53747,1,53748,0
71883,53748,0,84748,1
71883,84748,1,84750,0
71883,84750,0,54365,1
71883,54365,1,54366,1
71883,54366,1,80635,1
71883,80635,1,80636,1
71883,80636,1,80637,0
71883,80637,0,80638,1
71883,80638,1,80639,1
71883,80639,1,80437,1
71883,80437,1,80438,1
71883,80438,1,80439,1
71883,80439,1,80440,1
71883,80440,1,80441,1
79669,91545,0,91562,1
79669,91562,1,91227,1
79669,91227,1,91218,1
79669,91218,1,91110,0
79669,91110,0,71754,0
79669,71754,0,71746,1
79669,71746,1,71758,0
79669,71758,0,71754,0
79669,71754,0,71746,1
79669,71746,1,71758,0
79669,71758,0,71471,1
79669,71471,1,80352,0
79669,80352,0,80610,1
79669,80610,1,80436,1
79669,80436,1,80358,1
79669,80358,1,80472,1
79669,80472,1,80520,1
79669,80520,1,89677,1
79669,89677,1,80352,0
79669,80352,0,80610,1
79669,80610,1,80436,1
79669,80436,1,80358,1
79669,80358,1,80472,1
79669,80472,1,80520,1
79669,80520,1,80722,1
79669,80722,1,80802,0
79669,80802,0,80742,1
79669,80742,1,80838,0
79669,80838,0,80738,0
79669,80738,0,80894,0
79669,80894,0,80895,1
79669,80895,1,80896,1
79669,80896,1,80897,1
79669,80897,1,85625,0
79669,85625,0,85604,0
79669,85604,0,85611,1
79669,85611,1,128670,0
79669,128670,0,85621,1
79669,85621,1,128664,1
79669,128664,1,85613,1
79669,85613,1,85624,1
79669,85624,1,85597,1
79669,85597,1,87436,0
79669,87436,0,87550,1
79669,87550,1,87440,0
79669,87440,0,87455,1
79669,87455,1,87433,0
79669,87433,0,87435,1
79669,87435,1,87463,1
79669,87463,1,87544,1
79669,87544,1,87546,1
79669,87546,1,87460,1
79669,87460,1,87968,0
79669,87968,0,88024,0
79669,88024,0,88069,1
79669,88069,1,88076,1
79669,88076,1,88082,1
79669,88082,1,66852,0
79669,66852,0,66853,0
79669,66853,0,66854,0
79669,66854,0,51216,0
79669,51216,0,66816,0
79669,66816,0,66817,0
79669,66817,0,66818,0
79669,66818,0,66864,0
79669,66864,0,66865,0
79669,66865,0,66866,1
79669,66866,1,66792,1
79669,66792,1,80353,1
79669,80353,1,80354,1
79669,80354,1,80355,1
79669,80355,1,80356,1
79669,80356,1,80357,0
79669,80357,0,80803,1
79669,80803,1,80804,0
79669,80804,0,80805,0
79669,80805,0,80839,0
79669,80839,0,80840,1
79669,80840,1,80841,0
79669,80841,0,80739,1
79669,80739,1,80740,1
79669,80740,1,80741,1
80959,91057,0,91521,0
80959,91521,0,91082,0
80959,91082,0,91514,0
80959,91514,0,91531,1
80959,91531,1,91103,1
80959,91103,1,91155,0
81025,91067,0,91143,0
81025,91143,0,91155,0
81025,91155,0,91087,0
81025,91087,0,91088,0
81025,91088,0,92357,0
81025,92357,0,92383,1
81034,91063,0,91081,0
81034,91081,0,91117,0
81034,91117,0,91116,1
81034,91116,1,91124,0
81034,91124,0,91115,0
81034,91115,0,92388,0
81066,91070,0,91072,0
81066,91072,0,91088,0
81066,91088,0,91100,0
81066,91100,0,91120,0
81066,91120,0,91138,0
81066,91138,0,91106,0
81348,91056,0,91058,0
81348,91058,0,91143,0
81348,91143,0,91087,0
81348,91087,0,91107,0
81348,91107,0,91144,0
82751,91073,1,91101,0
82751,91101,0,91535,0
82751,91535,0,91533,1
82751,91533,1,84921,0
82751,84921,0,84832,0
82751,84832,0,84924,1
82751,84924,1,84947,1
82751,84947,1,84909,0
82751,84909,0,84920,1
82751,84920,1,66222,1
82751,66222,1,88494,0
82751,88494,0,86230,0
82751,86230,0,86235,0
82751,86235,0,86190,0
82751,86190,0,86204,0
82751,86204,0,86195,0
82751,86195,0,86199,0
82751,86199,0,86212,0
82751,86212,0,86210,0
82751,86210,0,86209,0
82751,86209,0,86227,0
82751,86227,0,86203,0
82751,86203,0,86198,0
82751,86198,0,86214,0
82751,86214,0,86188,0
82751,86188,0,86216,0
82751,86216,0,86887,0
82751,86887,0,86792,1
82751,86792,1,86902,0
82751,86902,0,86901,0
82751,86901,0,86781,1
82751,86781,1,86802,1
82751,86802,1,86798,0
82751,86798,0,93835,0
82751,93835,0,93822,0
82751,93822,0,86345,0
82751,86345,0,86313,0
82751,86313,0,86314,0
82751,86314,0,86552,0
82751,86552,0,86317,0
82751,86317,0,86361,0
82751,86361,0,86537,0
82751,86537,0,84589,1
82751,84589,1,85046,0
82751,85046,0,84638,0
82751,84638,0,84632,1
82751,84632,1,85086,1
82751,85086,1,87549,0
82751,87549,0,87575,0
82751,87575,0,87578,0
82751,87578,0,87581,1
82751,87581,1,87609,1
82751,87609,1,87614,1
82751,87614,1,87817,0
82751,87817,0,87869,0
82751,87869,0,87931,0
82751,87931,0,88112,0
82751,88112,0,88117,0
82751,88117,0,88116,0
82751,88116,0,88102,0
82751,88102,0,88191,0
82751,88191,0,88142,0
82751,88142,0,88131,0
86338,91084,0,91141,0
86338,91141,0,91121,1
86338,91121,1,91130,0
86338,91130,0,91106,0
86338,91106,0,91101,0
86338,91101,0,91086,1
86338,91086,1,91135,0
86338,91135,0,92359,1
86338,92359,1,92373,1
86338,92373,1,88205,1
86338,88205,1,88237,1
86338,88237,1,88209,1
86338,88209,1,59714,0
86338,59714,0,59717,1
86338,59717,1,59714,0
86338,59714,0,59716,1
86338,59716,1,59714,0
86338,59714,0,59715,0
86338,59715,0,88333,1
86338,88333,1,88350,1
86338,88350,1,88314,1
86338,88314,1,107795,1
86338,107795,1,107681,1
86338,107681,1,107865,1
86338,107865,1,59682,1
86338,59682,1,59638,0
86338,59638,0,59639,0
86338,59639,0,59640,1
86338,59640,1,59641,1
86338,59641,1,59610,0
86338,59610,0,59611,1
86338,59611,1,59612,1
86338,59612,1,59613,1
86338,59613,1,59650,0
86338,59650,0,59651,0
86338,59651,0,59652,1
86338,59652,1,59653,1
86338,59653,1,59730,0
86338,59730,0,59731,0
86338,59731,0,59732,1
86338,59732,1,59733,0
86338,59733,0,59686,0
86338,59686,0,59687,1
86338,59687,1,59688,1
86338,59688,1,59689,1
86338,59689,1,59678,1
86338,59678,1,59806,1
86338,59806,1,59718,1
86342,91082,0,91521,0
86342,91521,0,91514,1
86342,91514,1,88399,0
86342,88399,0,88225,0
86342,88225,0,88222,0
86342,88222,0,88205,0
86342,88205,0,88198,0
86342,88198,0,88396,1
86342,88396,1,88261,1
86342,88261,1,88401,1
86342,88401,1,88355,1
86342,88355,1,88299,1
86342,88299,1,88371,1
86342,88371,1,107753,0
86342,107753,0,107754,0
86342,107754,0,107755,1
86342,107755,1,107756,0
86342,107756,0,107738,1
86342,107738,1,107724,1
86342,107724,1,107710,1
86342,107710,1,59642,0
86342,59642,0,59643,0
86342,59643,0,59644,1
86342,59644,1,59645,1
86342,59645,1,59726,0
86342,59726,0,59727,1
86342,59727,1,59728,1
86342,59728,1,59729,0
86342,59729,0,59762,0
86342,59762,0,59763,1
86342,59763,1,59764,1
86342,59764,1,59765,1
86342,59765,1,59722,0
86342,59722,0,59723,0
86342,59723,0,59724,1
86342,59724,1,59725,1
86342,59725,1,59794,0
86342,59794,0,59795,0
86342,59795,0,59796,1
86342,59796,1,59797,1
86342,59797,1,59686,0
86342,59686,0,59687,0
86342,59687,0,59688,1
86342,59688,1,59689,0
86342,59689,0,59754,0
86342,59754,0,59755,0
86342,59755,0,59756,1
86342,59756,1,59757,1
86342,59757,1,59634,1
86342,59634,1,59638,1
86342,59638,1,59718,0
86342,59718,0,59719,0
86342,59719,0,59720,1
86343,91064,0,91078,0
86343,91078,0,91540,0
86343,91540,0,91098,0
86343,91098,0,91127,0
86343,91127,0,91531,0
86343,91531,0,91114,0
86343,91114,0,91535,0
86343,91535,0,92357,1
86343,92357,1,92386,1
86343,92386,1,88243,0
86343,88243,0,88233,0
86343,88233,0,88398,1
86343,88398,1,88401,1
86343,88401,1,88249,1
86343,88249,1,88319,0
86343,88319,0,88347,0
86343,88347,0,88289,0
86343,88289,0,88312,1
86343,88312,1,88294,0
86343,88294,0,88321,1
86343,88321,1,88335,1
86343,88335,1,88365,0
86343,88365,0,88366,0
86343,88366,0,88310,1
86343,88310,1,107710,0
86343,107710,0,107711,0
86343,107711,0,107712,1
86343,107712,1,107713,1
86343,107713,1,107731,1
86343,107731,1,107674,0
86343,107674,0,107678,1
86343,107678,1,107679,1
86343,107679,1,107680,1
86343,107680,1,107830,0
86343,107830,0,107834,1
86343,107834,1,107835,1
86343,107835,1,107836,1
86343,107836,1,107837,0
86343,107837,0,107838,1
86343,107838,1,107839,1
86343,107839,1,107840,1
86343,107840,1,107703,0
86343,107703,0,107704,1
86343,107704,1,107705,1
86343,107705,1,107706,1
86343,107706,1,107696,0
86343,107696,0,107697,1
86343,107697,1,107698,0
86343,107698,0,107699,1
86343,107699,1,107858,0
86343,107858,0,107859,1
86343,107859,1,107860,1
86343,107860,1,107861,1
86343,107861,1,107724,0
86343,107724,0,107725,1
86343,107725,1,107726,1
86343,107726,1,107727,1
86343,107727,1,107823,0
86343,107823,0,107827,1
86343,107827,1,107828,1
86343,107828,1,107829,1
86343,107829,1,88300,1
86343,88300,1,88307,1
86343,88307,1,107667,0
86343,107667,0,107671,1
86343,107671,1,107672,1
86343,107672,1,107673,1
86343,107673,1,107816,0
86343,107816,0,107817,1
86343,107817,1,107818,1
86343,107818,1,107819,1
86343,107819,1,107795,0
86343,107795,0,107799,1
86343,107799,1,107800,1
86343,107800,1,107801,1
86343,107801,1,107774,0
86343,107774,0,107775,1
86343,107775,1,107776,1
86343,107776,1,107777,1
86343,107777,1,107802,0
86343,107802,0,107806,1
86343,107806,1,107807,1
86343,107807,1,107808,1
86343,107808,1,107760,0
86343,107760,0,107764,1
86343,107764,1,107765,1
86343,107765,1,107766,1
86343,107766,1,107745,0
86343,107745,0,107746,1
86343,107746,1,107747,1
86343,107747,1,107748,1
86343,107748,1,107865,0
86343,107865,0,107866,1
86343,107866,1,107867,1
86343,107867,1,107868,1
86343,107868,1,107753,1
86343,107753,1,107767,0
86343,107767,0,107768,1
86343,107768,1,107769,1
86343,107769,1,107770,1
86343,107770,1,107851,0
86343,107851,0,107855,1
86343,107855,1,107856,1
86343,107856,1,107857,1
86343,107857,1,59794,0
86343,59794,0,59795,0
86343,59795,0,59796,0
86343,59796,0,59797,1
86343,59797,1,59602,0
86343,59602,0,59603,0
86343,59603,0,59604,0
86343,59604,0,59605,1
86343,59605,1,59802,0
86343,59802,0,59803,0
86343,59803,0,59804,1
86343,59804,1,59805,1
86343,59805,1,59722,0
86343,59722,0,59723,0
86343,59723,0,59724,1
86343,59724,1,59725,1
86343,59725,1,59726,0
86343,59726,0,59727,0
86343,59727,0,59728,1
86343,59728,1,59729,1
86343,59729,1,59642,0
86343,59642,0,59643,0
86343,59643,0,59644,1
86343,59644,1,59645,1
86343,59645,1,59682,0
86343,59682,0,59683,0
86343,59683,0,59684,1
86343,59684,1,59685,1
86343,59685,1,59762,0
86343,59762,0,59763,0
86343,59763,0,59764,1
86343,59764,1,59765,1
86343,59765,1,59690,0
86343,59690,0,59691,0
86343,59691,0,59692,0
86343,59692,0,59693,1
86343,59693,1,59798,0
86343,59798,0,59799,0
86343,59799,0,59800,1
86343,59800,1,59801,1
86343,59801,1,59730,0
86343,59730,0,59731,0
86343,59731,0,59732,1
86343,59732,1,59733,1
86343,59733,1,59598,0
86343,59598,0,59599,0
86343,59599,0,59600,1
86343,59600,1,59601,1
86343,59601,1,59754,0
86343,59754,0,59755,0
86343,59755,0,59756,1
86343,59756,1,59757,1
86343,59757,1,59678,0
86343,59678,0,59679,1
86343,59679,1,59680,1
86343,59680,1,59681,1
86343,59681,1,59770,0
86343,59770,0,59771,0
86343,59771,0,59772,1
86343,59772,1,59773,1
86343,59773,1,59758,1
86343,59758,1,59606,0
86343,59606,0,59607,0
86343,59607,0,59608,1
86343,59608,1,59609,1
86343,59609,1,59610,1
86343,59610,1,59638,0
86343,59638,0,59639,0
86343,59639,0,59640,1
86343,59640,1,59641,1
86343,59641,1,59646,1
86343,59646,1,59650,0
86343,59650,0,59651,0
86343,59651,0,59652,1
86343,59652,1,59653,0
86346,91513,0,91065,1
86346,91065,1,91136,1
86346,91136,1,92358,1
86346,92358,1,88259,1
86346,88259,1,88399,1
86346,88399,1,88206,1
86346,88206,1,88307,1
86346,88307,1,88314,1
86346,88314,1,88348,1
86346,88348,1,107816,1
86346,107816,1,107858,0
86346,107858,0,107862,1
86346,107862,1,107863,1
86346,107863,1,107864,1
86346,107864,1,107788,0
86346,107788,0,107792,1
86346,107792,1,107793,1
86346,107793,1,107794,1
86378,91064,0,91061,1
86378,91061,1,91520,1
86378,91520,1,91090,0
86378,91090,0,91150,0
86378,91150,0,91121,0
86378,91121,0,91522,0
86378,91522,0,91529,0
86378,91529,0,92376,1
86378,92376,1,92362,1
86378,92362,1,59690,1
86378,59690,1,59718,0
86378,59718,0,59719,0
86378,59719,0,59720,1
86378,59720,1,59721,0
86378,59721,0,59802,0
86378,59802,0,59803,0
86378,59803,0,59804,1
86378,59804,1,59805,1
86378,59805,1,59598,1
86378,59598,1,59606,1
86378,59606,1,59682,1
80945,91090,0,91150,0
80945,91150,0,91119,0
80945,91119,0,91135,0
80945,91135,0,91106,0
80945,91106,0,91143,0
80945,91143,0,92377,1
80946,91537,0,91131,0
80946,91131,0,91121,0
80946,91121,0,91096,0
80946,91096,0,91151,0
80946,91151,0,91140,0
80946,91140,0,92381,0
